3 0.2302751296875 0.2536627109375 0.23833854531249998 0.254663534375 0.23651665 0.24217670781249998 0.22935718125000001 0.24271230312499997 0.2302751296875 0.2536627109375
3 0.2164274578125 0.179308625 0.218249353125 0.1917954515625 0.2258317375 0.19032158593749998 0.22549705000000003 0.179257803125 0.22326623906249998 0.1771232375 0.2164274578125 0.179308625
3 0.2415863265625 0.2380366671875 0.23258302656250002 0.19171871093749998 0.2180306796875 0.19454739999999998 0.2270339796875 0.24086535625 0.2415863265625 0.2380366671875
3 0.254921640625 0.3154223640625 0.24363344531250003 0.2573496296875 0.2302359546875 0.25995383906249997 0.24152415 0.31802657343749996 0.254921640625 0.3154223640625
3 0.3217291484375 0.7272668437500001 0.32514048125 0.73858865 0.33229995 0.7380530546874999 0.3335687 0.7352382421875 0.331061315625 0.7254528546875 0.3217291484375 0.7272668437500001
3 0.3365829984375 0.800569284375 0.3394110703125 0.8120044640625 0.34741637187499996 0.8095923265625 0.34533190468749997 0.7988686703125001 0.3431010921875 0.7967341015625 0.3365829984375 0.800569284375
3 0.34968785625 0.791819771875 0.3400528046875 0.7422517234375 0.32457307343749997 0.745260678125 0.3342081265625 0.7948287265625 0.34968785625 0.791819771875
3 0.35841625312500003 0.8435586859375 0.3528026203125 0.81467905 0.34005838125 0.8171562781249999 0.3456720140625 0.8460359140625 0.35841625312500003 0.8435586859375
3 0.6744708187499999 0.2584307546875 0.659517165625 0.1815008796875 0.64625965625 0.184077878125 0.661213309375 0.261007753125 0.6744708187499999 0.2584307546875
3 0.698627125 0.38002615156249997 0.6834024921874999 0.3017022015625 0.6696433796875 0.30437670156249996 0.6848680125 0.382700653125 0.698627125 0.38002615156249997
3 0.643894953125 0.161278259375 0.6457168484375 0.1737650859375 0.6536199203125 0.1739410125 0.654728328125 0.170301303125 0.6522209421875 0.160515915625 0.643894953125 0.161278259375
3 0.6744646015625 0.281177596875 0.6680487359375 0.28242471406249997 0.6667799859375 0.28523952656249996 0.669287371875 0.2950249140625 0.6780362765625 0.2933243 0.6766954140625 0.2833121625 0.6744646015625 0.281177596875
1 0.5234375 0.6640625 0.528125 0.6734375 0.525 0.678125 0.5203125 0.6796875 0.5171875 0.6765625 0.515625 0.665625 0.521875 0.6640625
1 0.553125 0.8265625 0.5578125 0.8296875 0.559375 0.834375 0.5578125 0.8390625 0.55 0.8421875 0.5484375 0.8296875 0.5515625 0.828125
1 0.36875 0.88125 0.378125 0.88125 0.3796875 0.884375 0.3796875 0.8921875 0.371875 0.89375 0.36875 0.8828125
1 0.3421875 0.80546875 0.0140625 0.0171875
1 0.48984375 0.67578125 0.0140625 0.0171875
1 0.59921875 0.8234375 0.0140625 0.0171875
1 0.6015625 0.6484375 0.6046875 0.653125 0.603125 0.6546875 0.6046875 0.6609375 0.6015625 0.6640625 0.596875 0.6640625 0.59375 0.6578125 0.5953125 0.65 0.6 0.65
1 0.5390625 0.8296875 0.5421875 0.8359375 0.540625 0.84375 0.5328125 0.84375 0.53125 0.8328125 0.5375 0.8296875
1 0.3 0.234375 0.303125 0.2375 0.3046875 0.2453125 0.2984375 0.25 0.2921875 0.2453125 0.290625 0.2375 0.2984375 0.234375
1 0.578125 0.4859375 0.5859375 0.484375 0.5890625 0.496875 0.58125 0.4984375 0.578125 0.4875
1 0.3265625 0.61875 0.3296875 0.628125 0.328125 0.63125 0.3203125 0.63125 0.31875 0.628125 0.31875 0.6203125 0.325 0.61875
1 0.2390625 0.24375 0.240625 0.2546875 0.234375 0.2578125 0.23125 0.25625 0.2296875 0.2453125 0.234375 0.2421875 0.2375 0.24375
1 0.6515625 0.1609375 0.6546875 0.1703125 0.653125 0.1765625 0.646875 0.1765625 0.6453125 0.1703125 0.6453125 0.1625 0.65 0.1625
1 0.2171875 0.18125 0.225 0.1796875 0.228125 0.1875 0.2265625 0.1921875 0.21875 0.19375 0.2171875 0.1828125
1 0.759375 0.4359375 0.7578125 0.4296875 0.759375 0.4234375 0.7671875 0.4234375 0.76875 0.4296875 0.7671875 0.4359375 0.7609375 0.4359375
1 0.56875 0.8234375 0.571875 0.825 0.575 0.8359375 0.56875 0.8390625 0.565625 0.8375 0.5640625 0.825 0.5671875 0.825
1 0.5234375 0.8328125 0.528125 0.8453125 0.5203125 0.8484375 0.5171875 0.8453125 0.515625 0.8359375 0.521875 0.8328125
1 0.7875 0.5375 0.790625 0.5421875 0.790625 0.5515625 0.7859375 0.553125 0.78125 0.55 0.7796875 0.540625 0.7859375 0.5390625
1 0.55625 0.6578125 0.5578125 0.671875 0.553125 0.6734375 0.55 0.6734375 0.5484375 0.6703125 0.546875 0.659375 0.5546875 0.6578125
1 0.66875 0.284375 0.6765625 0.2828125 0.678125 0.290625 0.6765625 0.296875 0.6703125 0.296875 0.66875 0.29375 0.6703125 0.2921875 0.6671875 0.2875 0.66875 0.2859375
1 0.296875 0.4703125 0.3 0.475 0.3015625 0.484375 0.296875 0.4875 0.2921875 0.4859375 0.2890625 0.475 0.2953125 0.471875
1 0.2859375 0.321875 0.2875 0.3328125 0.2828125 0.3359375 0.278125 0.334375 0.2765625 0.325 0.284375 0.321875
1 0.6265625 0.8125 0.634375 0.8125 0.6359375 0.81875 0.6359375 0.8234375 0.6328125 0.8265625 0.628125 0.8265625 0.6265625 0.8140625
1 0.346875 0.765625 0.35 0.7640625 0.35625 0.765625 0.35625 0.7765625 0.35 0.778125 0.3484375 0.778125 0.346875 0.7671875
1 0.315625 0.359375 0.3265625 0.3578125 0.328125 0.365625 0.3265625 0.3703125 0.3171875 0.371875 0.315625 0.3609375
1 0.46875 0.675 0.4765625 0.6734375 0.4796875 0.678125 0.478125 0.6875 0.471875 0.6890625 0.46875 0.6765625
1 0.584375 0.8203125 0.5890625 0.8234375 0.590625 0.8328125 0.584375 0.8359375 0.58125 0.834375 0.5796875 0.821875 0.5828125 0.821875
1 0.2828125 0.40625 0.2875 0.4109375 0.2875 0.4203125 0.2796875 0.421875 0.2765625 0.4109375 0.2828125 0.4078125
1 0.25390625 0.1859375 0.0140625 0.0171875
1 0.490625 0.8390625 0.49375 0.840625 0.4953125 0.853125 0.4875 0.853125 0.4859375 0.840625 0.4890625 0.8390625
1 0.5390625 0.6609375 0.5421875 0.6640625 0.5421875 0.675 0.5375 0.6765625 0.534375 0.6765625 0.53125 0.6640625 0.5375 0.6609375
1 0.509375 0.8375 0.5125 0.846875 0.5109375 0.85 0.5046875 0.8515625 0.5 0.8390625 0.5046875 0.8359375 0.5078125 0.8375
1 0.571875 0.6546875 0.5734375 0.6671875 0.56875 0.6703125 0.5640625 0.66875 0.5625 0.6578125 0.5703125 0.6546875
1 0.25 0.321875 0.2546875 0.325 0.25625 0.3359375 0.246875 0.3375 0.2453125 0.3265625 0.2484375 0.3234375
1 0.6046875 0.59921875 0.0140625 0.0171875
1 0.5078125 0.6671875 0.5109375 0.6796875 0.5046875 0.6828125 0.5015625 0.68125 0.5 0.66875 0.50625 0.6671875
1 0.453125 0.678125 0.4609375 0.6765625 0.4640625 0.6890625 0.4640625 0.690625 0.45625 0.6921875 0.453125 0.6796875
1 0.3953125 0.721875 0.3984375 0.728125 0.3984375 0.734375 0.39375 0.7375 0.3875 0.734375 0.3859375 0.7265625 0.3875 0.7234375 0.39375 0.7234375
1 0.4109375 0.803125 0.4140625 0.8078125 0.4140625 0.815625 0.4109375 0.81875 0.4046875 0.815625 0.403125 0.8078125 0.4046875 0.8046875 0.409375 0.8046875
1 0.3296875 0.7265625 0.3328125 0.728125 0.334375 0.734375 0.334375 0.7390625 0.3296875 0.740625 0.325 0.740625 0.321875 0.7328125 0.328125 0.7265625
3 0.0643180046875 0.292029528125 0.03998585 0.16685144062499999 0.0283848015625 0.16910645625 0.05271695625 0.29428454375 0.0643180046875 0.292029528125
3 0.1976154296875 0.5130380828125001 0.12693913750000002 0.149440075 0.116825403125 0.15140598593750001 0.187501696875 0.5150039937499999 0.1976154296875 0.5130380828125001
3 0.174665890625 0.299155503125 0.14507766875 0.1469372984375 0.1339607265625 0.1490982125 0.1635489484375 0.3013164171875 0.174665890625 0.299155503125
3 0.2569239171875 0.6309252234375 0.2277974859375 0.481082721875 0.21684968906250002 0.4832107578125 0.245976121875 0.633053259375 0.2569239171875 0.6309252234375
3 0.19739755 0.188015640625 0.18389981718749998 0.1185758296875 0.1705256578125 0.121175503125 0.184023390625 0.1906153140625 0.19739755 0.188015640625
3 0.2309178359375 0.3616458796875 0.2093467984375 0.2506725140625 0.196882525 0.2530953234375 0.2184535625 0.3640686890625 0.2309178359375 0.3616458796875
3 0.228953009375 0.2765840109375 0.1978126609375 0.1163808046875 0.18756477656249998 0.1183727921875 0.218705125 0.278575996875 0.228953009375 0.2765840109375
3 0.2261667953125 0.17060549687499998 0.214883409375 0.112557509375 0.2033756828125 0.1147943859375 0.21465906875 0.172842371875 0.2261667953125 0.17060549687499998
3 0.258633325 0.1725899078125 0.24570160625 0.10606198124999999 0.23406556093750003 0.1083237984375 0.24699728125 0.17485172499999999 0.258633325 0.1725899078125
3 0.390501665625 0.297513353125 0.36743301875 0.1788354515625 0.355528675 0.181149421875 0.378597321875 0.2998273234375 0.390501665625 0.297513353125
3 0.4460636921875 0.5004296781249999 0.38305984375 0.1763029828125 0.3715287875 0.17854439375 0.4345326359375 0.5026710890625 0.4460636921875 0.5004296781249999
3 0.64415786875 0.3616147203125 0.6164055828125 0.21884158281250002 0.6063968328125 0.22078708749999998 0.6341491203125 0.3635602234375 0.64415786875 0.3616147203125
3 0.7027773609375 0.6592466703125 0.6749272640624999 0.515970346875 0.6618214046875 0.5185178671874999 0.6896715015625 0.661794190625 0.7027773609375 0.6592466703125
3 0.78875774375 0.7651264859375 0.76173341875 0.6260983812500001 0.7502081953124999 0.6283386578125 0.7772325203125 0.7673667625 0.78875774375 0.7651264859375