3 0.3596528875 0.162751940625 0.36653785625 0.1670667421875 0.37016381875 0.1549798671875 0.3634487859375 0.152439559375 0.3596528875 0.162751940625
3 0.37852602812499997 0.089511975 0.374900065625 0.10159884999999999 0.382394921875 0.1034675265625 0.3867673484375 0.09329889062499999 0.385647653125 0.090421534375 0.37852602812499997 0.089511975
3 0.3765081640625 0.153370253125 0.3879232171875 0.1075869703125 0.37353885625 0.104000546875 0.3621238015625 0.14978382968749998 0.3765081640625 0.153370253125
3 0.3558894546875 0.2291412625 0.370201471875 0.1717388921875 0.3569586359375 0.1684370828125 0.34264661875 0.22583945156250002 0.3558894546875 0.2291412625
3 0.24238462031250002 0.6306331921874999 0.2406915359375 0.6423359265624999 0.2474065703125 0.6448762343750001 0.2497460390625 0.64286134375 0.2516090609375 0.6329331046875 0.24238462031250002 0.6306331921874999
3 0.22486783125 0.703345275 0.22259821875000002 0.7149042609375 0.2308728984375 0.716101309375 0.2335157421875 0.705501440625 0.2323960484375 0.7026240828125 0.22486783125 0.703345275
3 0.24044256874999997 0.7009538734375 0.252658609375 0.6519580171875 0.23735757031250002 0.6481430390625 0.22514152968749998 0.6971388968750001 0.24044256874999997 0.7009538734375
3 0.2264873734375 0.751534034375 0.23360475625000002 0.722987771875 0.22100763125 0.71984695625 0.21389024843749999 0.74839321875 0.2264873734375 0.751534034375
3 0.7602158359375 0.354798465625 0.77917519375 0.278756634375 0.7660707234374999 0.2754893234375 0.747111365625 0.3515311546875 0.7602158359375 0.354798465625
3 0.73072045 0.4752102171875 0.7500233765625001 0.397790403125 0.73642309375 0.394399471875 0.717120165625 0.4718192859375 0.73072045 0.4752102171875
3 0.7735631109375001 0.2538264828125 0.7699371484374999 0.26591335781250003 0.7770254125 0.269412784375 0.779568178125 0.26658252031249996 0.7814311984375 0.2566542796875 0.7735631109375001 0.2538264828125
3 0.7505969703125001 0.37541147812500003 0.7442551671875 0.3738302890625 0.7419156984375 0.37584517812499996 0.740052678125 0.38577341875000004 0.7487005890625 0.387929584375 0.751716665625 0.378288834375 0.7505969703125001 0.37541147812500003
1 0.4453125 0.6578125 0.453125 0.659375 0.453125 0.66875 0.4484375 0.6734375 0.4421875 0.671875 0.4421875 0.665625 0.4453125 0.659375
1 0.4046875 0.8203125 0.4109375 0.8203125 0.4140625 0.8234375 0.409375 0.8328125 0.403125 0.8328125 0.4015625 0.83125 0.4046875 0.821875
1 0.2203125 0.7921875 0.225 0.7921875 0.2296875 0.7953125 0.228125 0.803125 0.225 0.80625 0.21875 0.8046875 0.2203125 0.79375
1 0.225 0.70625 0.2296875 0.7046875 0.234375 0.7078125 0.2328125 0.71875 0.2234375 0.7171875 0.225 0.7078125
1 0.4125 0.6515625 0.415625 0.65 0.421875 0.6515625 0.4203125 0.6640625 0.415625 0.6625 0.4125 0.6640625 0.4109375 0.6609375 0.4125 0.653125
1 0.453125 0.8296875 0.459375 0.8328125 0.4578125 0.84375 0.4546875 0.8453125 0.4484375 0.84375 0.4484375 0.8375 0.4515625 0.83125
1 0.5234375 0.6765625 0.5296875 0.678125 0.528125 0.690625 0.525 0.6921875 0.5203125 0.690625 0.51875 0.684375 0.521875 0.678125
1 0.3953125 0.815625 0.396875 0.8234375 0.3953125 0.828125 0.390625 0.8296875 0.3859375 0.8265625 0.3859375 0.8234375 0.3875 0.8171875 0.39375 0.815625
1 0.4234375 0.1734375 0.425 0.175 0.4296875 0.1734375 0.4328125 0.1765625 0.43125 0.1875 0.425 0.1890625 0.421875 0.1875 0.4203125 0.1828125 0.421875 0.175
1 0.58125 0.5203125 0.5859375 0.5234375 0.5828125 0.5359375 0.575 0.534375 0.5765625 0.5234375 0.5796875 0.521875
1 0.284375 0.5328125 0.29375 0.534375 0.2921875 0.5453125 0.2890625 0.546875 0.2828125 0.5453125 0.284375 0.534375
1 0.36484375 0.159375 0.0140625 0.0171875
1 0.775 0.25625 0.78125 0.2578125 0.7796875 0.2703125 0.7765625 0.271875 0.7703125 0.2703125 0.7734375 0.2578125
1 0.378125 0.0921875 0.3828125 0.0921875 0.3875 0.0953125 0.3859375 0.103125 0.38125 0.10625 0.3765625 0.1046875 0.375 0.1 0.378125 0.09375
1 0.7671875 0.540625 0.775 0.54375 0.771875 0.55625 0.7625 0.553125 0.765625 0.5421875
1 0.4203125 0.8234375 0.428125 0.825 0.428125 0.8328125 0.425 0.8375 0.4171875 0.834375 0.4203125 0.825
1 0.378125 0.8109375 0.3828125 0.8140625 0.3796875 0.8265625 0.371875 0.825 0.371875 0.815625 0.3765625 0.8109375
1 0.7390625 0.6546875 0.7453125 0.65625 0.746875 0.659375 0.74375 0.66875 0.7390625 0.6703125 0.734375 0.6671875 0.7375 0.65625
1 0.475 0.665625 0.484375 0.6671875 0.4828125 0.678125 0.4796875 0.68125 0.471875 0.678125 0.475 0.6671875
1 0.74375 0.3765625 0.7515625 0.378125 0.75 0.3890625 0.746875 0.3921875 0.7421875 0.390625 0.740625 0.3859375 0.74375 0.378125
1 0.3203125 0.3890625 0.325 0.3875 0.3296875 0.3890625 0.3265625 0.403125 0.31875 0.4015625 0.3203125 0.390625
1 0.3765625 0.246875 0.38125 0.2484375 0.3796875 0.259375 0.3765625 0.2609375 0.3703125 0.2578125 0.371875 0.2484375 0.375 0.246875
1 0.4828125 0.8375 0.4890625 0.8390625 0.4890625 0.846875 0.4859375 0.853125 0.4796875 0.8515625 0.4828125 0.8390625
1 0.2484375 0.6765625 0.253125 0.6765625 0.2578125 0.6796875 0.2546875 0.6890625 0.2515625 0.690625 0.246875 0.6890625 0.2484375 0.678125
1 0.3921875 0.2953125 0.403125 0.296875 0.4015625 0.3078125 0.3984375 0.309375 0.3890625 0.30625 0.3921875 0.296875
1 0.3984375 0.646875 0.4046875 0.646875 0.4078125 0.65 0.4046875 0.659375 0.3984375 0.6609375 0.3953125 0.659375 0.3984375 0.6484375
1 0.440625 0.8265625 0.44375 0.8296875 0.4421875 0.840625 0.434375 0.840625 0.4328125 0.8375 0.434375 0.8296875 0.4390625 0.8265625
1 0.334375 0.3375 0.3375 0.325 0.3453125 0.325 0.3453125 0.3328125 0.34375 0.3375 0.340625 0.3390625 0.3359375 0.3375
1 0.4078125 0.10625 0.4171875 0.1078125 0.4140625 0.1203125 0.40625 0.1203125 0.4046875 0.115625 0.4078125 0.1078125
1 0.3421875 0.8046875 0.3453125 0.803125 0.35 0.8046875 0.346875 0.81875 0.340625 0.815625 0.3421875 0.80625
1 0.4609375 0.6609375 0.46875 0.6640625 0.4671875 0.675 0.4609375 0.6765625 0.45625 0.671875 0.4609375 0.6625
1 0.3578125 0.8078125 0.3640625 0.8078125 0.3671875 0.8109375 0.3640625 0.821875 0.359375 0.821875 0.35625 0.8203125 0.3578125 0.809375
1 0.490625 0.6703125 0.5 0.671875 0.4984375 0.68125 0.4953125 0.684375 0.4875 0.6828125 0.490625 0.671875
1 0.3421875 0.2359375 0.35 0.234375 0.3515625 0.2375 0.35 0.2484375 0.340625 0.246875 0.3421875 0.2375
1 0.55625 0.628125 0.559375 0.6296875 0.5578125 0.63125 0.559375 0.6359375 0.5546875 0.64375 0.5484375 0.6421875 0.55 0.6296875 0.5546875 0.628125
1 0.4296875 0.653125 0.4359375 0.6546875 0.4375 0.6578125 0.4359375 0.6671875 0.434375 0.66875 0.4265625 0.6671875 0.428125 0.6546875
1 0.3828125 0.6421875 0.390625 0.64375 0.3875 0.6578125 0.3796875 0.65625 0.3828125 0.64375
1 0.3015625 0.6578125 0.30625 0.65625 0.3125 0.659375 0.3109375 0.6703125 0.303125 0.6703125 0.3 0.6671875 0.3015625 0.659375
1 0.290625 0.7375 0.2921875 0.7453125 0.290625 0.75 0.2859375 0.7515625 0.2828125 0.7515625 0.28125 0.7453125 0.2828125 0.7390625 0.2890625 0.7375
1 0.2515625 0.634375 0.253125 0.6375 0.25 0.646875 0.240625 0.6453125 0.240625 0.6375 0.246875 0.6328125 0.25 0.634375
3 0.193030134375 0.1273875734375 0.2238802578125 0.0036544859375000002 0.212413128125 0.0007954078124999999 0.181563003125 0.124528496875 0.193030134375 0.1273875734375
3 0.220436378125 0.384023275 0.3100450609375 0.024622476562500002 0.30004807499999997 0.022129948437499998 0.2104393921875 0.381530746875 0.220436378125 0.384023275
3 0.290027715625 0.1804809328125 0.3275418734375 0.030019865624999996 0.316553259375 0.027280096875 0.279039103125 0.1777411640625 0.290027715625 0.1804809328125
3 0.2243668640625 0.5159301578125 0.2612955296875 0.3678173703125 0.250474109375 0.3651192875 0.21354544375 0.513232075 0.2243668640625 0.5159301578125
3 0.3575993296875 0.089360825 0.3747127625 0.0207225953125 0.3614929890625 0.017426534375 0.34437955625 0.0860647640625 0.3575993296875 0.089360825
3 0.3145997171875 0.260889546875 0.3419490890625 0.15119720781249998 0.329628696875 0.1481253890625 0.302279325 0.257817728125 0.3145997171875 0.260889546875
3 0.348767678125 0.18296694062500002 0.38824973749999997 0.0246130484375 0.3781201515625 0.022087459375 0.338638090625 0.18044135156250002 0.348767678125 0.18296694062500002
3 0.39103096718749997 0.0857402828125 0.40533688593750006 0.028362376562500003 0.3939619984375 0.0255262984375 0.37965607968750004 0.08290420625 0.39103096718749997 0.0857402828125
3 0.4196169875 0.10125971874999999 0.4360127859375 0.0354997609375 0.4245110625 0.032632059375 0.4081152640625 0.0983920171875 0.4196169875 0.10125971874999999
3 0.48633536250000003 0.2702087796875 0.515583515625 0.1529008421875 0.5038165890624999 0.1499670171875 0.4745684359375 0.2672749546875 0.48633536250000003 0.2702087796875
3 0.4509355140625 0.477594953125 0.530816496875 0.1572098265625 0.5194185499999999 0.154368 0.4395375671875 0.474753125 0.4509355140625 0.477594953125
3 0.6891355453125 0.435504090625 0.7243219671875 0.2943790625 0.7144287546875 0.2919124078125 0.6792423328125 0.4330374359375 0.6891355453125 0.435504090625
3 0.6164781500000001 0.7300239125 0.65178858125 0.58840150625 0.6388340109375 0.58517156875 0.603523578125 0.726793975 0.6164781500000001 0.7300239125
3 0.649656096875 0.8623204953125001 0.68391955625 0.7248972671875 0.672527375 0.7220568765625 0.638263915625 0.8594801046875 0.649656096875 0.8623204953125001