3 0.19579831875 0.283422459375 0.1966386546875 0.290552584375 0.209243696875 0.28995840781250004 0.20672268906250002 0.28223410625 0.19579831875 0.283422459375
3 0.1436974796875 0.28223410625 0.1310924375 0.2828282828125 0.1302521015625 0.28995840781250004 0.132773109375 0.2917409390625 0.1436974796875 0.28995840781250004 0.1436974796875 0.28223410625
3 0.1935420171875 0.2814943546875 0.1463571421875 0.2814943546875 0.1463571421875 0.29631907343749997 0.1935420171875 0.29631907343749997 0.1935420171875 0.2814943546875
3 0.2720504203125 0.280995246875 0.21289075624999998 0.280995246875 0.21289075624999998 0.29464349375 0.2720504203125 0.29464349375 0.2720504203125 0.280995246875
3 0.7008403359375001 0.2828282828125 0.6890756296875 0.281639928125 0.6890756296875 0.2911467625 0.6991596640625 0.2917409390625 0.7016806718749999 0.28995840781250004 0.7008403359375001 0.2828282828125
3 0.7756302515625 0.2828282828125 0.763865546875 0.28223410625 0.7613445375000001 0.28936423125 0.763865546875 0.2911467625 0.774789915625 0.2911467625 0.7756302515625 0.2828282828125
3 0.7577773109375 0.2809982171875 0.7072815125 0.2809982171875 0.7072815125 0.29676767656249997 0.7577773109375 0.29676767656249997 0.7577773109375 0.2809982171875
3 0.8102310921875 0.2824806890625 0.780810925 0.2824806890625 0.780810925 0.2954634578125 0.8102310921875 0.2954634578125 0.8102310921875 0.2824806890625
3 0.2961596640625 0.7038532375 0.217789915625 0.7038532375 0.217789915625 0.7173588828125 0.2961596640625 0.7173588828125 0.2961596640625 0.7038532375
3 0.42013025156249995 0.7038532375 0.3403403359375 0.7038532375 0.3403403359375 0.717869875 0.42013025156249995 0.717869875 0.42013025156249995 0.7038532375
3 0.207563025 0.7052881765625 0.1949579828125 0.705882353125 0.19579831875 0.71420083125 0.20588235312499997 0.714795009375 0.209243696875 0.713012478125 0.207563025 0.7052881765625
3 0.3310924375 0.7052881765625 0.321008403125 0.7046939984375 0.3184873953125 0.7064765296875 0.3184873953125 0.713012478125 0.321008403125 0.714795009375 0.3310924375 0.71420083125 0.3310924375 0.7052881765625
1 0.6640625 0.484375 0.6734375 0.4828125 0.678125 0.484375 0.678125 0.490625 0.675 0.49375 0.6640625 0.4921875 0.6640625 0.4859375
1 0.83125 0.484375 0.84375 0.484375 0.84375 0.490625 0.8390625 0.49375 0.8328125 0.49375 0.8296875 0.490625 0.83125 0.4859375
1 0.8484375 0.2984375 0.8609375 0.3 0.859375 0.3078125 0.85 0.3078125 0.8484375 0.3
1 0.76953125 0.28671875 0.01484375 0.0109375
1 0.675 0.4515625 0.678125 0.453125 0.6765625 0.4609375 0.6640625 0.4609375 0.6640625 0.453125 0.6734375 0.4515625
1 0.83125 0.540625 0.8296875 0.5375 0.83125 0.53125 0.84375 0.5328125 0.8421875 0.540625 0.8328125 0.540625
1 0.675 0.5625 0.678125 0.5640625 0.678125 0.5703125 0.66875 0.5734375 0.6640625 0.571875 0.6640625 0.5640625 0.6734375 0.5625
1 0.83125 0.4671875 0.8421875 0.4671875 0.84375 0.4703125 0.8421875 0.4765625 0.83125 0.4765625 0.8296875 0.475 0.83125 0.46875
1 0.2 0.3453125 0.209375 0.3453125 0.2140625 0.3484375 0.2109375 0.35625 0.2015625 0.35625 0.1984375 0.3515625 0.2 0.346875
1 0.5 0.5796875 0.5125 0.5796875 0.5125 0.5875 0.5 0.5875 0.4984375 0.584375 0.5 0.58125
1 0.58125 0.2984375 0.59375 0.2984375 0.5921875 0.3078125 0.58125 0.3078125 0.58125 0.3
1 0.20234375 0.28671875 0.01484375 0.0109375
1 0.1953125 0.70625 0.209375 0.70625 0.2078125 0.7140625 0.1953125 0.7140625 0.1953125 0.7078125
1 0.140625 0.28125 0.14375 0.2828125 0.14375 0.290625 0.140625 0.2921875 0.13125 0.290625 0.13125 0.2828125 0.1390625 0.28125
1 0.4734375 0.7671875 0.4859375 0.7671875 0.4859375 0.7765625 0.4734375 0.7765625 0.4734375 0.76875
1 0.83671875 0.50390625 0.01484375 0.0109375
1 0.840625 0.4515625 0.84375 0.453125 0.84375 0.4609375 0.8296875 0.459375 0.83125 0.4515625 0.8390625 0.4515625
1 0.59765625 0.771875 0.01484375 0.0109375
1 0.675 0.5140625 0.678125 0.515625 0.678125 0.5234375 0.6640625 0.525 0.6640625 0.515625 0.6734375 0.515625
1 0.321875 0.7046875 0.33125 0.70625 0.3328125 0.7125 0.31875 0.7140625 0.31875 0.70625 0.3203125 0.70625
1 0.4328125 0.2984375 0.446875 0.3 0.4453125 0.3078125 0.4328125 0.3078125 0.43125 0.30625 0.4328125 0.3
1 0.29375 0.3140625 0.2953125 0.315625 0.29375 0.3234375 0.2828125 0.3234375 0.2828125 0.315625 0.2921875 0.3140625
1 0.8296875 0.5640625 0.84375 0.5640625 0.8421875 0.571875 0.83125 0.571875 0.8296875 0.565625
1 0.7296875 0.2984375 0.7421875 0.2984375 0.7421875 0.30625 0.7375 0.3078125 0.73125 0.3078125 0.7296875 0.3
1 0.325 0.3453125 0.3375 0.3453125 0.3359375 0.35625 0.325 0.35625 0.325 0.346875
1 0.6640625 0.4359375 0.678125 0.4359375 0.678125 0.44375 0.675 0.4453125 0.665625 0.4453125 0.6640625 0.4375
1 0.83671875 0.51953125 0.01484375 0.0109375
1 0.3671875 0.2984375 0.3796875 0.2984375 0.378125 0.3078125 0.3671875 0.3078125 0.365625 0.30625 0.3671875 0.3
1 0.1375 0.3234375 0.1390625 0.3140625 0.1515625 0.315625 0.15 0.3234375 0.1390625 0.3234375
1 0.83671875 0.42421875 0.01484375 0.0109375
1 0.675 0.4984375 0.678125 0.5 0.678125 0.5078125 0.675 0.509375 0.6640625 0.5078125 0.6640625 0.5 0.6734375 0.5
1 0.83125 0.4359375 0.84375 0.4375 0.8421875 0.4453125 0.83125 0.4453125 0.8296875 0.4421875 0.83125 0.4375
1 0.6640625 0.540625 0.665625 0.53125 0.678125 0.53125 0.6765625 0.540625 0.665625 0.540625
1 0.284375 0.28671875 0.01484375 0.0109375
1 0.6234375 0.5796875 0.6234375 0.5875 0.6203125 0.5890625 0.609375 0.5875 0.609375 0.58125 0.621875 0.5796875
1 0.6640625 0.4671875 0.678125 0.46875 0.6765625 0.4765625 0.665625 0.4765625 0.6640625 0.46875
1 0.6640625 0.4203125 0.678125 0.4203125 0.678125 0.428125 0.66875 0.4296875 0.6640625 0.428125 0.6640625 0.421875
1 0.7078125 0.3453125 0.7109375 0.35 0.709375 0.35625 0.696875 0.3546875 0.696875 0.346875 0.70625 0.3453125
1 0.7796875 0.3546875 0.78125 0.346875 0.79375 0.3484375 0.790625 0.35625 0.78125 0.3546875
1 0.6984375 0.28125 0.7015625 0.2828125 0.7015625 0.2921875 0.690625 0.2921875 0.6875 0.2875 0.6921875 0.28125 0.696875 0.28125
3 0.21271848750000003 0.100187165625 0.0851974796875 0.100187165625 0.0851974796875 0.112005346875 0.21271848750000003 0.112005346875 0.21271848750000003 0.100187165625
3 0.455100840625 0.1903802734375 0.0846974796875 0.1903802734375 0.0846974796875 0.200683303125 0.455100840625 0.200683303125 0.455100840625 0.1903802734375
3 0.24076890781250002 0.20764111718749997 0.08570168125 0.20764111718749997 0.08570168125 0.21896613125000003 0.24076890781250002 0.21896613125000003 0.24076890781250002 0.20764111718749997
3 0.5821386546875 0.22525549687500002 0.429491596875 0.22525549687500002 0.429491596875 0.23640819999999999 0.5821386546875 0.23640819999999999 0.5821386546875 0.22525549687500002
3 0.136008403125 0.24886215156249997 0.0652689078125 0.24886215156249997 0.0652689078125 0.26248663125 0.136008403125 0.26248663125 0.136008403125 0.24886215156249997
3 0.3128445375 0.24956327968749997 0.1997941171875 0.24956327968749997 0.1997941171875 0.26226084375 0.3128445375 0.26226084375 0.3128445375 0.24956327968749997
3 0.22897058750000002 0.2661229953125 0.0657689078125 0.2661229953125 0.0657689078125 0.2765626859375 0.22897058750000002 0.2765626859375 0.22897058750000002 0.2661229953125
3 0.1244075625 0.282326203125 0.065273109375 0.282326203125 0.065273109375 0.2940493171875 0.1244075625 0.2940493171875 0.1244075625 0.282326203125
3 0.1325504203125 0.31368686874999996 0.0647773109375 0.31368686874999996 0.0647773109375 0.3255407015625 0.1325504203125 0.3255407015625 0.1325504203125 0.31368686874999996
3 0.28034033593749996 0.419022578125 0.1594411765625 0.419022578125 0.1594411765625 0.4311497328125 0.28034033593749996 0.4311497328125 0.28034033593749996 0.419022578125
3 0.4901302515625 0.4352257875 0.15993697499999998 0.4352257875 0.15993697499999998 0.44697266718749995 0.4901302515625 0.44697266718749995 0.4901302515625 0.4352257875
3 0.391663865625 0.657718359375 0.24621848750000003 0.657718359375 0.24621848750000003 0.6679144390625 0.391663865625 0.6679144390625 0.391663865625 0.657718359375
3 0.6950126046875 0.6553149140625 0.549054621875 0.6553149140625 0.549054621875 0.6686660718749999 0.6950126046875 0.6686660718749999 0.6950126046875 0.6553149140625
3 0.815352940625 0.7211229953125 0.6737226890625 0.7211229953125 0.6737226890625 0.7328639328125 0.815352940625 0.7328639328125 0.815352940625 0.7211229953125