2 0.8822893593750001 1 0.9021636093750001 0.83813723125 0.790595709375 0.824438415625 0.7696558875 0.9949795765625 0.8105439546875 1 0.8822893593750001 1
7 0.4495823375 0.2333591453125 0.47211323125 0.049859743750000005 0.45800785 0.0481278203125 0.43547695624999994 0.231627221875 0.4495823375 0.2333591453125
5 0.33317741875 0.963055628125 0.44527132812500003 0.0501240046875 0.2051401484375 0.020639603125 0.09304623906250001 0.9335712265625 0.33317741875 0.963055628125
6 0.330780790625 0.9579295921875 0.44174561562500003 0.054193615625000004 0.386963565625 0.0474672265625 0.275998740625 0.951203203125 0.330780790625 0.9579295921875
3 0.42024046718749997 0.18127000625 0.43587239999999994 0.053958121875 0.2102798546875 0.026258840625 0.194647921875 0.1535707234375 0.42024046718749997 0.18127000625
3 0.8461389140625 0.22461223281249998 0.8638089734375001 0.08070115 0.8523621968749999 0.0792956625 0.8346921375 0.2232067453125 0.8461389140625 0.22461223281249998
3 0.7723216468749999 0.25321087656249996 0.792392253125 0.08974890625000001 0.7827868078125 0.0885695046875 0.7627162015625 0.25203147656249997 0.7723216468749999 0.25321087656249996
3 0.7500721171875 0.193687196875 0.763417009375 0.0850017703125 0.7520834703125 0.0836101875 0.738738578125 0.1922956125 0.7500721171875 0.193687196875
3 0.7267497921875 0.1369785953125 0.7335820421875 0.0813343828125 0.7222386578125 0.079941590625 0.71540640625 0.1355858015625 0.7267497921875 0.1369785953125
3 0.6904946828125 0.1738769109375 0.70225646875 0.07808485468750001 0.6924984000000001 0.0768867140625 0.6807366140625 0.1726787703125 0.6904946828125 0.1738769109375
3 0.6590093265625 0.177810140625 0.6714989421875 0.0760903796875 0.6621495109375 0.0749424125 0.6496598953125 0.176662175 0.6590093265625 0.177810140625
3 0.6831540953124999 0.4891065 0.6932212609375 0.407116025 0.6810606 0.40562288437499994 0.6709934359374999 0.48761335937499994 0.6831540953124999 0.4891065
3 0.62428654375 0.46353504687499997 0.6386699140625 0.34639189375 0.6265043312499999 0.3448981484375 0.6121209609375 0.4620413 0.62428654375 0.46353504687499997
3 0.650020378125 0.75305720625 0.657743746875 0.6901554062499999 0.6462526625 0.6887444781250001 0.6385292921875 0.7516462796875001 0.650020378125 0.75305720625
3 0.6209824312500001 0.135157740625 0.6292374859375001 0.0679257140625 0.616067540625 0.066308646875 0.6078124859375 0.133540675 0.6209824312500001 0.135157740625
3 0.5851251359375 0.17762809531249998 0.599552315625 0.060128146874999996 0.5896957796875 0.058917915625 0.5752686 0.176417865625 0.5851251359375 0.17762809531249998
3 0.5615915984375001 0.1872336375 0.5767396406249999 0.0638627453125 0.5645100515625 0.062361142187499996 0.5493620109374999 0.1857320328125 0.5615915984375001 0.1872336375
3 0.5407588578125 0.10440828124999998 0.5462698609375 0.059524759375 0.535896375 0.058251054687500005 0.530385371875 0.1031345765625 0.5407588578125 0.10440828124999998
3 0.5065102765625 0.1704694859375 0.5208080203125001 0.0540237125 0.511123803125 0.052834640625 0.496826059375 0.1692804140625 0.5065102765625 0.1704694859375