2 0.9712800453125 0.9265916093750001 0.95929435625 0.7551882640625001 0.8471624156249999 0.7630292921875 0.8591481062499999 0.9344326374999999 0.9712800453125 0.9265916093750001
7 0.39963117812500004 0.24787823125 0.3867347796875 0.063451134375 0.37255808749999997 0.06444246406250001 0.3854544859375 0.2488695625 0.39963117812500004 0.24787823125
5 0.229811678125 1 0.42459759999999996 0.9863792421875001 0.36043646093750004 0.0688322171875 0.119091278125 0.085708715625 0.1830247515625 1 0.229811678125 1
6 0.421266909375 0.981804684375 0.35775204375 0.0734997953125 0.3026930390625 0.0773498953125 0.36620790468750003 0.9856547843750001 0.421266909375 0.981804684375
3 0.3608893234375 0.202344809375 0.351941803125 0.074389290625 0.12520875468749998 0.090244009375 0.1341562765625 0.218199528125 0.3608893234375 0.202344809375
3 0.7872329031249999 0.1636254640625 0.777118784375 0.0189868265625 0.7656141390625 0.019791309375 0.7757282578125 0.164429946875 0.7872329031249999 0.1636254640625
3 0.7202287453125 0.20578366875 0.708740584375 0.041495301562499996 0.699086578125 0.042170374999999996 0.710574740625 0.20645874218750002 0.7202287453125 0.20578366875
3 0.6870303484375 0.151599015625 0.6793919015625 0.042364121875 0.6680010640625 0.043160646875 0.6756395125 0.152395540625 0.6870303484375 0.151599015625
3 0.653316009375 0.1003824203125 0.6494053156249999 0.04445689375 0.638004584375 0.045254110937499994 0.641915278125 0.1011796375 0.653316009375 0.1003824203125
3 0.624767540625 0.1435206109375 0.6180352421875 0.047244270312499996 0.608227840625 0.0479300703125 0.6149601390625 0.1442064109375 0.624767540625 0.1435206109375
3 0.594611153125 0.153389265625 0.5874622546875 0.051155251562500004 0.57806555625 0.051812332812499994 0.58521445625 0.15404634687500002 0.594611153125 0.153389265625
3 0.6777104609375 0.4543591953125 0.67194814375 0.3719542109375 0.6597260046875 0.37280886562500004 0.6654883218750001 0.4552138515625 0.6777104609375 0.4543591953125
3 0.6150452078125 0.4404900203125 0.6068123484375 0.32275464062500003 0.5945852625 0.3236096421875 0.6028181218750001 0.44134502031249995 0.6150452078125 0.4404900203125
3 0.695549671875 0.7197825953125 0.6911289125 0.6565627890625 0.6795797328125001 0.6573703859375 0.6840004921875 0.7205901921875 0.695549671875 0.7197825953125
3 0.5491444578125 0.118776384375 0.5444193687500001 0.051204460937499995 0.5311828421875 0.0521300484375 0.5359079312499999 0.1197019734375 0.5491444578125 0.118776384375
3 0.5220496875 0.16730833437499998 0.513791753125 0.0492143546875 0.5038853859375 0.049907075 0.512143321875 0.16800105468749998 0.5220496875 0.16730833437499998
3 0.500781353125 0.18122780624999998 0.4921108046875 0.0572332015625 0.479819390625 0.0580927015625 0.48848993749999997 0.18208730625 0.500781353125 0.18122780624999998
3 0.46452754374999994 0.1038992578125 0.46137311406250003 0.058788825 0.45094718437500003 0.0595178765625 0.45410161406249994 0.1046283109375 0.46452754374999994 0.1038992578125
3 0.443513278125 0.1752816703125 0.43532943125 0.0582471953125 0.42559625468749995 0.058927804687499995 0.43378010156249996 0.1759622796875 0.443513278125 0.1752816703125