2 0.9584272875 0.0596254953125 0.7866053921875 0.0596254953125 0.7866053921875 0.17203125 0.9584272875 0.17203125 0.9584272875 0.0596254953125
7 0.2414910125 0.582537203125 0.056613562500000006 0.582537203125 0.056613562500000006 0.5967485124999999 0.2414910125 0.5967485124999999 0.2414910125 0.582537203125
5 0.979934640625 0.6091468250000001 0.060147059375 0.6091468250000001 0.060147059375 0.8510813484374999 0.979934640625 0.8510813484374999 0.979934640625 0.6091468250000001
6 0.9751388890625 0.612150296875 0.0646160125 0.612150296875 0.0646160125 0.66734375 0.9751388890625 0.66734375 0.9751388890625 0.612150296875
3 0.19336601250000002 0.6180084328125 0.0650980390625 0.6180084328125 0.0650980390625 0.8452951390625 0.19336601250000002 0.8452951390625 0.19336601250000002 0.6180084328125
3 0.184481209375 0.1900024796875 0.0394893796875 0.1900024796875 0.0394893796875 0.20153521875 0.184481209375 0.20153521875 0.184481209375 0.1900024796875
3 0.2218627453125 0.2597842265625 0.057173203125 0.2597842265625 0.057173203125 0.26946180625 0.2218627453125 0.26946180625 0.2218627453125 0.2597842265625
3 0.16549428125 0.2891220234375 0.055992646874999996 0.2891220234375 0.055992646874999996 0.30054067500000003 0.16549428125 0.30054067500000003 0.16549428125 0.2891220234375
3 0.112050653125 0.319181546875 0.055988562500000005 0.319181546875 0.055988562500000005 0.33061011875 0.112050653125 0.33061011875 0.112050653125 0.319181546875
3 0.1530923203125 0.3506696421875 0.0565808828125 0.3506696421875 0.0565808828125 0.3605009921875 0.1530923203125 0.3605009921875 0.1530923203125 0.3506696421875
3 0.1608333328125 0.381440971875 0.058349673437500006 0.381440971875 0.058349673437500006 0.39086061562499996 0.1608333328125 0.39086061562499996 0.1608333328125 0.381440971875
3 0.46686682968750004 0.319538690625 0.38426062031249997 0.319538690625 0.38426062031249997 0.33179067500000003 0.46686682968750004 0.33179067500000003 0.46686682968750004 0.319538690625
3 0.44866013125000004 0.3810838296875 0.3306372546875 0.3810838296875 0.3306372546875 0.39334077343749996 0.44866013125000004 0.39334077343749996 0.44866013125000004 0.3810838296875
3 0.7328880718749999 0.3202579359375 0.6695138890625 0.3202579359375 0.6695138890625 0.33183531718750003 0.7328880718749999 0.33183531718750003 0.7328880718749999 0.3202579359375
3 0.1231331703125 0.42438244062499997 0.0553962421875 0.42438244062499997 0.0553962421875 0.43765128906250006 0.1231331703125 0.43765128906250006 0.1231331703125 0.42438244062499997
3 0.1696568625 0.4547966265625 0.051274509375 0.4547966265625 0.051274509375 0.4647271828125 0.1696568625 0.4647271828125 0.1696568625 0.4547966265625
3 0.1820588234375 0.4769841265625 0.0577614375 0.4769841265625 0.0577614375 0.48930555625 0.1820588234375 0.48930555625 0.1820588234375 0.4769841265625
3 0.10238970624999999 0.50775545625 0.05716911718749999 0.50775545625 0.05716911718749999 0.5182068453124999 0.10238970624999999 0.5182068453124999 0.10238970624999999 0.50775545625
3 0.172132353125 0.5336979171875 0.054812092187499994 0.5336979171875 0.054812092187499994 0.5434548609375 0.172132353125 0.5434548609375 0.172132353125 0.5336979171875