2 0.926695775 0.16089968906250002 0.9162596171875 0.2601930890625 0.983943834375 0.2673069875 0.9943799921875 0.1680135875 0.926695775 0.16089968906250002
3 0.7630006171875 0.47620946249999996 0.7389555578125 0.704982928125 0.7500294375000001 0.706146840625 0.7740744984375 0.47737337343749997 0.7630006171875 0.47620946249999996
3 0.7904959890625001 0.20773040156250003 0.777242834375 0.33382575000000003 0.789451284375 0.3351089109375 0.8027044406250001 0.20901356093749998 0.7904959890625001 0.20773040156250003
5 0.4516839984375 0.059663442187500006 0.3610587 0.92190556875 0.442340034375 0.93044858125 0.5329653328124999 0.0682064546875 0.4516839984375 0.059663442187500006
6 0.51652013125 0.066959625 0.426047671875 0.9277475765625001 0.4415771046875 0.9293797843749999 0.5320495640625 0.06859183437500001 0.51652013125 0.066959625
3 0.37570546562499996 0.7883773609375 0.361703921875 0.92159315 0.44162022656250005 0.9299926921875 0.4556217703125 0.7967769031249999 0.37570546562499996 0.7883773609375
2 0.2610439234375 0.061764446875000004 0.2502678296875 0.16429213125 0.317331578125 0.171340815625 0.328107671875 0.0688131296875 0.2610439234375 0.061764446875000004
3 0.6327295328125 0.84364730625 0.623218321875 0.9341404421874999 0.6375245453125 0.9356440859375 0.64703575625 0.8451509515625 0.6327295328125 0.84364730625
3 0.662485521875 0.7395952078125 0.6409693484375001 0.9443079296875 0.6547673781250001 0.9457581609375 0.676283553125 0.7410454390625001 0.662485521875 0.7395952078125
3 0.69802085625 0.8746081 0.6913696828125 0.9378897796875 0.702437653125 0.9390530703125 0.7090888265624999 0.875771390625 0.69802085625 0.8746081
3 0.6807186187500001 0.8744668171875001 0.6736835890624999 0.9414006484374999 0.6858211296875 0.94267635625 0.6928561578125 0.8757425234375 0.6807186187500001 0.8744668171875001
3 0.5929541140625 0.732008325 0.5722724109375 0.9287815859374999 0.5859463484375 0.9302187749999999 0.6066280515625 0.7334455125 0.5929541140625 0.732008325
3 0.543364796875 0.756915053125 0.52606753125 0.9214875328125001 0.5411124093749999 0.9230688140625001 0.5584096734374999 0.758496334375 0.543364796875 0.756915053125
3 0.4867051625 0.8595505546875 0.4803921703125 0.9196146640625 0.496063425 0.921261778125 0.5023764171875 0.86119766875 0.4867051625 0.8595505546875
3 0.6085415078125 0.34732020625 0.6048689578124999 0.3822621890625 0.6219406984375 0.38405650156250004 0.6256132484375 0.34911451875 0.6085415078125 0.34732020625
3 0.545192678125 0.3121739828125 0.5389648890625 0.37142742968750003 0.5547188734375 0.37308323906249996 0.5609466609375 0.31382979375 0.545192678125 0.3121739828125
3 0.46659610156250003 0.7862402609375 0.4527798984375 0.9176926546875 0.47000527812500004 0.919503115625 0.48382148125 0.788050721875 0.46659610156250003 0.7862402609375
3 0.41563146562500003 0.269126421875 0.3928899359375 0.4854976140625 0.40599658749999995 0.48687517812500003 0.42873811718750005 0.27050398593749997 0.41563146562500003 0.269126421875
1 0.7671875 0.465625 0.765625 0.4546875 0.7703125 0.446875 0.78125 0.45 0.78125 0.4546875 0.778125 0.4671875 0.76875 0.465625
1 0.8 0.19140625 0.015625 0.0203125