2 0.8818445374999999 0.043030303125 0.7820042015625 0.043030303125 0.7820042015625 0.11108734375 0.8818445374999999 0.11108734375 0.8818445374999999 0.043030303125
3 0.5511512609375 0.2297920375 0.321117646875 0.2297920375 0.321117646875 0.24092691562500002 0.5511512609375 0.24092691562500002 0.5511512609375 0.2297920375
3 0.8210336140625 0.229370171875 0.694243696875 0.229370171875 0.694243696875 0.2416458703125 0.8210336140625 0.2416458703125 0.8210336140625 0.229370171875
5 0.93287395 0.5123499703125 0.065882353125 0.5123499703125 0.065882353125 0.594079025 0.93287395 0.594079025 0.93287395 0.5123499703125
6 0.9323949578124999 0.5132204390624999 0.066865546875 0.5132204390624999 0.066865546875 0.5288354125 0.9323949578124999 0.5288354125 0.9323949578124999 0.5132204390624999
3 0.200210084375 0.5131134875 0.0662605046875 0.5131134875 0.0662605046875 0.59346999375 0.200210084375 0.59346999375 0.200210084375 0.5131134875
2 0.9108571421875 0.716021984375 0.8077647062500001 0.716021984375 0.8077647062500001 0.7834551390625 0.9108571421875 0.7834551390625 0.9108571421875 0.716021984375
3 0.17210924375 0.317691621875 0.081117646875 0.317691621875 0.081117646875 0.3320766484375 0.17210924375 0.3320766484375 0.17210924375 0.317691621875
3 0.27870168125 0.2994860375 0.0728613453125 0.2994860375 0.0728613453125 0.313360071875 0.27870168125 0.313360071875 0.27870168125 0.2994860375
3 0.1481428578125 0.252777778125 0.0845126046875 0.252777778125 0.0845126046875 0.2639067140625 0.1481428578125 0.2639067140625 0.1481428578125 0.252777778125
3 0.146474790625 0.2689245390625 0.07917226875 0.2689245390625 0.07917226875 0.2811289359375 0.146474790625 0.2811289359375 0.146474790625 0.2689245390625
3 0.2789789921875 0.3695543671875 0.0811218484375 0.3695543671875 0.0811218484375 0.38330362500000004 0.2789789921875 0.38330362500000004 0.2789789921875 0.3695543671875
3 0.249025209375 0.4148900765625 0.08354621875 0.4148900765625 0.08354621875 0.430017825 0.249025209375 0.430017825 0.249025209375 0.4148900765625
3 0.1410294125 0.45988116406249996 0.080634453125 0.45988116406249996 0.080634453125 0.475638740625 0.1410294125 0.475638740625 0.1410294125 0.45988116406249996
3 0.663189075 0.3908467015625 0.6280546218749999 0.3908467015625 0.6280546218749999 0.408012478125 0.663189075 0.408012478125 0.663189075 0.3908467015625
3 0.6915210078125 0.458847296875 0.6319411765625 0.458847296875 0.6319411765625 0.4746880578125 0.6915210078125 0.4746880578125 0.6915210078125 0.458847296875
3 0.211836134375 0.4859803921875 0.0796596640625 0.4859803921875 0.0796596640625 0.5033006531249999 0.211836134375 0.5033006531249999 0.211836134375 0.4859803921875
3 0.7207899156249999 0.59486036875 0.5032268906249999 0.59486036875 0.5032268906249999 0.6080392156250001 0.7207899156249999 0.6080392156250001 0.7207899156249999 0.59486036875
1 0.578125 0.2265625 0.5796875 0.2375 0.575 0.240625 0.5609375 0.2390625 0.5609375 0.228125 0.5765625 0.2265625
1 0.83828125 0.23359375 0.01953125 0.0140625