2 0.15313147031250002 0.9204051953124999 0.1426953140625 0.8211117953124999 0.075011096875 0.82822569375 0.085447253125 0.92751909375 0.15313147031250002 0.9204051953124999
3 0.2476929078125 0.5779515609375 0.223647846875 0.34917809375000003 0.2125739671875 0.35034200625 0.23661902812500002 0.579115471875 0.2476929078125 0.5779515609375
3 0.2766183109375 0.8462803187500001 0.26336515625 0.7201849703125001 0.25115670625000003 0.7214681296875 0.26440986093749996 0.8475634781249999 0.2766183109375 0.8462803187500001
5 0.6388112984375 0.9206686859375001 0.5481860000000001 0.058426559375 0.466904665625 0.066969571875 0.5575299640625 0.9292116984375 0.6388112984375 0.9206686859375001
6 0.5738750296874999 0.92701213125 0.48340257031249995 0.06622418125 0.4678731375 0.067856390625 0.558345596875 0.9286443406249999 0.5738750296874999 0.92701213125
3 0.5616213765625 0.19208209062499998 0.5476198328125 0.0588663 0.46770352812500005 0.06726584218750001 0.481705071875 0.2004816328125 0.5616213765625 0.19208209062499998
2 0.8248486078124999 0.87897729375 0.8140725140624999 0.776449609375 0.747008765625 0.7834982921875 0.757784859375 0.8860259781250001 0.8248486078124999 0.87897729375
3 0.2987226328125 0.19145823281250002 0.28921142187500004 0.10096509843749998 0.274905196875 0.10246874218749999 0.284416409375 0.192961878125 0.2987226328125 0.19145823281250002
3 0.29125053125 0.2994231609375 0.2697343578125 0.094710440625 0.2559363265625 0.096160671875 0.2774525015625 0.30087339218750003 0.29125053125 0.2994231609375
3 0.22842097187500002 0.17474883593749999 0.2217697984375 0.11146715625 0.210701828125 0.11263044687499998 0.21735300156249998 0.1759121265625 0.22842097187500002 0.17474883593749999
3 0.2453744875 0.1712896953125 0.2383394578125 0.1043558625 0.22620191875 0.10563157031249999 0.2332369484375 0.1725654015625 0.2453744875 0.1712896953125
3 0.3608399140625 0.2923878609375 0.3401582109375 0.09561460000000001 0.326484271875 0.0970517890625 0.347165975 0.29382505000000003 0.3608399140625 0.2923878609375
3 0.40416718593749995 0.25771520468750003 0.3868699203125 0.09314272500000001 0.37182504375000003 0.09472400625 0.3891223078125 0.25929648437499997 0.40416718593749995 0.25771520468750003
3 0.43824955 0.1455423359375 0.43193655781249995 0.08547822656250001 0.416265303125 0.0871253421875 0.4225782953125 0.14718945156250002 0.43824955 0.1455423359375
3 0.4255742984375 0.671910421875 0.42190174843749995 0.6369684390625 0.4048300078125 0.6387627515625 0.4085025578125 0.673704734375 0.4255742984375 0.671910421875
3 0.49484611562499997 0.6931176546875 0.488618328125 0.6338642078125 0.47286434374999997 0.6355200171875001 0.4790921328125 0.6947734640625 0.49484611562499997 0.6931176546875
3 0.4731612453125 0.21306971406250003 0.45934504218749994 0.08161732031249999 0.44211966406250003 0.08342777968750001 0.45593586718749995 0.214880175 0.4731612453125 0.21306971406250003
3 0.6305261953125 0.7082872328125001 0.6077846671875 0.49191604062499994 0.594678015625 0.49329360468749994 0.61741954375 0.7096647968750001 0.6305261953125 0.7082872328125001
1 0.2421875 0.596875 0.015625 0.021875
1 0.2703125 0.8640625 0.015625 0.0203125