2 0.851386728125 0.9273301093749999 0.8385786640624999 0.744166265625 0.7246158781250001 0.75213531875 0.7374239421875 0.9352991625 0.851386728125 0.9273301093749999
5 0.2401514734375 0.9375088609375 0.179351640625 0.0680307296875 0.1259255546875 0.0717666453125 0.1867253875 0.9412447765625 0.2401514734375 0.9375088609375
6 0.2397217640625 0.93360366875 0.17940122187500002 0.0709797171875 0.15864832812500002 0.07243089999999999 0.21896887031249998 0.935054853125 0.2397217640625 0.93360366875
0 0.174803790625 0.9187003890625001 0.1604518515625 0.71345810625 0.123488540625 0.7160428328124999 0.1378404796875 0.921285115625 0.174803790625 0.9187003890625001
3 0.5962105859375 0.1621470671875 0.5885772671875 0.052985526562499996 0.5795516875 0.053616656250000005 0.58718500625 0.16277819843750002 0.5962105859375 0.1621470671875
3 0.5760670875 0.15681126875 0.5689392765625 0.05487880625 0.5588151890625 0.0555867515625 0.5659430000000001 0.1575192140625 0.5760670875 0.15681126875
3 0.5559528234375 0.161031021875 0.5485565859375 0.05525989218750001 0.538803615625 0.055941885937500005 0.546199853125 0.161713015625 0.5559528234375 0.161031021875
3 0.5152255828125 0.18505798906249998 0.5063920421875 0.058732476562500004 0.49736646249999994 0.05936360625 0.506200003125 0.18568911875 0.5152255828125 0.18505798906249998
3 0.4330018265625 0.17208555781249998 0.425982865625 0.07170975 0.41622000000000003 0.0723924359375 0.42323896093749996 0.17276824375 0.4330018265625 0.17208555781249998
3 0.46859569375000004 0.38468344062500004 0.4649933203125 0.33316708125 0.4548692328125 0.3338750265625 0.4584716078125 0.3853913859375 0.46859569375000004 0.38468344062500004
3 0.4866411109375 0.3463623546875 0.4814509796875 0.272140003125 0.47044610468750003 0.2729095390625 0.4756362375 0.347131890625 0.4866411109375 0.3463623546875
3 0.5019780140625001 0.57482779375 0.49806560937500005 0.5188778171874999 0.48868870624999994 0.5195335140624999 0.49260110937499996 0.575483490625 0.5019780140625001 0.57482779375
3 0.4830600078125 0.5869817937499999 0.4790889046875 0.5301923625 0.46997425625 0.5308297203125 0.47394536093750006 0.5876191515625 0.4830600078125 0.5869817937499999
3 0.41255271406249994 0.1806898375 0.40503451718749994 0.0731746 0.39591986874999996 0.073811959375 0.40343806718749997 0.1813271953125 0.41255271406249994 0.1806898375
3 0.25877140625 0.5443208390625001 0.2561920125 0.507433790625 0.24613225156250002 0.5081372375 0.2487116453125 0.5450242859375 0.25877140625 0.5443208390625001