2 0.9211324796874999 0.14120885 0.738220065625 0.1572116140625 0.74817683125 0.2710179640625 0.9310892453124999 0.2550152015625 0.9211324796874999 0.14120885
5 0.9419772078124999 0.7521733671875 0.07369260625 0.8281384265625 0.0783603671875 0.8814911750000001 0.94664496875 0.805526115625 0.9419772078124999 0.7521733671875
6 0.9380801109375 0.752671165625 0.076640278125 0.8280373859375001 0.07845342968749999 0.8487617921874999 0.9398932609375 0.773395571875 0.9380801109375 0.752671165625
0 0.9243120765624999 0.8178393515625 0.719351528125 0.8357710765625 0.722580959375 0.8726836484374999 0.9275415078125 0.8547519234375001 0.9243120765624999 0.8178393515625
3 0.16051941875 0.40970041406249996 0.051507721875 0.41923770156250006 0.0522962734375 0.4282508921875 0.1613079703125 0.41871360468749996 0.16051941875 0.40970041406249996
3 0.155535984375 0.4299339671875 0.053743443749999995 0.43883965937499997 0.054627970312499996 0.44894985 0.1564205109375 0.44004415625000004 0.155535984375 0.4299339671875
3 0.1601061375 0.44997152187499995 0.0544801984375 0.45921259531249997 0.0553323015625 0.4689521765625 0.1609582390625 0.4597111046875 0.1601061375 0.44997152187499995
3 0.1848402328125 0.4902732328125 0.058688128125 0.5013101125 0.0594766796875 0.5103233015625 0.18562878437500002 0.49928642187500005 0.1848402328125 0.4902732328125
3 0.1733047796875 0.5727108656250001 0.07306675781250001 0.5814805562500001 0.073919725 0.5912300203124999 0.17415774687500002 0.5824603296875 0.1733047796875 0.5727108656250001
3 0.385249084375 0.5334120734375001 0.3338034421875 0.537912984375 0.33468796875 0.548023175 0.3861336109375 0.5435222640624999 0.385249084375 0.5334120734375001
3 0.3466188984375 0.5160382 0.27249843125 0.5225229015624999 0.2734599125 0.53351266875 0.3475803796875 0.52702796875 0.3466188984375 0.5160382
3 0.5747818765625 0.49671636250000006 0.5189087015625 0.5016046328125 0.5197279484374999 0.5109686640625 0.5756011234375 0.5060803953125 0.5747818765625 0.49671636250000006
3 0.5872641890625 0.5154193703125001 0.5305527125 0.52038098125 0.5313490468750001 0.5294831171875 0.5880605234375 0.5245215062499999 0.5872641890625 0.5154193703125001
3 0.1822646359375 0.5930066968750001 0.074896984375 0.60240015 0.07569331875 0.6115022859375 0.18306096875 0.6021088328124999 0.1822646359375 0.5930066968750001
3 0.548524109375 0.7404183484375 0.5116876953125 0.7436411171875 0.5125666015625 0.75368706875 0.549403015625 0.7504643 0.548524109375 0.7404183484375