2 0.9508006531250001 0.1792782734375 0.7671895421875 0.1792782734375 0.7671895421875 0.2935193453125 0.9508006531250001 0.2935193453125 0.9508006531250001 0.1792782734375
5 0.9183169937500001 0.7897346234375 0.0467156859375 0.7897346234375 0.0467156859375 0.8432911703125001 0.9183169937500001 0.8432911703125001 0.9183169937500001 0.7897346234375
6 0.914391340625 0.7898908734375001 0.049660948437500005 0.7898908734375001 0.049660948437500005 0.8106944437499999 0.914391340625 0.8106944437499999 0.914391340625 0.7898908734375001
0 0.8949959156249999 0.8536111109375 0.6892524515625 0.8536111109375 0.6892524515625 0.8906646828125 0.8949959156249999 0.8906646828125 0.8949959156249999 0.8536111109375
3 0.16968137187500001 0.3804563484375 0.06025326875 0.3804563484375 0.06025326875 0.38950396875000004 0.16968137187500001 0.38950396875000004 0.16968137187500001 0.3804563484375
3 0.16295343125 0.400178571875 0.060772059375 0.400178571875 0.060772059375 0.41032738125 0.16295343125 0.41032738125 0.16295343125 0.400178571875
3 0.1657598046875 0.42053819375 0.0597303921875 0.42053819375 0.0597303921875 0.4303149796875 0.1657598046875 0.4303149796875 0.1657598046875 0.42053819375
3 0.1868872546875 0.4628422625 0.06025326875 0.4628422625 0.06025326875 0.47188988125 0.1868872546875 0.47188988125 0.1868872546875 0.4628422625
3 0.168210784375 0.5439608140625001 0.06758986875 0.5439608140625001 0.06758986875 0.5537475203125 0.168210784375 0.5537475203125 0.168210784375 0.5439608140625001
3 0.3827736921875 0.5232837296875 0.3311315359375 0.5232837296875 0.3311315359375 0.5334325390625 0.3827736921875 0.5334325390625 0.3827736921875 0.5232837296875
3 0.3458047390625 0.5026091265625 0.27140114375 0.5026091265625 0.27140114375 0.5136408734375 0.3458047390625 0.5136408734375 0.3458047390625 0.5026091265625
3 0.5747834968750001 0.503246528125 0.5186968953125 0.503246528125 0.5186968953125 0.5126463296875 0.5747834968750001 0.5126463296875 0.5747834968750001 0.503246528125
3 0.5855882359375 0.5229662703125 0.52866013125 0.5229662703125 0.52866013125 0.532103175 0.5855882359375 0.532103175 0.5855882359375 0.5229662703125
3 0.175367646875 0.5649603171875001 0.06758986875 0.5649603171875001 0.06758986875 0.574097221875 0.175367646875 0.574097221875 0.175367646875 0.5649603171875001
3 0.5273856203125 0.7437326390625 0.49040849687500004 0.7437326390625 0.49040849687500004 0.7538169640625 0.5273856203125 0.7538169640625 0.5273856203125 0.7437326390625