2 0.948625690625 0.86930695 0.9263636796875 0.7109045125 0.831187915625 0.72428059375 0.8534499265625 0.88268303125 0.948625690625 0.86930695
2 0.5534733140625 0.9226639359375 0.5311430796875001 0.763776071875 0.4391257609375 0.7767082624999999 0.46145599375 0.9355961265625 0.5534733140625 0.9226639359375
3 0.808487115625 0.1168470609375 0.7937545515625 0.01201941875 0.7824470265625 0.0136085875 0.7971795921875 0.1184362296875 0.808487115625 0.1168470609375
3 0.775946853125 0.0560331359375 0.770320803125 0.0160017109375 0.7609682734375001 0.0173161234375 0.7665943234375 0.05734754843749999 0.775946853125 0.0560331359375
3 0.7588389515625 0.10670131249999999 0.7465248609375 0.0190820046875 0.7380466734375 0.0202735359375 0.7503607640625 0.10789284375 0.7588389515625 0.10670131249999999
3 0.73302220625 0.07772472968750001 0.725067509375 0.021124114062499998 0.7145360875 0.0226042078125 0.7224907843749999 0.0792048234375 0.73302220625 0.07772472968750001
3 0.7093033015625 0.0717478234375 0.702757390625 0.0251712453125 0.6917494984375 0.026718303125 0.6982954109375 0.07329488281249999 0.7093033015625 0.0717478234375
3 0.6823566484375 0.1212865546875 0.67197096875 0.0473886078125 0.6616163796875 0.04884385 0.672002059375 0.122741796875 0.6823566484375 0.1212865546875
3 0.42641539531249995 0.17077061875 0.4119159234375 0.067601515625 0.40082452812499997 0.06916030937499999 0.415324 0.1723294140625 0.42641539531249995 0.17077061875
3 0.392693171875 0.11045694218749999 0.3870239140625 0.07011808281250001 0.3795477828125 0.071168784375 0.385217040625 0.11150764531249999 0.392693171875 0.11045694218749999
3 0.378105334375 0.15719034999999998 0.3661869328125 0.07238651093750001 0.35651511875 0.0737457953125 0.368433521875 0.1585496359375 0.378105334375 0.15719034999999998
3 0.3508822859375 0.1307709734375 0.343257328125 0.07651658125000001 0.33371813906250003 0.077857228125 0.34134309687500003 0.1321116203125 0.3508822859375 0.1307709734375
3 0.3280404953125 0.1276491296875 0.32110571875 0.0783056265625 0.31044167031250003 0.0798043609375 0.317376446875 0.1291478640625 0.3280404953125 0.1276491296875
3 0.4760310796875 0.5251945828125 0.46687908437500003 0.46007474843749996 0.4557680421875 0.461636303125 0.46492003750000005 0.5267561390625 0.4760310796875 0.5251945828125
0 0.30587011875000003 0.1637163734375 0.2939596765625 0.07896916875 0.2732259375 0.0818831046875 0.28513638124999996 0.166630309375 0.30587011875000003 0.1637163734375
0 0.8452328343750001 0.3361961671875 0.8192322515624999 0.151192409375 0.795846009375 0.15447913124999998 0.8218465921875 0.3394828890625 0.8452328343750001 0.3361961671875
0 0.8991959609375 0.7143720515624999 0.8680389249999999 0.4926782140625 0.8468680140625 0.49565359062500003 0.8780250515624999 0.7173474296875 0.8991959609375 0.7143720515624999
0 0.8748104203124999 0.7144867500000001 0.7968405093750001 0.159702009375 0.7784252546875 0.1622901046875 0.856395165625 0.7170748453125 0.8748104203124999 0.7144867500000001
0 0.853224496875 0.7113905359375 0.77499079375 0.1547288171875 0.754448625 0.15761582968750001 0.832682328125 0.71427755 0.853224496875 0.7113905359375
0 0.8465347546875 0.8779416156250001 0.7465848171875 0.1667608609375 0.728837603125 0.1692550703125 0.8287875390625 0.8804358234375 0.8465347546875 0.8779416156250001
0 0.8251303625 0.8819109578125 0.7250473937499999 0.169783625 0.69985843125 0.17332370156250002 0.7999414015624999 0.8854510359375001 0.8251303625 0.8819109578125
0 0.753665278125 0.5702041859375 0.6944177875 0.1486363890625 0.6695284609375001 0.15213435625 0.7287759515625 0.573702153125 0.753665278125 0.5702041859375
0 0.47352443906249997 0.44644783437499996 0.4397135625 0.20587094375 0.4170395671875 0.209057565625 0.4508504453125 0.44963445625 0.47352443906249997 0.44644783437499996
0 0.5171503453125 0.76881995625 0.48547595781249997 0.5434449765625 0.462502328125 0.546673709375 0.494176715625 0.7720486890625 0.5171503453125 0.76881995625
0 0.49303406406250005 0.7640786828125 0.416134103125 0.21690703125000002 0.3967315296875 0.219633884375 0.473631490625 0.7668055359375 0.49303406406250005 0.7640786828125
0 0.47017141718750005 0.778219240625 0.391901328125 0.221298628125 0.3759273609375 0.223543621875 0.45419744843750004 0.7804642359375 0.47017141718750005 0.778219240625
0 0.4459477703125 0.7764920125 0.36789371875 0.22110858125 0.3465705359375 0.22410535937499998 0.4246245875 0.779488790625 0.4459477703125 0.7764920125
0 0.444958 0.9273049796875 0.34600296875000003 0.223203346875 0.3258586765625 0.22603444218750002 0.42481370781249994 0.9301360750000001 0.444958 0.9273049796875
0 0.382553334375 0.7108071078125 0.325471896875 0.30465157187499997 0.30301894375 0.307807128125 0.3601003828125 0.7139626640625 0.382553334375 0.7108071078125
0 0.8484375 0.5015625 0.8671875 0.4984375 0.86875 0.503125 0.896875 0.703125 0.8953125 0.70625 0.890625 0.7078125 0.878125 0.7078125 0.8765625 0.703125 0.8640625 0.6046875 0.859375 0.5921875 0.8609375 0.5875 0.859375 0.571875 0.8546875 0.559375 0.85625 0.5484375 0.8484375 0.503125
0 0.44453125 0.328125 0.053125 0.2328125
0 0.81875 0.159375 0.821875 0.16875 0.821875 0.1796875 0.8515625 0.3859375 0.8328125 0.3890625 0.825 0.3265625 0.821875 0.31875 0.8234375 0.315625 0.8203125 0.309375 0.81875 0.2828125 0.8140625 0.2703125 0.8125 0.259375 0.8140625 0.2515625 0.8109375 0.246875 0.809375 0.2359375 0.8109375 0.2265625 0.8078125 0.2234375 0.80625 0.2125 0.8078125 0.2046875 0.8046875 0.2 0.8015625 0.1625 0.8171875 0.1609375
0 0.775 0.165625 0.778125 0.171875 0.784375 0.2265625 0.7875 0.23125 0.7859375 0.2375 0.7921875 0.2796875 0.7953125 0.2828125 0.79375 0.2875 0.7953125 0.3046875 0.8 0.3171875 0.7984375 0.3265625 0.80625 0.371875 0.809375 0.4046875 0.8125 0.409375 0.8109375 0.415625 0.8140625 0.4375 0.8171875 0.440625 0.815625 0.4453125 0.8171875 0.459375 0.821875 0.471875 0.8203125 0.4828125 0.825 0.5125 0.828125 0.5171875 0.8296875 0.528125 0.828125 0.5375 0.8328125 0.55 0.83125 0.559375 0.8359375 0.5796875 0.834375 0.5828125 0.8375 0.6046875 0.840625 0.609375 0.840625 0.6265625 0.853125 0.70625 0.8515625 0.7125 0.8359375 0.7140625 0.8328125 0.7125 0.83125 0.70625 0.8328125 0.696875 0.83125 0.6859375 0.828125 0.68125 0.8296875 0.6765625 0.8265625 0.6734375 0.825 0.6625 0.825 0.640625 0.8234375 0.63125 0.8203125 0.628125 0.8109375 0.5515625 0.796875 0.4625 0.796875 0.4515625 0.7828125 0.3625 0.784375 0.3515625 0.78125 0.35 0.7765625 0.3171875 0.778125 0.3109375 0.7734375 0.2953125 0.7734375 0.275 0.76875 0.2609375 0.7671875 0.25 0.76875 0.24375 0.765625 0.2390625 0.7640625 0.2171875 0.759375 0.1953125 0.7609375 0.1859375 0.75625 0.1734375 0.7578125 0.16875 0.7734375 0.1671875
0 0.690625 0.1578125 0.69375 0.1671875 0.69375 0.1765625 0.6984375 0.1890625 0.703125 0.221875 0.7015625 0.2328125 0.7046875 0.234375 0.7078125 0.25625 0.70625 0.265625 0.709375 0.2671875 0.7078125 0.2765625 0.7109375 0.2796875 0.709375 0.2875 0.7140625 0.3 0.7296875 0.421875 0.7421875 0.5 0.740625 0.503125 0.740625 0.509375 0.74375 0.5125 0.7421875 0.521875 0.7453125 0.5265625 0.74375 0.5296875 0.746875 0.534375 0.7453125 0.5375 0.7484375 0.5453125 0.7453125 0.5546875 0.7328125 0.55625 0.7265625 0.5546875 0.725 0.5453125 0.71875 0.490625 0.6859375 0.2671875 0.6875 0.2578125 0.684375 0.2453125 0.684375 0.2328125 0.68125 0.215625 0.678125 0.2125 0.6765625 0.2 0.678125 0.1953125 0.675 0.1875 0.6765625 0.1828125 0.675 0.159375 0.6890625 0.1578125
0 0.4265625 0.4546875 0.428125 0.44375 0.4140625 0.353125 0.415625 0.34375 0.403125 0.2640625 0.4046875 0.2546875 0.4015625 0.25 0.3984375 0.23125 0.4 0.21875 0.415625 0.2171875 0.4171875 0.2203125 0.425 0.2859375 0.434375 0.3421875 0.4328125 0.35 0.4359375 0.353125 0.459375 0.5296875 0.4625 0.534375 0.4609375 0.5375 0.4640625 0.553125 0.4625 0.5640625 0.465625 0.5671875 0.4671875 0.5765625 0.46875 0.5875 0.4671875 0.596875 0.4734375 0.6203125 0.4796875 0.675 0.4921875 0.753125 0.4921875 0.759375 0.4890625 0.7640625 0.475 0.7640625 0.471875 0.7546875 0.4625 0.678125 0.459375 0.675 0.4578125 0.665625 0.4453125 0.5671875 0.4421875 0.5625 0.44375 0.55625 0.4421875 0.54375 0.4390625 0.540625 0.4390625 0.521875 0.4359375 0.5 0.4328125 0.4984375 0.43125 0.4875 0.4328125 0.478125 0.4296875 0.4765625 0.43125 0.4671875 0.428125 0.4546875
0 0.7953125 0.1640625 0.7984375 0.165625 0.8 0.1703125 0.8046875 0.2140625 0.80625 0.2234375 0.809375 0.2265625 0.8078125 0.2359375 0.8203125 0.315625 0.81875 0.3234375 0.821875 0.3265625 0.821875 0.3359375 0.8265625 0.3484375 0.8265625 0.36875 0.83125 0.38125 0.8296875 0.3921875 0.834375 0.4046875 0.8328125 0.4140625 0.8421875 0.4703125 0.84375 0.4921875 0.846875 0.496875 0.8453125 0.503125 0.853125 0.5484375 0.853125 0.56875 0.85625 0.571875 0.871875 0.6921875 0.875 0.6984375 0.8734375 0.7 0.875 0.70625 0.8671875 0.7109375 0.865625 0.709375 0.85625 0.7109375 0.853125 0.7046875 0.8546875 0.6953125 0.8484375 0.6609375 0.8484375 0.65 0.840625 0.5953125 0.8375 0.5921875 0.8390625 0.584375 0.8234375 0.484375 0.821875 0.4625 0.81875 0.45625 0.8203125 0.45 0.8171875 0.428125 0.815625 0.41875 0.8125 0.415625 0.80625 0.371875 0.8078125 0.3625 0.8046875 0.3609375 0.80625 0.3515625 0.8046875 0.3390625 0.8 0.3265625 0.8 0.30625 0.7796875 0.171875 0.7796875 0.165625 0.79375 0.1640625
0 0.4859375 0.553125 0.5 0.6625 0.5140625 0.7515625 0.5125 0.7609375 0.5015625 0.7625 0.4953125 0.7609375 0.49375 0.753125 0.49375 0.7421875 0.4671875 0.5640625 0.4671875 0.5546875 0.484375 0.553125
3 0.30543333125 0.32026390781249997 0.34394243125 0.5978345328125 0.360274815625 0.70691720625 0.36258074218749997 0.7090681984375 0.37829928281249997 0.7068591015625 0.380223178125 0.6991635140625 0.34442256250000003 0.444778178125 0.33156248593750004 0.365655784375 0.32481317656250003 0.308465 0.30701611562500003 0.3101411921875 0.30543333125 0.32026390781249997