2 0.7096040625 0.02309404375 0.7401257078125 0.18011429375000002 0.8344709874999999 0.1617754296875 0.8039493421874999 0.0047551796875000005 0.7096040625 0.02309404375
2 0.3217396984375 0.100684471875 0.352354878125 0.2581859109375 0.44356927187500006 0.2404556296875 0.41295409375 0.08295418906249999 0.3217396984375 0.100684471875
3 0.9052138359375 0.7640234218749999 0.9254124656249999 0.8679363578125001 0.9366213234374999 0.8657575765625 0.9164226937500001 0.761844640625 0.9052138359375 0.7640234218749999
3 0.8961834265625 0.8317414937500001 0.9038968484375 0.8714236124999999 0.913167771875 0.8696215281249999 0.9054543484375 0.8299394093749999 0.8961834265625 0.8317414937500001
3 0.8643783562499999 0.7892351078125001 0.8812612109375 0.8760898656249999 0.8896654203125 0.8744562531250001 0.8727825656249999 0.7876014953125 0.8643783562499999 0.7892351078125001
3 0.847366678125 0.8254337406250001 0.8582727218749999 0.8815404718750001 0.8687122484375 0.8795112328125001 0.8578062046875001 0.823404503125 0.847366678125 0.8254337406250001
3 0.8264135921875001 0.83889894375 0.8353881624999999 0.8850691062499999 0.8462999999999999 0.8829480593750001 0.8373254296875 0.8367778984375001 0.8264135921875001 0.83889894375
3 0.7854543984375 0.8007062453125 0.7996933640624999 0.8739593734375 0.8099576015625001 0.8719642078125001 0.7957186359375 0.7987110796875 0.7854543984375 0.8007062453125
3 0.5266163765625 0.8373864359375001 0.54649543125 0.93965530625 0.5574900453125 0.9375181703125 0.537610990625 0.8352492984375001 0.5266163765625 0.8373864359375001
3 0.51795131875 0.904696415625 0.5257239796875 0.9446832859375001 0.533134875 0.9432427546875 0.5253622140624999 0.9032558828124999 0.51795131875 0.904696415625
3 0.48676681562499996 0.8656815171875 0.503107175 0.9497453765625 0.51269459375 0.9478817703125 0.49635423437500004 0.8638179125000001 0.48676681562499996 0.8656815171875
3 0.4697596921875 0.8994989328124999 0.48021365468750005 0.9532799109375001 0.48966960625 0.9514418609374999 0.47921564375000003 0.89766088125 0.4697596921875 0.8994989328124999
3 0.448063684375 0.9101039953125 0.457571396875 0.9590169390625001 0.4681423921875 0.9569621453125 0.45863467968749994 0.9080492031249999 0.448063684375 0.9101039953125
3 0.45812029687500005 0.48612249218750003 0.47066785937500005 0.5506741046875 0.48168195 0.5485331828125 0.4691343875 0.4839815703125 0.45812029687500005 0.48612249218750003
0 0.40537701249999997 0.8851599859375 0.4217064578125 0.969167703125 0.44225927656249997 0.9651726406250001 0.42592983125000006 0.8811649234375001 0.40537701249999997 0.8851599859375
0 0.856571190625 0.546988909375 0.8922184890624999 0.7303783593750001 0.9154006671875001 0.7258722015625 0.87975336875 0.54248275 0.856571190625 0.546988909375
0 0.78666830625 0.17142105000000002 0.829385203125 0.39118043125 0.8503713796874999 0.38710113125 0.807654484375 0.16734175 0.78666830625 0.17142105000000002
0 0.7663055937500001 0.17872078593750002 0.8732038390625 0.7286645828125 0.8914584046874999 0.7251162546875001 0.784560159375 0.1751724578125 0.7663055937500001 0.17872078593750002
0 0.744795375 0.18908582499999999 0.852055284375 0.7408902234375 0.8724182062500001 0.736932071875 0.7651582968749999 0.1851276734375 0.744795375 0.18908582499999999
0 0.6870169374999999 0.033248109375 0.8240502203125001 0.7382232390625 0.8416425765625 0.7348036312499999 0.70460929375 0.0298285015625 0.6870169374999999 0.033248109375
0 0.658109584375 0.0378975171875 0.795325259375 0.7438109671875 0.8202944265625 0.738957453125 0.6830787515625001 0.0330440015625 0.658109584375 0.0378975171875
0 0.6923168375000001 0.35583108124999996 0.773546284375 0.773720359375 0.7982184328125 0.7689245796875 0.716988984375 0.35103530156249996 0.6923168375000001 0.35583108124999996
0 0.4699256 0.5636230875 0.5162809609375001 0.8021007499999999 0.5387571078125 0.7977318296875 0.49240174531249997 0.5592541671875 0.4699256 0.5636230875
0 0.40592358749999996 0.2446687859375 0.44934978125 0.46807718749999994 0.472122946875 0.46365053281249996 0.428696753125 0.24024213125 0.40592358749999996 0.2446687859375
0 0.3882046984375 0.25631515625 0.493636021875 0.7987122953125 0.5128692921875 0.7949737265625 0.40743796874999993 0.2525765875 0.3882046984375 0.25631515625
0 0.3653826140625 0.24972770781250003 0.4726924078125 0.801788740625 0.48852698906249997 0.7987108093749999 0.3812171953125 0.24664977656249998 0.3653826140625 0.24972770781250003
0 0.337738496875 0.260277990625 0.4447521015625 0.8108152562500001 0.46588922187500004 0.806706615625 0.3588756171875 0.25616935 0.337738496875 0.260277990625
0 0.28887135625 0.11777661406249999 0.4245406046875 0.8157343921875 0.444509121875 0.8118529062500001 0.3088398734375 0.1138951265625 0.28887135625 0.11777661406249999
0 0.2980628828125 0.3432411859375 0.37632263125 0.7458526890625 0.3985796640625 0.741526359375 0.320319915625 0.33891485781249997 0.2980628828125 0.3432411859375
0 0.7921875 0.1765625 0.80625 0.175 0.809375 0.1796875 0.8109375 0.1953125 0.846875 0.3734375 0.846875 0.3796875 0.84375 0.38125 0.8359375 0.3828125 0.828125 0.38125 0.8203125 0.334375 0.815625 0.325 0.8171875 0.31875 0.8140625 0.303125 0.809375 0.29375 0.809375 0.278125 0.7890625 0.18125 0.7921875 0.178125
0 0.471875 0.56875 0.490625 0.565625 0.4921875 0.5703125 0.4921875 0.578125 0.534375 0.7875 0.53125 0.790625 0.5234375 0.7921875 0.515625 0.7921875 0.5140625 0.7890625 0.5125 0.7734375 0.471875 0.5703125
0 0.8515625 0.4953125 0.8640625 0.4921875 0.8703125 0.49375 0.9125 0.7109375 0.9125 0.715625 0.909375 0.7171875 0.89375 0.71875 0.8921875 0.7046875 0.8890625 0.7015625 0.890625 0.696875 0.8859375 0.6875 0.8875 0.68125 0.8859375 0.6734375 0.8828125 0.6703125 0.884375 0.6671875 0.88125 0.6625 0.8828125 0.65625 0.8765625 0.6390625 0.8765625 0.6265625 0.8734375 0.6234375 0.871875 0.615625 0.8703125 0.60625 0.871875 0.6 0.8671875 0.5875 0.86875 0.584375 0.8640625 0.575 0.865625 0.56875 0.8625 0.565625 0.8640625 0.5609375 0.8515625 0.496875
0 0.7609375 0.2734375 0.7625 0.2671875 0.759375 0.2515625 0.7546875 0.2421875 0.7515625 0.2234375 0.753125 0.21875 0.7453125 0.1890625 0.7484375 0.1859375 0.7625 0.1828125 0.7671875 0.1921875 0.78125 0.271875 0.7859375 0.28125 0.784375 0.2875 0.7890625 0.3109375 0.7921875 0.3140625 0.790625 0.31875 0.79375 0.334375 0.796875 0.3375 0.7984375 0.3578125 0.8015625 0.3609375 0.8046875 0.3765625 0.803125 0.384375 0.809375 0.415625 0.8140625 0.428125 0.8125 0.4296875 0.8140625 0.440625 0.81875 0.45 0.8171875 0.45625 0.821875 0.4796875 0.825 0.4828125 0.8234375 0.484375 0.825 0.496875 0.8390625 0.56875 0.84375 0.578125 0.8421875 0.584375 0.846875 0.596875 0.8453125 0.6015625 0.8484375 0.6046875 0.8484375 0.6171875 0.85625 0.65 0.85625 0.6578125 0.859375 0.659375 0.8578125 0.665625 0.86875 0.715625 0.86875 0.725 0.8515625 0.728125 0.8484375 0.7234375 0.8484375 0.7109375 0.8453125 0.7078125 0.8421875 0.6921875 0.840625 0.6828125 0.8421875 0.6796875 0.8390625 0.675 0.8359375 0.659375 0.8375 0.653125 0.834375 0.65 0.83125 0.6359375 0.83125 0.6203125 0.8265625 0.6109375 0.8234375 0.584375 0.8203125 0.5796875 0.8203125 0.571875 0.815625 0.5546875 0.815625 0.540625 0.8125 0.5390625 0.7625 0.275
0 0.7171875 0.36875 0.7171875 0.3734375 0.7203125 0.3765625 0.71875 0.3828125 0.721875 0.3859375 0.7203125 0.390625 0.721875 0.4 0.725 0.4046875 0.725 0.415625 0.7296875 0.425 0.753125 0.553125 0.7640625 0.6015625 0.7671875 0.6328125 0.7703125 0.6390625 0.76875 0.640625 0.7703125 0.646875 0.7734375 0.65 0.771875 0.653125 0.775 0.6578125 0.775 0.665625 0.7796875 0.6828125 0.778125 0.6890625 0.78125 0.6921875 0.7859375 0.7140625 0.7921875 0.7578125 0.790625 0.7609375 0.7828125 0.7625 0.775 0.7625 0.7734375 0.7484375 0.7703125 0.746875 0.7703125 0.740625 0.7671875 0.7390625 0.76875 0.734375 0.765625 0.73125 0.7671875 0.728125 0.7625 0.715625 0.7609375 0.6890625 0.7578125 0.6828125 0.7546875 0.6609375 0.7515625 0.659375 0.696875 0.378125 0.6984375 0.3703125 0.7125 0.3671875 0.715625 0.36875
0 0.4046875 0.253125 0.4078125 0.2546875 0.409375 0.259375 0.4234375 0.3390625 0.434375 0.3875 0.4359375 0.4109375 0.4453125 0.44375 0.44375 0.4515625 0.446875 0.453125 0.45 0.475 0.453125 0.478125 0.4515625 0.4828125 0.45625 0.5 0.45625 0.5078125 0.5125 0.790625 0.5125 0.79375 0.5 0.796875 0.4953125 0.796875 0.4921875 0.790625 0.4875 0.7671875 0.4890625 0.759375 0.4859375 0.7578125 0.471875 0.6796875 0.4671875 0.6703125 0.4625 0.646875 0.45 0.575 0.4453125 0.565625 0.446875 0.559375 0.4421875 0.55 0.44375 0.5484375 0.4421875 0.5359375 0.4375 0.5265625 0.4390625 0.51875 0.4328125 0.4890625 0.4296875 0.4859375 0.4296875 0.4703125 0.425 0.4609375 0.4265625 0.4546875 0.4078125 0.365625 0.4046875 0.3484375 0.40625 0.3421875 0.4 0.3171875 0.4 0.309375 0.3890625 0.2609375 0.390625 0.25625 0.403125 0.253125
0 0.78125 0.1796875 0.7890625 0.1828125 0.7875 0.184375 0.7890625 0.196875 0.8125 0.3109375 0.8109375 0.3171875 0.815625 0.3328125 0.81875 0.3359375 0.8171875 0.3421875 0.825 0.38125 0.828125 0.3875 0.828125 0.3984375 0.8390625 0.446875 0.8390625 0.4546875 0.84375 0.4765625 0.846875 0.4796875 0.8453125 0.4859375 0.846875 0.49375 0.8515625 0.503125 0.85 0.5109375 0.8578125 0.5359375 0.859375 0.565625 0.8625 0.56875 0.8765625 0.646875 0.88125 0.65625 0.8796875 0.6625 0.890625 0.7171875 0.8890625 0.7203125 0.8765625 0.7234375 0.871875 0.721875 0.8453125 0.578125 0.8390625 0.5609375 0.840625 0.5578125 0.8390625 0.546875 0.834375 0.5375 0.834375 0.521875 0.83125 0.51875 0.8234375 0.48125 0.825 0.4734375 0.81875 0.4421875 0.815625 0.4390625 0.815625 0.425 0.8125 0.4109375 0.809375 0.4078125 0.8109375 0.4015625 0.79375 0.3203125 0.79375 0.3125 0.7890625 0.303125 0.790625 0.296875 0.771875 0.2078125 0.771875 0.2 0.7703125 0.1921875 0.7671875 0.1890625 0.76875 0.1828125 0.775 0.1828125 0.7796875 0.1796875
0 0.45 0.45625 0.4109375 0.2578125 0.4125 0.2515625 0.4234375 0.2484375 0.4296875 0.25 0.46875 0.45 0.46875 0.453125 0.465625 0.4546875 0.4515625 0.45625
3 0.3020015921875 0.34706146875 0.30052158906250004 0.34984600781249997 0.3205928609375 0.45830300625 0.3745499484375 0.7332885250000001 0.379342134375 0.7423444375 0.3967153015625 0.73813515 0.3844774 0.6818628421875 0.37087710937499996 0.6028643171875 0.3219074921875 0.3506827171875 0.3175829765625 0.3440327546875 0.3020015921875 0.34706146875