2 0.928149509375 0.107137896875 0.768190359375 0.107137896875 0.768190359375 0.2032490078125 0.928149509375 0.2032490078125 0.928149509375 0.107137896875
2 0.925992646875 0.5058705359375 0.7655433 0.5058705359375 0.7655433 0.5987921625 0.925992646875 0.5987921625 0.925992646875 0.5058705359375
3 0.1635089875 0.1411904765625 0.05765114375 0.1411904765625 0.05765114375 0.1526091265625 0.1635089875 0.1526091265625 0.1635089875 0.1411904765625
3 0.0987581703125 0.164950396875 0.058333332812500006 0.164950396875 0.058333332812500006 0.174394840625 0.0987581703125 0.174394840625 0.0987581703125 0.164950396875
3 0.1465522875 0.188943453125 0.058071895312499996 0.188943453125 0.058071895312499996 0.1975049609375 0.1465522875 0.1975049609375 0.1465522875 0.188943453125
3 0.11426470625 0.21047619062499998 0.05710784375 0.21047619062499998 0.05710784375 0.2211111109375 0.11426470625 0.2211111109375 0.11426470625 0.21047619062499998
3 0.105044934375 0.233132440625 0.058010620312500004 0.233132440625 0.058010620312500004 0.24424851250000001 0.105044934375 0.24424851250000001 0.105044934375 0.233132440625
3 0.1503513078125 0.266711309375 0.0757271234375 0.266711309375 0.0757271234375 0.277167659375 0.1503513078125 0.277167659375 0.1503513078125 0.266711309375
3 0.163733659375 0.5270486109375 0.059550653125 0.5270486109375 0.059550653125 0.5382490078125 0.163733659375 0.5382490078125 0.163733659375 0.5270486109375
3 0.09931372499999999 0.5520486109375 0.05857843124999999 0.5520486109375 0.05857843124999999 0.5595982140625 0.09931372499999999 0.5595982140625 0.09931372499999999 0.5520486109375
3 0.1435620921875 0.5729985125 0.057924835937499995 0.5729985125 0.057924835937499995 0.5827653765624999 0.1435620921875 0.5827653765624999 0.1435620921875 0.5729985125
3 0.11361111093750001 0.5962797625 0.0588235296875 0.5962797625 0.0588235296875 0.6059126984375001 0.11361111093750001 0.6059126984375001 0.11361111093750001 0.5962797625
3 0.10734068593749999 0.6184647812499999 0.0575122546875 0.6184647812499999 0.0575122546875 0.62923363125 0.10734068593749999 0.62923363125 0.10734068593749999 0.6184647812499999
3 0.5216135625 0.5272420640625 0.4558537578125 0.5272420640625 0.4558537578125 0.5384623015625001 0.5216135625 0.5384623015625001 0.5216135625 0.5272420640625
0 0.1399714046875 0.6454389875000001 0.05439134062499999 0.6454389875000001 0.05439134062499999 0.6663764875 0.1399714046875 0.6663764875 0.1399714046875 0.6454389875000001
0 0.38583741875 0.1353298609375 0.1990155234375 0.1353298609375 0.1990155234375 0.1589459328125 0.38583741875 0.1589459328125 0.38583741875 0.1353298609375
0 0.7678431375 0.134523809375 0.5439705874999999 0.134523809375 0.5439705874999999 0.155902778125 0.7678431375 0.155902778125 0.7678431375 0.134523809375
0 0.7645629078125 0.1586879953125 0.20432597968750002 0.1586879953125 0.20432597968750002 0.1772842265625 0.7645629078125 0.1772842265625 0.7645629078125 0.1586879953125
0 0.758492646875 0.17963293593750002 0.19636029375 0.17963293593750002 0.19636029375 0.20037698437499998 0.758492646875 0.20037698437499998 0.758492646875 0.17963293593750002
0 0.9224918296875 0.20943700468749998 0.20432189531249997 0.20943700468749998 0.20432189531249997 0.22735863125 0.9224918296875 0.22735863125 0.9224918296875 0.20943700468749998
0 0.923443628125 0.231185515625 0.20431781093749998 0.231185515625 0.20431781093749998 0.25662202343749996 0.923443628125 0.25662202343749996 0.923443628125 0.231185515625
0 0.604824346875 0.258573909375 0.1791135625 0.258573909375 0.1791135625 0.2837078375 0.604824346875 0.2837078375 0.604824346875 0.258573909375
0 0.44328431406249996 0.51876488125 0.2003431375 0.51876488125 0.2003431375 0.54166170625 0.44328431406249996 0.54166170625 0.44328431406249996 0.51876488125
0 0.7685906859375 0.5204290671875 0.5410008171875 0.5204290671875 0.5410008171875 0.543628471875 0.7685906859375 0.543628471875 0.7685906859375 0.5204290671875
0 0.7605392156249999 0.54365079375 0.2079901953125 0.54365079375 0.2079901953125 0.563244046875 0.7605392156249999 0.563244046875 0.7605392156249999 0.54365079375
0 0.77136029375 0.568258928125 0.208966503125 0.568258928125 0.208966503125 0.58438988125 0.77136029375 0.58438988125 0.77136029375 0.568258928125
0 0.7662785953125 0.5920064484374999 0.2054370921875 0.5920064484374999 0.2054370921875 0.6135391859375 0.7662785953125 0.6135391859375 0.7662785953125 0.5920064484374999
0 0.9154861109375 0.6139756937499999 0.20446486875 0.6139756937499999 0.20446486875 0.63431795625 0.9154861109375 0.63431795625 0.9154861109375 0.6139756937499999
0 0.6924101312500001 0.6456423609375 0.282263071875 0.6456423609375 0.282263071875 0.668315971875 0.6924101312500001 0.668315971875 0.6924101312500001 0.6456423609375
0 0.55 0.1359375 0.7578125 0.1359375 0.759375 0.1375 0.7578125 0.1546875 0.65 0.1546875 0.6484375 0.15625 0.55 0.1546875 0.55 0.1375
0 0.2078125 0.521875 0.4359375 0.521875 0.4359375 0.540625 0.2078125 0.540625 0.2078125 0.5234375
0 0.2078125 0.1359375 0.4359375 0.1359375 0.4359375 0.1546875 0.3671875 0.1546875 0.365625 0.15625 0.3625 0.1546875 0.35625 0.15625 0.3484375 0.1546875 0.3421875 0.15625 0.340625 0.1546875 0.325 0.15625 0.2078125 0.1546875 0.2078125 0.1375
0 0.2734375 0.178125 0.275 0.1796875 0.3234375 0.1796875 0.325 0.178125 0.33125 0.1796875 0.334375 0.178125 0.3390625 0.1796875 0.3546875 0.178125 0.3640625 0.1796875 0.4515625 0.1796875 0.453125 0.178125 0.4546875 0.1796875 0.4828125 0.1796875 0.484375 0.178125 0.490625 0.1796875 0.5078125 0.1796875 0.509375 0.178125 0.5109375 0.1796875 0.5140625 0.178125 0.51875 0.1796875 0.5578125 0.1796875 0.559375 0.178125 0.75625 0.1796875 0.759375 0.18125 0.759375 0.196875 0.75625 0.2 0.7484375 0.1984375 0.7265625 0.1984375 0.725 0.2 0.7203125 0.1984375 0.71875 0.2 0.6953125 0.2 0.69375 0.1984375 0.6734375 0.1984375 0.671875 0.2 0.621875 0.2 0.6203125 0.1984375 0.61875 0.2 0.4 0.2 0.3984375 0.1984375 0.390625 0.2 0.35625 0.2 0.3546875 0.1984375 0.35 0.2 0.3453125 0.1984375 0.34375 0.2 0.325 0.2 0.3234375 0.1984375 0.2265625 0.2 0.221875 0.1984375 0.209375 0.2 0.2078125 0.1984375 0.2078125 0.18125 0.209375 0.1796875 0.271875 0.1796875
0 0.29375 0.2609375 0.2953125 0.2625 0.2984375 0.2609375 0.3015625 0.2625 0.3109375 0.2609375 0.3125 0.2625 0.325 0.2609375 0.5359375 0.2609375 0.5375 0.2625 0.56875 0.2609375 0.571875 0.2625 0.5796875 0.2609375 0.5875 0.2640625 0.5875 0.28125 0.5859375 0.2828125 0.29375 0.2828125 0.2609375 0.2796875 0.259375 0.28125 0.24375 0.28125 0.2375 0.284375 0.2234375 0.28125 0.2125 0.2828125 0.203125 0.2796875 0.1875 0.2796875 0.1875 0.2640625 0.1890625 0.2625 0.2921875 0.2609375
0 0.2078125 0.54375 0.340625 0.54375 0.3421875 0.5453125 0.34375 0.54375 0.5265625 0.54375 0.5296875 0.5421875 0.55625 0.5453125 0.5609375 0.54375 0.5859375 0.54375 0.5875 0.5453125 0.75625 0.54375 0.759375 0.546875 0.759375 0.5578125 0.75625 0.5625 0.55625 0.5640625 0.5546875 0.565625 0.5484375 0.5640625 0.5328125 0.565625 0.446875 0.5640625 0.4390625 0.565625 0.4375 0.5640625 0.3359375 0.5640625 0.334375 0.5625 0.2484375 0.5625 0.246875 0.5609375 0.209375 0.5625 0.2078125 0.5609375 0.2078125 0.5453125
0 0.278125 0.15625 0.2796875 0.1578125 0.3640625 0.1578125 0.365625 0.159375 0.3890625 0.15625 0.40625 0.15625 0.4078125 0.1578125 0.4234375 0.1578125 0.425 0.15625 0.4359375 0.1578125 0.4484375 0.15625 0.4546875 0.1578125 0.54375 0.1578125 0.5453125 0.15625 0.5484375 0.1578125 0.596875 0.1578125 0.5984375 0.15625 0.609375 0.159375 0.6203125 0.1578125 0.746875 0.1578125 0.7484375 0.15625 0.753125 0.1578125 0.7546875 0.15625 0.759375 0.165625 0.7578125 0.1765625 0.753125 0.178125 0.75 0.1765625 0.640625 0.1765625 0.6390625 0.178125 0.634375 0.1765625 0.53125 0.1765625 0.5296875 0.178125 0.5265625 0.1765625 0.503125 0.1765625 0.5015625 0.178125 0.4953125 0.1765625 0.4625 0.1765625 0.4609375 0.178125 0.2078125 0.1765625 0.2078125 0.1609375 0.2109375 0.1578125 0.2765625 0.15625
0 0.55 0.521875 0.7578125 0.521875 0.759375 0.5234375 0.759375 0.5390625 0.7578125 0.540625 0.55 0.540625 0.55 0.5234375
3 0.685457515625 0.6671626984375 0.687908496875 0.6651785718750001 0.687908496875 0.6493055562500001 0.6805555562500001 0.646329365625 0.42366339843749995 0.6463779765625 0.3435212421875 0.648101190625 0.2859477125 0.646825396875 0.28513071874999996 0.6646825390625 0.294934640625 0.6676587296875 0.5751633984375 0.6681547625 0.685457515625 0.6671626984375