0 0.2039800359375 0.3946801109375 0.2022753953125 0.38088730625 0.200370025 0.38187411875 0.1998930625 0.404879046875 0.2225407625 0.669434759375 0.23577642499999998 0.8093364390625 0.239377846875 0.8106615843749999 0.2039800359375 0.3946801109375
0 0.6082096265625 0.9299254937500001 0.5911672609374999 0.7351303640625 0.5693359703125 0.7370403546875 0.5863783359375 0.9318354843750001 0.6082096265625 0.9299254937500001
4 0.5874405046875 0.9634973796875 0.5060310609374999 0.0329831671875 0.44474729843749994 0.0383448015625 0.52615674375 0.9688590140625 0.5874405046875 0.9634973796875
3 0.7306234046875 0.25616971093749996 0.7102172828125 0.0229266734375 0.6986938421875 0.02393484375 0.7190999640625 0.25717788124999996 0.7306234046875 0.25616971093749996
3 0.806792315625 0.7496770703125 0.758751271875 0.20056543750000003 0.7462691890625 0.201657478125 0.7943102328125 0.7507691109375 0.806792315625 0.7496770703125
5 0.1851278203125 0.8785484421875 0.1208276734375 0.1435944109375 0.083124471875 0.1468930125 0.14742461874999999 0.8818470453125 0.1851278203125 0.8785484421875
6 0.1601907453125 0.88155436875 0.096104928125 0.14905012812500001 0.0838501515625 0.1501222828125 0.14793596874999998 0.882626521875 0.1601907453125 0.88155436875
0 0.132133315625 0.27182249375 0.121160521875 0.146402884375 0.09761455 0.148462890625 0.1085873453125 0.2738825 0.132133315625 0.27182249375
0 0.1683652953125 0.7138434250000001 0.1596967171875 0.61476111875 0.13691172812500002 0.616754546875 0.14558030625 0.715836853125 0.1683652953125 0.7138434250000001
0 0.1827422859375 0.8770349109375 0.16870337500000002 0.71656943125 0.1459480359375 0.7185602656250001 0.1599869453125 0.87902574375 0.1827422859375 0.8770349109375
0 0.137346609375 0.34882618125 0.13054504375 0.27108392812500004 0.10783911875 0.2730704390625 0.114640684375 0.3508126921875 0.137346609375 0.34882618125
0 0.1147105984375 0.347542521875 0.1179602859375 0.35053866718750004 0.136243621875 0.34893908281249997 0.1372276140625 0.34311219375 0.134664209375 0.3138123515625 0.12940787812500001 0.2708061640625 0.108582615625 0.271808025 0.1073137984375 0.274379375 0.11115461093750001 0.312588715625 0.1144797984375 0.322139171875 0.1127880453125 0.3255676375 0.1147105984375 0.347542521875
0 0.119857725 0.15026478593749998 0.118584615625 0.1470957125 0.111524184375 0.14607319218749998 0.0987476421875 0.1480111078125 0.0996947921875 0.187293728125 0.1076612375 0.26696795 0.11189921249999998 0.26987763125 0.12912305468750002 0.2675506265625 0.119857725 0.15026478593749998
0 0.146468328125 0.7105350328125 0.150354571875 0.7151157171875 0.16694185781249998 0.7112041734375001 0.1682106734375 0.708632825 0.16649314531249998 0.6776187484375 0.163159365625 0.6565874453125 0.16087219218749998 0.619062290625 0.15861079375 0.61597968125 0.13877382031250002 0.616895078125 0.1355996328125 0.6204532390625 0.13913414375 0.6267049250000001 0.14069637343750002 0.6388699609375 0.139641175 0.6438829640625 0.146468328125 0.7105350328125
0 0.169065140625 0.718399440625 0.147745734375 0.71944453125 0.14612518593749999 0.7236868828125 0.1481772640625 0.7300682640625 0.1600772015625 0.87746783125 0.1823848984375 0.8763362750000001 0.169065140625 0.718399440625
3 0.17898623593750002 0.125646803125 0.17550000625 0.085799015625 0.1644657671875 0.0867643859375 0.167951996875 0.126612175 0.17898623593750002 0.125646803125
3 0.22870675937499998 0.1784915875 0.22038139218750002 0.08333220625 0.2111754859375 0.08413761875 0.219500853125 0.17929699999999998 0.22870675937499998 0.1784915875
3 0.2742775171875 0.1703589859375 0.266227715625 0.0783493375 0.25709099062499996 0.07914869687500001 0.26514079218750003 0.171158346875 0.2742775171875 0.1703589859375
3 0.291165421875 0.1266579046875 0.2868660234375 0.0775155546875 0.2776848234375 0.07831880625 0.281984221875 0.12746115625 0.291165421875 0.1266579046875
3 0.3223667046875 0.23944533906249998 0.30947349375 0.0920752625 0.3008012640625 0.092833984375 0.31369447500000003 0.24020405937499997 0.3223667046875 0.23944533906249998
3 0.35454734062500004 0.14727025 0.347850446875 0.07072440625000001 0.3385012375 0.07154235625000001 0.34519813125 0.1480881984375 0.35454734062500004 0.14727025
3 0.372545496875 0.123544328125 0.368067371875 0.072359128125 0.35988928593749997 0.07307461875 0.3643674109375 0.12425981875 0.372545496875 0.123544328125
3 0.39317656562500003 0.1253027390625 0.388811659375 0.0754116171875 0.38228895625 0.0759822796875 0.3866538625 0.1258734015625 0.39317656562500003 0.1253027390625
3 0.4092892390625 0.2862223765625 0.404593225 0.232546690625 0.39458680625000003 0.23342213906249998 0.3992828203125 0.287097825 0.4092892390625 0.2862223765625
3 0.552332946875 0.12310189375 0.544754528125 0.0364801609375 0.5333249734375001 0.0374801171875 0.5409033921875 0.12410185 0.552332946875 0.12310189375