0 0.191537496875 0.397322590625 0.2289823421875 0.66019238125 0.2346220625 0.6825004015625 0.236700584375 0.6830333078125 0.235258828125 0.6692105500000001 0.176173925 0.2559278796875 0.1729629 0.25802920625 0.191537496875 0.397322590625
0 0.4870226171875 0.059801534375 0.5142364171875 0.253437775 0.535937828125 0.250387840625 0.508724028125 0.0567516 0.4870226171875 0.059801534375
4 0.4200160171875 0.037273825 0.5500132453125001 0.962252159375 0.6109324140625 0.953690528125 0.4809351859375 0.028712193749999997 0.4200160171875 0.037273825
3 0.7681075374999999 0.6873118359375 0.8006926906249999 0.9191672484375 0.8121475765625 0.91755736875 0.7795624234375 0.68570195625 0.7681075374999999 0.6873118359375
3 0.7303563046875 0.1894526875 0.8070697906250001 0.7352975078124999 0.8194776140625001 0.7335537015625 0.7427641281249999 0.18770888125000001 0.7303563046875 0.1894526875
5 0.07056420625 0.2072518734375 0.173240753125 0.9378334671875 0.21071964843750002 0.9325661515625001 0.10804310156250001 0.2019845578125 0.07056420625 0.2072518734375
6 0.0708871078125 0.20637734531250002 0.17322140625 0.934523721875 0.1854032765625 0.9328116718749999 0.0830689765625 0.20466529531250002 0.0708871078125 0.20637734531250002
0 0.16948459531249999 0.8083708125 0.1870063078125 0.9330442671875 0.21041219687499998 0.9297547843749999 0.192890484375 0.8050813296875001 0.16948459531249999 0.8083708125
0 0.1061113328125 0.369422115625 0.1199535984375 0.4679149546875 0.1426030328125 0.4647317828125 0.1287607671875 0.3662389453125 0.1061113328125 0.369422115625
0 0.0834392171875 0.20717495625 0.10585700312499999 0.36668578281249997 0.1284769640625 0.36350675468750004 0.1060591796875 0.20399592812499998 0.0834392171875 0.20717495625
0 0.15807726093750002 0.73205063125 0.1689382203125 0.809330375 0.1915090609375 0.80615825 0.1806481015625 0.72887850625 0.15807726093750002 0.73205063125
0 0.190463525 0.8066847015624999 0.18591085000000002 0.7635983421875 0.1818175234375 0.7344728125 0.1795479875 0.7290166171875 0.1613734234375 0.7315708843750001 0.1588810109375 0.7352212609375 0.16195100625 0.7570654109375 0.1643706375 0.7600254421875 0.163279059375 0.770079125 0.16813191875 0.8081731578125 0.1699466421875 0.8103931828125001 0.190463525 0.8066847015624999
0 0.1909183390625 0.8099208703125 0.1736124796875 0.8115280281249999 0.170137659375 0.815316471875 0.18029819375 0.8947407093749999 0.1882119859375 0.93322958125 0.20109700312499998 0.93224373125 0.20774645937499997 0.9296591671875 0.20827405312499997 0.9262849281250001 0.1909183390625 0.8099208703125
0 0.1178431078125 0.46460621562500004 0.121736353125 0.4673591453125 0.14127082500000002 0.46378873125000003 0.14278082812499998 0.460276425 0.136568059375 0.4231985359375 0.1350853796875 0.401956328125 0.1297822375 0.3713507796875 0.1279675140625 0.36913075625 0.11092545312499999 0.36905079218750003 0.10816924375 0.3743882875 0.11651052343749999 0.4408678453125 0.11866635781249998 0.44551499687499996 0.11988070625 0.45771966875 0.1178431078125 0.46460621562500004
0 0.10740970937500001 0.3654197859375 0.1284177953125 0.36164226875 0.1058681109375 0.2047570515625 0.083877615625 0.20867263593750002 0.105440359375 0.3549712671875 0.104876375 0.3616507109375 0.10740970937500001 0.3654197859375
3 0.26045635 0.9385124687499999 0.266023275 0.978123190625 0.27699186875000004 0.9765816562499999 0.2714249453125 0.9369709328125 0.26045635 0.9385124687499999
3 0.29883250625 0.8755819812500001 0.3121267203125 0.970175234375 0.321277859375 0.9688891249999999 0.30798364375 0.874295871875 0.29883250625 0.8755819812500001
3 0.3451334953125 0.873245290625 0.35798767656249997 0.9647075484375 0.3670700453125 0.9634311046875 0.3542158640625 0.871968846875 0.3451334953125 0.873245290625
3 0.37137495781249996 0.9120335765625001 0.3782403765625 0.9608835656249999 0.3873669546875 0.959600909375 0.3805015359375 0.9107509203124999 0.37137495781249996 0.9120335765625001
3 0.37691084375 0.7950470109375 0.3974991390625 0.9415403437500001 0.40611977499999996 0.9403287921875 0.3855314796875 0.793835459375 0.37691084375 0.7950470109375
3 0.4283286234375 0.87771516875 0.4390224390625 0.95380561875 0.4483160265625 0.9524994906250001 0.4376222109375 0.8764090390625 0.4283286234375 0.87771516875
3 0.45236681562500003 0.8966206796874999 0.4595176296875 0.9475013640625001 0.46764706250000004 0.946358846875 0.46049624843750003 0.8954781625000001 0.45236681562500003 0.8966206796874999
3 0.47371909062500006 0.8900350906250001 0.480689115625 0.9396293968749999 0.4871730125 0.9387181453125001 0.48020298749999996 0.8891238375 0.47371909062500006 0.8900350906250001
3 0.44975676406250004 0.7301019421875 0.4572555109375 0.783458296875 0.46720239843750005 0.782060353125 0.4597036515625 0.7287039984375 0.44975676406250004 0.7301019421875
3 0.6244137265624999 0.85706264375 0.6365151906250001 0.9431690406250001 0.6478767484375 0.941572278125 0.635775284375 0.8554658796875 0.6244137265624999 0.85706264375