0 0.78513071875 0.20982142812500001 0.64460784375 0.20882936562499999 0.3790849671875 0.209325396875 0.35620915000000003 0.21180555625 0.35539215625 0.21378968281250002 0.3692810453125 0.2142857140625 0.78676470625 0.2132936515625 0.78513071875 0.20982142812500001
0 0.9377205875 0.5484126984375 0.742181371875 0.5484126984375 0.742181371875 0.57032738125 0.9377205875 0.57032738125 0.9377205875 0.5484126984375
4 0.969354575 0.48519345312500006 0.0352859484375 0.48519345312500006 0.0352859484375 0.546711309375 0.969354575 0.546711309375 0.969354575 0.48519345312500006
3 0.27719771249999997 0.7394295640624999 0.043063725000000004 0.7394295640624999 0.043063725000000004 0.7509970234375001 0.27719771249999997 0.7509970234375001 0.27719771249999997 0.7394295640624999
3 0.7754656859375 0.771334325 0.2242565359375 0.771334325 0.2242565359375 0.7838640875 0.7754656859375 0.7838640875 0.7754656859375 0.771334325
5 0.8496650328124999 0.11548611093750001 0.1119035953125 0.11548611093750001 0.1119035953125 0.1533333328125 0.8496650328124999 0.1533333328125 0.8496650328124999 0.11548611093750001
6 0.8504861109374999 0.1159275796875 0.1151838234375 0.1159275796875 0.1151838234375 0.1282291671875 0.8504861109374999 0.1282291671875 0.8504861109374999 0.1159275796875
0 0.240629084375 0.1297842265625 0.1147303921875 0.1297842265625 0.1147303921875 0.15342013906250002 0.240629084375 0.15342013906250002 0.240629084375 0.1297842265625
0 0.6841258171875 0.128117559375 0.5846650328125 0.128117559375 0.5846650328125 0.1509895828125 0.6841258171875 0.1509895828125 0.6841258171875 0.128117559375
0 0.847949346875 0.12824652812499998 0.6868709156249999 0.12824652812499998 0.6868709156249999 0.1510887890625 0.847949346875 0.1510887890625 0.847949346875 0.12824652812499998
0 0.3177941171875 0.12910962343750002 0.2397549015625 0.12910962343750002 0.2397549015625 0.15190228125 0.3177941171875 0.15190228125 0.3177941171875 0.12910962343750002
0 0.3178104578125 0.1507936515625 0.3178104578125 0.1324404765625 0.314542484375 0.12946428593749998 0.292483659375 0.12946428593749998 0.2892156859375 0.1314484125 0.2794117640625 0.1289682546875 0.241013071875 0.12847222187500001 0.23856209218750002 0.1299603171875 0.23937908437500002 0.1507936515625 0.2826797390625 0.1522817453125 0.312091503125 0.1522817453125 0.3178104578125 0.1507936515625
0 0.23611111093749998 0.1507936515625 0.23692810468749997 0.13343253906250002 0.23366013125 0.12946428593749998 0.15359477187499998 0.12847222187500001 0.114379084375 0.13095238125 0.11356209218749999 0.14384920625 0.11519607812499999 0.1507936515625 0.11846405156249999 0.15178571406250002 0.23611111093749998 0.1507936515625
0 0.6478758171875 0.1522817453125 0.67892156875 0.1512896828125 0.6813725484375001 0.1498015875 0.6838235296875 0.1329365078125 0.67892156875 0.12946428593749998 0.6119281046875 0.12847222187500001 0.60702614375 0.1299603171875 0.5947712421875 0.12946428593749998 0.58823529375 0.1264880953125 0.5849673203125 0.1299603171875 0.5857843140625 0.1498015875 0.5890522875 0.15178571406250002 0.6266339875 0.1507936515625 0.6478758171875 0.1522817453125
0 0.6985294125 0.12946428593749998 0.6919934640625 0.127976190625 0.687908496875 0.1299603171875 0.688725490625 0.1512896828125 0.847222221875 0.1507936515625 0.846405228125 0.12847222187500001 0.6985294125 0.12946428593749998
3 0.0990931375 0.2017584328125 0.059093137500000004 0.2017584328125 0.059093137500000004 0.21283482187499997 0.0990931375 0.21283482187499997 0.0990931375 0.2017584328125
3 0.1560702609375 0.2485193453125 0.060547385937499996 0.2485193453125 0.060547385937499996 0.2577604171875 0.1560702609375 0.2577604171875 0.1560702609375 0.2485193453125
3 0.151940359375 0.294694940625 0.059579248437499996 0.294694940625 0.059579248437499996 0.3038665671875 0.151940359375 0.3038665671875 0.151940359375 0.294694940625
3 0.10987745156249999 0.3152827375 0.060547385937499996 0.3152827375 0.060547385937499996 0.32449900781249996 0.10987745156249999 0.32449900781249996 0.10987745156249999 0.3152827375
3 0.22495506562499998 0.33704613125 0.077022059375 0.33704613125 0.077022059375 0.3457514875 0.22495506562499998 0.3457514875 0.22495506562499998 0.33704613125
3 0.1359354578125 0.3764583328125 0.059097221874999994 0.3764583328125 0.059097221874999994 0.3858432546875 0.1359354578125 0.3858432546875 0.1359354578125 0.3764583328125
3 0.1138684640625 0.3976314484375 0.062487745312499995 0.3976314484375 0.062487745312499995 0.40584077343749997 0.1138684640625 0.40584077343749997 0.1138684640625 0.3976314484375
3 0.1174183 0.4196924609375 0.0673366015625 0.4196924609375 0.0673366015625 0.4262400796875 0.1174183 0.4262400796875 0.1174183 0.4196924609375
3 0.2791299015625 0.4182217265625 0.2252491828125 0.4182217265625 0.2252491828125 0.42826636875 0.2791299015625 0.42826636875 0.2791299015625 0.4182217265625
3 0.129097221875 0.573509425 0.0421446078125 0.573509425 0.0421446078125 0.5849826390625 0.129097221875 0.5849826390625 0.129097221875 0.573509425