3 0.6529110421875 0.7141640312499999 0.64950059375 0.6653923421875 0.63467125 0.6664293109375 0.6380816984375 0.715201 0.6529110421875 0.7141640312499999
3 0.6626861234375 0.8374343140624999 0.6587685703124999 0.7814107078125 0.6399540796875 0.7827263453125 0.64387163125 0.8387499515625001 0.6626861234375 0.8374343140624999
3 0.52840648125 0.22607132343749997 0.5239949203125 0.1629830578125 0.5097020375 0.1639825140625 0.5141135984375 0.2270707796875 0.52840648125 0.22607132343749997
3 0.51251286875 0.268973934375 0.5051110640625 0.1631231953125 0.48417626875 0.16458710000000001 0.4915780734375 0.2704378375 0.51251286875 0.268973934375
3 0.48901326406249995 0.2765274890625 0.48109364218749995 0.163271625 0.46659639375 0.164285371875 0.4745160140625 0.2775412359375 0.48901326406249995 0.2765274890625
3 0.5544949890625 0.54206901875 0.5461361171875 0.42253156562500005 0.5266318875 0.423895434375 0.5349907609375 0.5434328875000001 0.5544949890625 0.54206901875
3 0.5333730953125 0.534616403125 0.5257951125 0.4262462203125 0.501743728125 0.42792805625 0.509321709375 0.5362982390625 0.5333730953125 0.534616403125
3 0.5123440625 0.5931029171875 0.5008521 0.428760196875 0.48308498593750004 0.4300025953125 0.4945769484375 0.594345315625 0.5123440625 0.5931029171875
3 0.56839749375 0.749052234375 0.5628110234375 0.6691619953125 0.54117371875 0.6706750218749999 0.5467601890625 0.7505652625 0.56839749375 0.749052234375
3 0.5460715375 0.732548934375 0.5415302234375 0.66760513125 0.5221537234375 0.6689600687499999 0.5266950375 0.7339038718750001 0.5460715375 0.732548934375
3 0.523003840625 0.72168278125 0.519277940625 0.6683999234375 0.4994416140625 0.6697870140625 0.5031675156250001 0.7230698734375001 0.523003840625 0.72168278125
5 0.38629379531249997 0.8856801140625 0.3344335484375 0.144044015625 0.2785648515625 0.14795073593750002 0.33042509999999997 0.889586834375 0.38629379531249997 0.8856801140625
7 0.35244449843750003 0.4096889984375 0.33390665468749997 0.1445855015625 0.3079776546875 0.146398634375 0.32651549687500003 0.41150213124999996 0.35244449843750003 0.4096889984375
5 0.3061484796875 0.8930036265625001 0.25412515 0.1490353375 0.13944999062500002 0.15705420625 0.1914733203125 0.90102249375 0.3061484796875 0.8930036265625001
7 0.2652600375 0.33277615625 0.25255150312499997 0.1510356484375 0.229062128125 0.1526781859375 0.2417706625 0.33441869375 0.2652600375 0.33277615625
3 0.215894715625 0.421700828125 0.1972783078125 0.1554737953125 0.170020925 0.1573798171875 0.18863733124999998 0.42360685 0.215894715625 0.421700828125
3 0.247108865625 0.506940978125 0.24210687343749998 0.43540916718749995 0.22410984687500002 0.4366676421875 0.2291118390625 0.508199453125 0.247108865625 0.506940978125
3 0.1887227171875 0.424644378125 0.170046790625 0.1575661796875 0.139775 0.159682990625 0.15845092656249998 0.4267611875 0.1887227171875 0.424644378125
0 0.6953125 0.671875 0.7203125 0.6703125 0.7234375 0.6734375 0.7234375 0.696875 0.7265625 0.7171875 0.728125 0.7609375 0.7328125 0.80625 0.7328125 0.828125 0.734375 0.8296875 0.7328125 0.834375 0.7359375 0.8515625 0.734375 0.8625 0.7109375 0.8640625 0.7078125 0.8609375 0.696875 0.696875 0.6953125 0.6953125 0.6953125 0.6734375
0 0.1625 0.425 0.1578125 0.4 0.159375 0.3859375 0.15625 0.378125 0.15625 0.3578125 0.1546875 0.35625 0.15625 0.3421875 0.153125 0.3328125 0.1453125 0.20625 0.1421875 0.2 0.14375 0.1921875 0.1421875 0.165625 0.1453125 0.1609375 0.1640625 0.1578125 0.16875 0.1609375 0.171875 0.1765625 0.171875 0.2015625 0.175 0.221875 0.1734375 0.2609375 0.178125 0.26875 0.1796875 0.2796875 0.178125 0.309375 0.1828125 0.3328125 0.1828125 0.3546875 0.184375 0.35625 0.18125 0.3640625 0.18125 0.3765625 0.184375 0.38125 0.1859375 0.390625 0.184375 0.3984375 0.1875 0.4078125 0.1859375 0.4125 0.1875 0.421875 0.184375 0.425 0.178125 0.4265625 0.1640625 0.425
0 0.746875 0.66875 0.7515625 0.671875 0.753125 0.6765625 0.7515625 0.6921875 0.7546875 0.6984375 0.753125 0.7140625 0.75625 0.71875 0.7546875 0.7265625 0.75625 0.759375 0.7609375 0.7828125 0.759375 0.8046875 0.7609375 0.80625 0.7640625 0.8578125 0.759375 0.8609375 0.7375 0.859375 0.7328125 0.784375 0.7296875 0.771875 0.73125 0.7625 0.7265625 0.7171875 0.7265625 0.6953125 0.7234375 0.6875 0.7234375 0.6703125 0.7453125 0.66875
0 0.1921875 0.428125 0.2125 0.4265625 0.21875 0.45 0.2171875 0.4875 0.2203125 0.4890625 0.21875 0.509375 0.221875 0.5109375 0.221875 0.53125 0.2234375 0.5328125 0.221875 0.5546875 0.225 0.55625 0.2265625 0.5984375 0.2296875 0.6015625 0.228125 0.61875 0.23125 0.621875 0.2296875 0.64375 0.234375 0.6890625 0.2328125 0.6984375 0.234375 0.709375 0.2328125 0.7109375 0.234375 0.7125 0.234375 0.7328125 0.2375 0.7375 0.24375 0.8453125 0.2484375 0.890625 0.2453125 0.8953125 0.2359375 0.896875 0.225 0.8953125 0.2234375 0.896875 0.2203125 0.890625 0.2203125 0.8703125 0.21875 0.86875 0.2203125 0.8484375 0.2171875 0.840625 0.21875 0.825 0.2171875 0.8234375 0.2171875 0.8046875 0.2140625 0.8015625 0.2140625 0.78125 0.2125 0.7796875 0.2140625 0.7734375 0.2109375 0.75625 0.2125 0.7390625 0.209375 0.734375 0.2109375 0.7296875 0.2078125 0.7125 0.209375 0.690625 0.20625 0.6859375 0.2 0.5796875 0.196875 0.571875 0.1984375 0.5578125 0.196875 0.55625 0.196875 0.5296875 0.1921875 0.4890625 0.1921875 0.4671875 0.1890625 0.459375 0.190625 0.4453125 0.1890625 0.43125 0.1921875 0.4296875
0 0.696875 0.325 0.7 0.3296875 0.7 0.3546875 0.703125 0.359375 0.7015625 0.38125 0.703125 0.3828125 0.7046875 0.4234375 0.7078125 0.4265625 0.70625 0.440625 0.709375 0.4484375 0.7078125 0.45625 0.7078125 0.4703125 0.7109375 0.475 0.709375 0.4921875 0.7125 0.4953125 0.709375 0.4984375 0.6859375 0.5015625 0.68125 0.49375 0.68125 0.4734375 0.678125 0.45 0.6796875 0.440625 0.6765625 0.4265625 0.678125 0.4109375 0.675 0.4046875 0.6703125 0.33125 0.675 0.325 0.6953125 0.3265625
0 0.6625 0.1234375 0.6640625 0.125 0.68125 0.1234375 0.6859375 0.1359375 0.684375 0.153125 0.6875 0.159375 0.6859375 0.1609375 0.6875 0.178125 0.690625 0.18125 0.6890625 0.2015625 0.6953125 0.2484375 0.69375 0.26875 0.696875 0.271875 0.6953125 0.2765625 0.6984375 0.2921875 0.696875 0.3078125 0.7015625 0.31875 0.7015625 0.321875 0.6953125 0.325 0.675 0.325 0.6734375 0.3265625 0.6703125 0.3234375 0.66875 0.315625 0.66875 0.29375 0.6671875 0.2921875 0.6578125 0.1375 0.65625 0.1359375 0.65625 0.125 0.6609375 0.1234375
0 0.371875 0.1453125 0.3734375 0.146875 0.3734375 0.16875 0.375 0.1703125 0.3890625 0.3921875 0.390625 0.39375 0.390625 0.4078125 0.3796875 0.4125 0.3640625 0.4109375 0.3515625 0.215625 0.346875 0.1703125 0.346875 0.1484375 0.3453125 0.146875 0.3546875 0.14375 0.3703125 0.1453125
0 0.5640625 0.13125 0.5859375 0.1296875 0.590625 0.1390625 0.596875 0.20625 0.6 0.271875 0.6015625 0.2734375 0.6015625 0.3 0.603125 0.3015625 0.603125 0.3203125 0.6 0.3234375 0.578125 0.325 0.5765625 0.31875 0.5640625 0.1328125
0 0.625 0.675 0.628125 0.678125 0.628125 0.69375 0.63125 0.6984375 0.63125 0.7203125 0.6359375 0.765625 0.634375 0.775 0.6375 0.7875 0.6359375 0.8 0.6390625 0.8171875 0.6375 0.83125 0.6421875 0.865625 0.6375 0.86875 0.625 0.8703125 0.615625 0.86875 0.609375 0.7671875 0.6046875 0.74375 0.60625 0.7421875 0.60625 0.721875 0.603125 0.6984375 0.603125 0.678125 0.6234375 0.675
0 0.184375 0.4265625 0.1890625 0.428125 0.190625 0.43125 0.1875 0.4359375 0.1875 0.44375 0.190625 0.45 0.190625 0.465625 0.1921875 0.4671875 0.190625 0.46875 0.190625 0.4875 0.19375 0.4953125 0.1921875 0.5109375 0.196875 0.534375 0.1953125 0.5421875 0.1984375 0.55625 0.196875 0.578125 0.2015625 0.6125 0.2 0.621875 0.203125 0.6453125 0.2015625 0.6484375 0.20625 0.66875 0.2046875 0.6890625 0.20625 0.690625 0.20625 0.7109375 0.209375 0.71875 0.2078125 0.734375 0.2109375 0.7375 0.209375 0.75625 0.2125 0.771875 0.2140625 0.821875 0.2171875 0.825 0.215625 0.8453125 0.2203125 0.8953125 0.2171875 0.8984375 0.2140625 0.896875 0.2 0.9 0.1953125 0.8984375 0.190625 0.8703125 0.1875 0.8046875 0.184375 0.796875 0.1859375 0.7859375 0.1828125 0.7796875 0.184375 0.759375 0.1828125 0.7578125 0.18125 0.725 0.178125 0.7125 0.1796875 0.6921875 0.175 0.6546875 0.1765625 0.653125 0.175 0.625 0.1734375 0.6234375 0.1734375 0.603125 0.1703125 0.5984375 0.171875 0.5953125 0.16875 0.5796875 0.16875 0.5625 0.1703125 0.5609375 0.1671875 0.55625 0.1640625 0.484375 0.1609375 0.4671875 0.1625 0.4546875 0.1609375 0.4359375 0.1640625 0.4296875 0.1828125 0.428125
0 0.171875 0.159375 0.175 0.1578125 0.1953125 0.1578125 0.196875 0.159375 0.2 0.21875 0.2015625 0.234375 0.2046875 0.2421875 0.203125 0.2515625 0.2046875 0.2859375 0.20625 0.2875 0.2046875 0.3046875 0.2078125 0.309375 0.209375 0.3484375 0.2125 0.3546875 0.2125 0.38125 0.2140625 0.3828125 0.2125 0.3875 0.215625 0.3984375 0.2140625 0.421875 0.190625 0.4234375 0.1875 0.4171875 0.1875 0.4015625 0.1859375 0.4 0.1875 0.3796875 0.184375 0.3765625 0.184375 0.35625 0.1828125 0.3546875 0.184375 0.353125 0.184375 0.334375 0.1796875 0.309375 0.18125 0.2890625 0.175 0.2421875 0.1765625 0.221875 0.1734375 0.21875 0.175 0.215625 0.171875 0.1984375 0.1734375 0.1859375 0.1703125 0.1765625 0.171875 0.1609375
0 0.8390625 0.1109375 0.8421875 0.1203125 0.840625 0.1296875 0.84375 0.1453125 0.8421875 0.1515625 0.84375 0.153125 0.84375 0.171875 0.846875 0.175 0.8453125 0.1765625 0.8453125 0.196875 0.8484375 0.2015625 0.846875 0.21875 0.85 0.2296875 0.8484375 0.2390625 0.8515625 0.25625 0.8515625 0.2796875 0.8546875 0.2875 0.853125 0.29375 0.8546875 0.31875 0.853125 0.3203125 0.8578125 0.34375 0.85625 0.3515625 0.8609375 0.3578125 0.859375 0.3609375 0.8609375 0.3765625 0.859375 0.378125 0.859375 0.396875 0.8640625 0.421875 0.8625 0.4421875 0.865625 0.465625 0.875 0.6203125 0.878125 0.6296875 0.8765625 0.64375 0.88125 0.68125 0.8796875 0.703125 0.8828125 0.7125 0.8828125 0.7328125 0.8859375 0.740625 0.884375 0.74375 0.890625 0.778125 0.890625 0.84375 0.8921875 0.8453125 0.890625 0.8515625 0.86875 0.8515625 0.865625 0.8390625 0.8671875 0.825 0.8640625 0.8203125 0.8640625 0.8046875 0.865625 0.803125 0.8625 0.8 0.8640625 0.7859375 0.8609375 0.7796875 0.8625 0.7578125 0.859375 0.746875 0.8609375 0.7359375 0.859375 0.734375 0.8578125 0.690625 0.853125 0.6453125 0.853125 0.6234375 0.85 0.61875 0.8515625 0.6015625 0.85 0.6 0.8484375 0.5578125 0.8453125 0.55625 0.846875 0.534375 0.8421875 0.4890625 0.84375 0.4734375 0.840625 0.465625 0.840625 0.4453125 0.8390625 0.44375 0.840625 0.4328125 0.8375 0.421875 0.8390625 0.415625 0.8359375 0.3984375 0.834375 0.3609375 0.83125 0.3546875 0.8328125 0.353125 0.8328125 0.3359375 0.8296875 0.3328125 0.83125 0.3109375 0.8296875 0.309375 0.8296875 0.2890625 0.8265625 0.284375 0.828125 0.2671875 0.825 0.259375 0.8234375 0.24375 0.825 0.221875 0.8234375 0.2203125 0.821875 0.178125 0.81875 0.175 0.8203125 0.1546875 0.815625 0.1484375 0.8171875 0.134375 0.815625 0.115625 0.8234375 0.1109375 0.8375 0.1109375
0 0.7390625 0.11875 0.7421875 0.134375 0.740625 0.1453125 0.74375 0.15625 0.74375 0.178125 0.7484375 0.2234375 0.746875 0.2453125 0.7515625 0.2828125 0.7515625 0.3109375 0.7546875 0.321875 0.753125 0.334375 0.75625 0.3453125 0.7546875 0.365625 0.7578125 0.3796875 0.7578125 0.4015625 0.7609375 0.4078125 0.7609375 0.4234375 0.7625 0.425 0.7609375 0.4453125 0.7640625 0.459375 0.7625 0.46875 0.765625 0.4859375 0.7640625 0.490625 0.765625 0.4921875 0.7671875 0.534375 0.7703125 0.5453125 0.76875 0.553125 0.771875 0.5671875 0.7703125 0.5796875 0.775 0.603125 0.7765625 0.6515625 0.778125 0.653125 0.7765625 0.6640625 0.7796875 0.6703125 0.7796875 0.7078125 0.7828125 0.715625 0.7828125 0.7359375 0.784375 0.7375 0.7828125 0.753125 0.784375 0.78125 0.7875 0.784375 0.7890625 0.825 0.790625 0.8265625 0.790625 0.8546875 0.78125 0.859375 0.7671875 0.8578125 0.765625 0.828125 0.7625 0.821875 0.7625 0.80625 0.7609375 0.8046875 0.7625 0.784375 0.7609375 0.76875 0.7578125 0.7609375 0.759375 0.759375 0.759375 0.7390625 0.7546875 0.69375 0.753125 0.65 0.75 0.640625 0.7515625 0.628125 0.75 0.6265625 0.7484375 0.5828125 0.746875 0.58125 0.746875 0.565625 0.74375 0.559375 0.74375 0.5390625 0.7421875 0.5375 0.74375 0.515625 0.7421875 0.5 0.7390625 0.4921875 0.7390625 0.4765625 0.740625 0.475 0.7390625 0.4484375 0.7375 0.4328125 0.734375 0.425 0.7359375 0.4125 0.7328125 0.403125 0.734375 0.38125 0.73125 0.36875 0.7328125 0.3609375 0.73125 0.340625 0.728125 0.3359375 0.728125 0.315625 0.7265625 0.3140625 0.7265625 0.2921875 0.725 0.290625 0.7265625 0.2703125 0.725 0.26875 0.7234375 0.2328125 0.7203125 0.2234375 0.721875 0.203125 0.71875 0.2 0.7203125 0.18125 0.7171875 0.175 0.7171875 0.146875 0.715625 0.1453125 0.7171875 0.1359375 0.7140625 0.1265625 0.715625 0.1203125 0.734375 0.1171875 0.7375 0.11875
0 0.7046875 0.1171875 0.7109375 0.1203125 0.7125 0.134375 0.715625 0.1390625 0.71875 0.2015625 0.7203125 0.203125 0.71875 0.2234375 0.7203125 0.225 0.7203125 0.2453125 0.7234375 0.2484375 0.721875 0.2671875 0.7265625 0.3140625 0.7265625 0.321875 0.7078125 0.325 0.7015625 0.3234375 0.6984375 0.3171875 0.696875 0.3015625 0.6984375 0.2953125 0.6953125 0.2921875 0.696875 0.271875 0.69375 0.2640625 0.69375 0.2484375 0.6921875 0.246875 0.6921875 0.2046875 0.6890625 0.1921875 0.690625 0.18125 0.684375 0.1640625 0.6875 0.14375 0.6859375 0.125 0.6890625 0.121875 0.69375 0.121875 0.6984375 0.1171875 0.703125 0.1171875
0 0.725 0.3234375 0.7296875 0.3359375 0.728125 0.3578125 0.73125 0.365625 0.7296875 0.3796875 0.7328125 0.384375 0.73125 0.4 0.7328125 0.425 0.7359375 0.4265625 0.7375 0.4390625 0.7359375 0.46875 0.7390625 0.4921875 0.734375 0.4984375 0.725 0.5015625 0.715625 0.5 0.7109375 0.49375 0.7109375 0.4734375 0.7078125 0.4703125 0.709375 0.45 0.70625 0.4421875 0.7078125 0.434375 0.70625 0.4046875 0.7046875 0.403125 0.7046875 0.3875 0.7015625 0.38125 0.703125 0.3796875 0.7 0.359375 0.7015625 0.346875 0.6984375 0.3359375 0.6984375 0.3265625 0.7234375 0.3234375
0 0.71875 0.5 0.7203125 0.5015625 0.725 0.5 0.740625 0.5015625 0.740625 0.5359375 0.7453125 0.559375 0.7453125 0.58125 0.746875 0.5828125 0.7453125 0.596875 0.7484375 0.6046875 0.746875 0.625 0.75 0.65 0.75 0.6671875 0.746875 0.6671875 0.7421875 0.671875 0.734375 0.6703125 0.7296875 0.671875 0.7234375 0.665625 0.721875 0.65 0.7234375 0.6296875 0.7203125 0.6265625 0.7171875 0.5609375 0.715625 0.559375 0.7171875 0.5390625 0.7125 0.515625 0.7125 0.503125 0.7171875 0.5
0 0.621875 0.1265625 0.6421875 0.125 0.6453125 0.1375 0.64375 0.1453125 0.646875 0.159375 0.646875 0.18125 0.6484375 0.1828125 0.6515625 0.2484375 0.653125 0.25 0.6515625 0.2546875 0.6546875 0.271875 0.6546875 0.2921875 0.6578125 0.2984375 0.65625 0.315625 0.659375 0.3265625 0.6578125 0.3375 0.6625 0.3828125 0.6609375 0.4046875 0.6640625 0.409375 0.6640625 0.4265625 0.6671875 0.4390625 0.665625 0.4484375 0.66875 0.4546875 0.6671875 0.459375 0.66875 0.49375 0.6703125 0.4953125 0.66875 0.515625 0.671875 0.51875 0.6734375 0.5609375 0.6765625 0.5671875 0.6765625 0.5859375 0.678125 0.5875 0.6765625 0.603125 0.6796875 0.6296875 0.678125 0.640625 0.68125 0.6515625 0.6828125 0.6953125 0.6875 0.740625 0.6890625 0.784375 0.6921875 0.7875 0.690625 0.80625 0.6953125 0.853125 0.6953125 0.8625 0.6921875 0.865625 0.6734375 0.865625 0.6703125 0.8640625 0.671875 0.85625 0.665625 0.85 0.6640625 0.809375 0.6625 0.8078125 0.6640625 0.80625 0.6640625 0.7875 0.6625 0.7859375 0.6609375 0.7421875 0.6578125 0.71875 0.659375 0.709375 0.6578125 0.696875 0.659375 0.675 0.65625 0.6515625 0.6578125 0.6375 0.6546875 0.6296875 0.653125 0.6171875 0.6546875 0.609375 0.6515625 0.603125 0.653125 0.5859375 0.6484375 0.5625 0.65 0.5421875 0.646875 0.5203125 0.6453125 0.475 0.6421875 0.4703125 0.64375 0.453125 0.640625 0.45 0.6421875 0.4296875 0.6390625 0.425 0.640625 0.41875 0.6390625 0.3890625 0.640625 0.3875 0.6375 0.3828125 0.634375 0.31875 0.63125 0.3 0.6328125 0.2953125 0.63125 0.29375 0.63125 0.275 0.628125 0.271875 0.628125 0.25625 0.6296875 0.2546875 0.6265625 0.2265625 0.628125 0.2203125 0.6265625 0.209375 0.6234375 0.2046875 0.625 0.2015625 0.6234375 0.1953125 0.625 0.19375 0.625 0.1703125 0.621875 0.159375 0.621875 0.1390625 0.61875 0.13125 0.621875 0.128125
0 0.5484375 0.13125 0.5515625 0.134375 0.5515625 0.153125 0.553125 0.1625 0.55625 0.1671875 0.5546875 0.1703125 0.55625 0.2046875 0.5546875 0.20625 0.5578125 0.209375 0.5578125 0.225 0.5609375 0.2359375 0.5640625 0.31875 0.565625 0.3203125 0.565625 0.340625 0.56875 0.346875 0.565625 0.3625 0.5703125 0.3875 0.5703125 0.4078125 0.575 0.43125 0.5765625 0.475 0.5796875 0.4984375 0.578125 0.51875 0.5796875 0.5203125 0.5796875 0.5421875 0.584375 0.5875 0.584375 0.609375 0.5859375 0.6109375 0.5859375 0.6296875 0.5890625 0.6328125 0.5890625 0.653125 0.5921875 0.6765625 0.5921875 0.6984375 0.59375 0.7 0.5921875 0.7203125 0.5953125 0.7234375 0.59375 0.7421875 0.596875 0.7671875 0.5953125 0.7875 0.5984375 0.79375 0.6015625 0.8546875 0.603125 0.85625 0.603125 0.86875 0.6 0.871875 0.578125 0.8703125 0.5796875 0.8578125 0.5765625 0.85 0.575 0.81875 0.571875 0.8109375 0.56875 0.7890625 0.56875 0.7234375 0.565625 0.7 0.5671875 0.678125 0.5640625 0.6671875 0.5640625 0.65625 0.5609375 0.6515625 0.5625 0.634375 0.559375 0.6109375 0.559375 0.5890625 0.55625 0.5859375 0.55625 0.5703125 0.553125 0.565625 0.5515625 0.5328125 0.5546875 0.521875 0.553125 0.5203125 0.553125 0.5 0.546875 0.4765625 0.55 0.4546875 0.546875 0.446875 0.546875 0.428125 0.54375 0.409375 0.5453125 0.40625 0.5421875 0.3875 0.54375 0.365625 0.5390625 0.3421875 0.540625 0.3328125 0.5375 0.3203125 0.5375 0.2984375 0.534375 0.275 0.534375 0.259375 0.5359375 0.2578125 0.534375 0.2328125 0.5359375 0.23125 0.5328125 0.225 0.5328125 0.2046875 0.528125 0.1734375 0.5296875 0.165625 0.5265625 0.1421875 0.5265625 0.1359375 0.5296875 0.1328125 0.546875 0.13125
0 0.4 0.14375 0.4015625 0.1671875 0.4046875 0.1734375 0.4046875 0.1890625 0.40625 0.190625 0.4078125 0.2421875 0.4109375 0.25625 0.4140625 0.2578125 0.4109375 0.2609375 0.4125 0.271875 0.4109375 0.2734375 0.4125 0.2796875 0.4109375 0.28125 0.4109375 0.3015625 0.4125 0.303125 0.4125 0.3234375 0.415625 0.325 0.4140625 0.3453125 0.41875 0.3921875 0.41875 0.4078125 0.415625 0.4125 0.4171875 0.4140625 0.4078125 0.41875 0.3921875 0.4078125 0.384375 0.2828125 0.38125 0.2703125 0.3828125 0.259375 0.378125 0.2140625 0.375 0.1484375 0.3734375 0.146875 0.378125 0.14375 0.3984375 0.14375
0 0.4109375 0.4125 0.4203125 0.4171875 0.4296875 0.56875 0.4328125 0.575 0.43125 0.5921875 0.4359375 0.6375 0.4375 0.68125 0.440625 0.696875 0.4390625 0.703125 0.4421875 0.7265625 0.4421875 0.7484375 0.4453125 0.7515625 0.44375 0.76875 0.446875 0.771875 0.4453125 0.7734375 0.4453125 0.7921875 0.446875 0.79375 0.4484375 0.8375 0.4515625 0.84375 0.45 0.85 0.4515625 0.8796875 0.44375 0.8828125 0.4296875 0.8828125 0.425 0.8796875 0.41875 0.7734375 0.4171875 0.771875 0.41875 0.7515625 0.415625 0.7453125 0.409375 0.6484375 0.4078125 0.6390625 0.4046875 0.634375 0.4109375 0.6171875 0.4078125 0.6125 0.4046875 0.59375 0.4046875 0.571875 0.4 0.5265625 0.4015625 0.5140625 0.396875 0.5 0.3984375 0.4625 0.3953125 0.459375 0.3953125 0.4390625 0.3921875 0.428125 0.39375 0.4140625 0.409375 0.4125
0 0.36875 0.4140625 0.3703125 0.415625 0.3890625 0.4140625 0.3921875 0.41875 0.396875 0.503125 0.4 0.51875 0.3984375 0.5421875 0.4015625 0.55 0.4046875 0.609375 0.4078125 0.6140625 0.4109375 0.615625 0.415625 0.6140625 0.4203125 0.6171875 0.415625 0.6203125 0.4109375 0.6171875 0.40625 0.621875 0.40625 0.6375 0.4109375 0.6828125 0.4234375 0.8828125 0.4015625 0.8859375 0.396875 0.8828125 0.39375 0.81875 0.390625 0.8015625 0.3921875 0.8 0.390625 0.775 0.3875 0.7609375 0.3890625 0.7515625 0.3875 0.7359375 0.384375 0.728125 0.3859375 0.7078125 0.3828125 0.703125 0.384375 0.6859375 0.3828125 0.684375 0.3828125 0.6625 0.378125 0.6171875 0.378125 0.5953125 0.375 0.5796875 0.3765625 0.5734375 0.3703125 0.509375 0.3671875 0.4390625 0.365625 0.4375 0.365625 0.415625 0.3671875 0.415625
0 0.2796875 0.1515625 0.284375 0.15 0.3078125 0.15 0.309375 0.1515625 0.3125 0.2140625 0.315625 0.2171875 0.3140625 0.2375 0.3203125 0.3 0.31875 0.3046875 0.3234375 0.35 0.3234375 0.371875 0.325 0.3734375 0.3234375 0.4125 0.3265625 0.4171875 0.3296875 0.4828125 0.3328125 0.490625 0.3328125 0.50625 0.334375 0.5078125 0.3390625 0.5953125 0.34375 0.640625 0.3421875 0.6625 0.346875 0.6859375 0.3546875 0.81875 0.359375 0.8640625 0.359375 0.8859375 0.35625 0.8890625 0.3359375 0.8890625 0.334375 0.890625 0.328125 0.8828125 0.3296875 0.88125 0.3296875 0.865625 0.3265625 0.85 0.328125 0.8453125 0.325 0.8421875 0.3265625 0.821875 0.325 0.8203125 0.325 0.803125 0.321875 0.7984375 0.3234375 0.7828125 0.3203125 0.775 0.321875 0.7546875 0.3171875 0.73125 0.31875 0.709375 0.3171875 0.7078125 0.3171875 0.690625 0.3140625 0.6859375 0.3125 0.6765625 0.3109375 0.64375 0.3078125 0.6328125 0.30625 0.5984375 0.3046875 0.596875 0.30625 0.5953125 0.3046875 0.5921875 0.30625 0.590625 0.3046875 0.575 0.30625 0.553125 0.3015625 0.515625 0.303125 0.4859375 0.2984375 0.4671875 0.3 0.45 0.2953125 0.440625 0.296875 0.4015625 0.29375 0.3953125 0.2953125 0.3890625 0.29375 0.3765625 0.2953125 0.375 0.2921875 0.359375 0.290625 0.309375 0.2875 0.30625 0.2890625 0.2859375 0.2875 0.284375 0.2796875 0.153125
0 0.2671875 0.3125 0.265625 0.3203125 0.26875 0.3296875 0.2671875 0.3515625 0.2703125 0.35625 0.2703125 0.371875 0.26875 0.3734375 0.2734375 0.396875 0.271875 0.40625 0.275 0.41875 0.2734375 0.440625 0.2765625 0.45 0.2796875 0.5078125 0.28125 0.509375 0.2796875 0.5109375 0.2796875 0.5296875 0.2828125 0.5328125 0.284375 0.575 0.2859375 0.5765625 0.284375 0.596875 0.2875 0.6 0.2859375 0.6046875 0.2859375 0.6125 0.2890625 0.6203125 0.2875 0.6359375 0.290625 0.6421875 0.290625 0.6859375 0.29375 0.709375 0.29375 0.73125 0.2984375 0.7546875 0.296875 0.759375 0.296875 0.775 0.3 0.784375 0.2984375 0.7984375 0.3015625 0.80625 0.3 0.8203125 0.3015625 0.821875 0.3015625 0.8421875 0.3046875 0.8546875 0.303125 0.859375 0.30625 0.8671875 0.3046875 0.890625 0.290625 0.89375 0.2828125 0.8921875 0.28125 0.8890625 0.278125 0.8234375 0.275 0.8171875 0.2765625 0.8015625 0.2734375 0.7890625 0.275 0.778125 0.2703125 0.734375 0.2703125 0.7109375 0.2640625 0.64375 0.265625 0.621875 0.2640625 0.6203125 0.2640625 0.6 0.2609375 0.596875 0.2625 0.5859375 0.2609375 0.5546875 0.2578125 0.5515625 0.2546875 0.4875 0.253125 0.4859375 0.2546875 0.4671875 0.2515625 0.4640625 0.2515625 0.446875 0.253125 0.4453125 0.2515625 0.421875 0.25 0.4203125 0.25 0.4046875 0.246875 0.396875 0.24375 0.33125 0.240625 0.3234375 0.2390625 0.2890625 0.2359375 0.2859375 0.2359375 0.2640625 0.23125 0.21875 0.2328125 0.209375 0.2296875 0.196875 0.23125 0.15625 0.2421875 0.1515625 0.253125 0.1515625 0.2546875 0.1546875 0.2578125 0.1734375 0.25625 0.1828125 0.2578125 0.2140625 0.2609375 0.21875 0.2609375 0.234375 0.259375 0.2359375 0.2609375 0.259375 0.259375 0.2609375 0.2609375 0.26875 0.2640625 0.271875 0.2625 0.30625 0.265625 0.3125
0 0.10625 0.1640625 0.115625 0.1609375 0.13125 0.1625 0.13125 0.175 0.134375 0.178125 0.134375 0.196875 0.1328125 0.1984375 0.134375 0.2 0.134375 0.221875 0.1359375 0.2234375 0.1453125 0.378125 0.1484375 0.4015625 0.146875 0.41875 0.15 0.4234375 0.153125 0.4921875 0.159375 0.5578125 0.159375 0.5859375 0.1625 0.603125 0.165625 0.66875 0.1671875 0.6703125 0.18125 0.8921875 0.1828125 0.89375 0.1828125 0.896875 0.1765625 0.9015625 0.15625 0.9015625 0.1546875 0.89375 0.1546875 0.871875 0.153125 0.8703125 0.15 0.8046875 0.14375 0.7375 0.14375 0.715625 0.1421875 0.7140625 0.14375 0.69375 0.140625 0.6765625 0.140625 0.6578125 0.1375 0.646875 0.1390625 0.6265625 0.134375 0.5796875 0.1359375 0.575 0.1328125 0.5578125 0.1296875 0.4921875 0.128125 0.490625 0.125 0.425 0.1234375 0.4234375 0.125 0.4171875 0.1203125 0.4015625 0.1203125 0.38125 0.11875 0.3796875 0.1203125 0.3578125 0.1171875 0.3546875 0.11875 0.3359375 0.1140625 0.290625 0.1140625 0.2796875 0.1171875 0.26875 0.1109375 0.2453125 0.10625 0.165625
0 0.30894283125 0.1814935890625 0.36205658125 0.8859893187500001 0.3860870265625 0.8808876421875 0.33338516875 0.145571378125 0.3115521875 0.1453874375 0.30894283125 0.1814935890625
1 0.640625 0.6421875 0.646875 0.6453125 0.6453125 0.6484375 0.646875 0.653125 0.640625 0.65625 0.6359375 0.6515625 0.6359375 0.646875 0.640625 0.64375
1 0.646875 0.7578125 0.653125 0.7578125 0.65625 0.7640625 0.65625 0.76875 0.653125 0.771875 0.6484375 0.771875 0.6453125 0.7640625 0.646875 0.759375
1 0.53125 0.409375 0.5390625 0.409375 0.540625 0.4171875 0.5359375 0.4203125 0.53125 0.4171875 0.5328125 0.4109375
1 0.5140625 0.1421875 0.521875 0.1421875 0.521875 0.153125 0.5140625 0.153125 0.5140625 0.14375
1 0.4953125 0.1421875 0.5 0.14375 0.5 0.153125 0.496875 0.1546875 0.4921875 0.153125 0.4921875 0.14375 0.49375 0.14375
1 0.46875 0.1453125 0.478125 0.146875 0.478125 0.153125 0.4734375 0.1578125 0.46875 0.15625 0.46875 0.146875
1 0.5109375 0.4109375 0.51875 0.4125 0.51875 0.421875 0.5109375 0.421875 0.509375 0.41875 0.5109375 0.4125
1 0.4875 0.4125 0.4953125 0.4140625 0.49375 0.421875 0.4875 0.421875 0.4859375 0.4171875 0.4875 0.4140625
1 0.5546875 0.6515625 0.5578125 0.65625 0.5578125 0.6640625 0.5515625 0.665625 0.546875 0.65625 0.5484375 0.653125 0.553125 0.6515625
1 0.53125 0.6515625 0.5359375 0.65625 0.5359375 0.6625 0.528125 0.6640625 0.5265625 0.6625 0.5265625 0.6546875 0.5296875 0.653125
1 0.503125 0.65625 0.5109375 0.6546875 0.5125 0.6578125 0.5125 0.6640625 0.50625 0.665625 0.5046875 0.665625 0.503125 0.6578125
1 0.234375 0.4125 0.2390625 0.421875 0.2296875 0.425 0.228125 0.415625 0.2328125 0.4125
1 0.246875 0.559375 0.2484375 0.565625 0.2453125 0.5703125 0.2390625 0.56875 0.2390625 0.5609375 0.2453125 0.559375