2 0 0.21915779687499998 0.10272042968749999 0.1935467171875 0.0799003921875 0.10202054062499999 0 0.1219419453125 0 0.21915779687499998
3 0 0.279525184375 0.9041314328125001 0.0540999 0.89979385 0.0367028015625 0 0.2610466046875 0 0.279525184375
3 0 0.5163448984375 0.9573031046875 0.277662428125 0.953523075 0.26250155625 0 0.500241559375 0 0.5163448984375
7 0 0.55992053125 0.9675318640624999 0.31868774375000003 0.9629958296875 0.3004946984375 0 0.540596525 0 0.55992053125
3 1 0.5064815828125 0.047217103125 0.7440370390625 0.052244543750000004 0.7642009984375 1 0.5278990218749999 1 0.5064815828125
5 0.105999421875 0.69311221875 0.9376016640625 0.4857704921875 0.9026458406250001 0.345570340625 0.071043596875 0.5529120671875 0.105999421875 0.69311221875
6 0.0699481578125 0.56658719375 0.907210459375 0.35783425625 0.904231796875 0.345887490625 0.0669694953125 0.5546404265625 0.0699481578125 0.56658719375
3 0.7958115640625001 0.5195486328125 0.9382245140625001 0.48404109687499997 0.9037506437499999 0.34577395625 0.7613376953125 0.38128149218749996 0.7958115640625001 0.5195486328125
3 0.15437100312500002 0.315216196875 0.19278589375 0.3056382890625 0.18996410156250002 0.2943207 0.1515492109375 0.3038986078125 0.15437100312500002 0.315216196875
3 0.054387484374999996 0.34030592187500003 0.1133108984375 0.3256146640625 0.1104059453125 0.31396353593750004 0.05148253125 0.3286547921875 0.054387484374999996 0.34030592187500003
3 0.6738032609375 0.713522271875 0.9248452281249999 0.6509304796875 0.9219308249999999 0.6392414484375 0.6708888578125001 0.701833240625 0.6738032609375 0.713522271875
3 1 0.8271755328125 0.8654773499999999 0.860715796875 0.867626296875 0.8693347515625 1 0.8363302796875001 1 0.8271755328125
3 0.38772383593750004 0.8693521499999999 0.7675652093750001 0.774647059375 0.7622126875 0.753179265625 0.38237131406249997 0.84788435625 0.38772383593750004 0.8693521499999999
4 0.1530073703125 0.7918083828125 0.9644833265624999 0.589484703125 0.9587792625 0.5666069499999999 0.1473033046875 0.7689306296875 0.1530073703125 0.7918083828125
0 0.37022259375 0.1647501421875 0.5284101999999999 0.12530954218749998 0.524297528125 0.108814515625 0.366109921875 0.148255115625 0.37022259375 0.1647501421875
0 0.1131489828125 0.226667815625 0.261207290625 0.189752734375 0.2576597328125 0.17552425625 0.109601425 0.21243933906249998 0.1131489828125 0.226667815625
1 0.196875 0.16875 0.221875 0.1625 0.2265625 0.1734375 0.2265625 0.1765625 0.221875 0.1796875 0.203125 0.184375 0.1984375 0.18125 0.196875 0.1703125
1 0.48125 0.0984375 0.4859375 0.1109375 0.4828125 0.1140625 0.459375 0.1203125 0.45625 0.11875 0.4546875 0.1046875 0.4796875 0.0984375
1 0.13125 0.3125 0.034375 0.025
1 0.04375 0.328125 0.046875 0.33125 0.0484375 0.340625 0.0234375 0.3484375 0.01875 0.346875 0.0171875 0.3328125 0.034375 0.328125 0.0421875 0.328125