2 0 0.9210041953125 0.0594655359375 0.9272542749999999 0.0761504953125 0.7685074843749999 0 0.7605037453125 0 0.9210041953125
3 0.1977923 0 0.0968521265625 0.9603815906250001 0.11468359374999999 0.9622557531249999 0.21582075 0 0.1977923 0
3 0.43116055937500003 0 0.32767135000000003 0.9846340515625001 0.3432107546875 0.9862673093750001 0.4468716265625 0 0.43116055937500003 0
7 0.47053249375000006 0 0.3666130984375 0.9887269953125 0.385260384375 0.9906869031250001 0.48938577343749995 0 0.47053249375000006 0
3 0.5962945296875 1 0.6989626999999999 0.0231776078125 0.6782952921875001 0.021005375 0.5753988109375 1 0.5962945296875 1
5 0.5467099921874999 0.9362877046875001 0.6362972203124999 0.0839221671875 0.49259657656250005 0.0688186203125 0.40300934843749997 0.921184159375 0.5467099921874999 0.9362877046875001
6 0.41548510156249996 0.926890703125 0.5056820796875 0.0687237875 0.49343702812499995 0.06743678125 0.4032400515625 0.9256036968749999 0.41548510156249996 0.926890703125
3 0.6195432203125 0.22871408125 0.6348851484375 0.0827453921875 0.493165778125 0.0678500859375 0.47782384999999994 0.21381877500000002 0.6195432203125 0.22871408125
3 0.2081479453125 0.761585234375 0.21228632187500002 0.7222112093749999 0.20068615625000003 0.7209919828125 0.19654777968749998 0.7603660078125001 0.2081479453125 0.761585234375
3 0.197528196875 0.8641202 0.203875925 0.8037255984374999 0.1919338921875 0.8024704390625 0.1855861640625 0.8628650421874999 0.197528196875 0.8641202
3 0.7600895203125 0.40970727656249994 0.787133884375 0.1523973375 0.775153003125 0.151138096875 0.7481086390625 0.408448034375 0.7600895203125 0.40970727656249994
3 0.9727967390625001 0.28086420625 0.98967175 0.12030919531249999 0.9808375984375 0.1193806875 0.9639625875 0.2799357 0.9727967390625001 0.28086420625
3 0.8086767796875 0.7318309578125 0.8495965062499999 0.3425057734375 0.827592709375 0.34019308125 0.7866729828125 0.729518265625 0.8086767796875 0.7318309578125
4 0.655531715625 0.925870759375 0.7429507703125 0.094134015625 0.7195018078125 0.09166943125 0.6320827546875 0.9234061734375001 0.655531715625 0.925870759375
0 0.1405816953125 0.507288665625 0.157623003125 0.34515146093750004 0.14071613125 0.34337447656250003 0.1236748234375 0.5055116828124999 0.1405816953125 0.507288665625
0 0.1108409234375 0.7700359328124999 0.12679101718750002 0.6182809328125 0.1122072859375 0.6167481203125 0.0962571921875 0.768503121875 0.1108409234375 0.7700359328124999
1 0.1015625 0.646875 0.103125 0.659375 0.1015625 0.671875 0.0984375 0.675 0.0859375 0.6734375 0.0859375 0.659375 0.0890625 0.646875 0.1 0.646875
1 0.115625 0.38125 0.1296875 0.38125 0.13125 0.384375 0.128125 0.409375 0.1171875 0.4109375 0.1125 0.4078125 0.115625 0.3828125
1 0.1921875 0.7703125 0.20625 0.771875 0.2046875 0.7984375 0.2015625 0.8015625 0.1921875 0.8 0.1890625 0.796875 0.1890625 0.784375 0.1921875 0.771875
1 0.1828125 0.8703125 0.19375 0.8703125 0.196875 0.8734375 0.19375 0.9 0.18125 0.9 0.178125 0.896875 0.178125 0.8875 0.1796875 0.8765625 0.1828125 0.871875