2 0.970962121875 0.012210937500000001 0.811340909375 0.012210937500000001 0.811340909375 0.1065390625 0.970962121875 0.1065390625 0.970962121875 0.012210937500000001
3 1 0.14718359375 0 0.14718359375 0 0.16511328125 1 0.16511328125 1 0.14718359375
3 0.999992425 0.37927343750000003 0.002492425 0.37927343750000003 0.002492425 0.39489843750000003 0.999992425 0.39489843750000003 0.999992425 0.37927343750000003
7 0.999992425 0.41842968750000004 0.002492425 0.41842968750000004 0.002492425 0.4371796875 0.999992425 0.4371796875 0.999992425 0.41842968750000004
3 0.9983712125 0.62725 0.004992425 0.62725 0.004992425 0.6480312500000001 0.9983712125 0.6480312500000001 0.9983712125 0.62725
5 0.9290151515625 0.44756640625 0.07195454531249999 0.44756640625 0.07195454531249999 0.59205859375 0.9290151515625 0.59205859375 0.9290151515625 0.44756640625
6 0.9333863640625 0.44825781249999996 0.070492425 0.44825781249999996 0.070492425 0.46057031249999997 0.9333863640625 0.46057031249999997 0.9333863640625 0.44825781249999996
3 0.2177045453125 0.44803125 0.07093181875 0.44803125 0.07093181875 0.59053125 0.2177045453125 0.59053125 0.2177045453125 0.44803125
3 0.790659090625 0.22542578125 0.75106818125 0.22542578125 0.75106818125 0.23708984375000003 0.790659090625 0.23708984375000003 0.790659090625 0.22542578125
3 0.8937424249999999 0.22523828125 0.8330151515625 0.22523828125 0.8330151515625 0.23724609375 0.8937424249999999 0.23724609375 0.8937424249999999 0.22523828125
3 0.3830151515625 0.7371796875000001 0.124287878125 0.7371796875000001 0.124287878125 0.7492265625 0.3830151515625 0.7492265625 0.3830151515625 0.7371796875000001
3 0.2326439390625 0.9384179687499999 0.0712045453125 0.9384179687499999 0.0712045453125 0.9473007812500001 0.2326439390625 0.9473007812500001 0.2326439390625 0.9384179687499999
3 0.6982954546875 0.8090937500000001 0.3068257578125 0.8090937500000001 0.3068257578125 0.83121875 0.6982954546875 0.83121875 0.6982954546875 0.8090937500000001
4 0.9072803031250001 0.6756171875 0.07096212187499999 0.6756171875 0.07096212187499999 0.6991953125 0.9072803031250001 0.6991953125 0.9072803031250001 0.6756171875
0 0.5448181812499999 0.1263125 0.38178787812500004 0.1263125 0.38178787812500004 0.1433125 0.5448181812499999 0.1433125 0.5448181812499999 0.1263125
0 0.8092348484375 0.12653515625 0.6566439390625 0.12653515625 0.6566439390625 0.14119921875000002 0.8092348484375 0.14119921875000002 0.8092348484375 0.12653515625
1 0.7125 0.1046875 0.7140625 0.11875 0.7109375 0.1203125 0.6875 0.1203125 0.6859375 0.11875 0.6875 0.1046875 0.7109375 0.1046875
1 0.41875 0.11875 0.4203125 0.1046875 0.446875 0.1046875 0.4484375 0.10625 0.446875 0.1203125 0.421875 0.1203125 0.4203125 0.11875
1 0.8 0.2203125 0.8015625 0.221875 0.825 0.2203125 0.828125 0.2234375 0.828125 0.234375 0.8265625 0.2359375 0.7984375 0.2359375 0.7984375 0.221875
1 0.9265625 0.2203125 0.928125 0.2359375 0.9 0.2359375 0.8984375 0.234375 0.9 0.221875 0.925 0.2203125