3 0.258684825 0.09873454375 0.0818255125 0.1395657328125 0.08577919687499999 0.156691025 0.2626385109375 0.1158598359375 0.258684825 0.09873454375
0 0.552049071875 0.328031696875 0.3252930984375 0.3803824375 0.3325443625 0.411791109375 0.5593003359375001 0.3594403671875 0.552049071875 0.328031696875
0 0.8270951015625 0.26453879687500004 0.6719043796874999 0.30036739843750004 0.6793175390624999 0.3324773203125 0.8345082625 0.2966487203125 0.8270951015625 0.26453879687500004
0 0.56617495625 0.384641459375 0.33749253125 0.43743695625 0.343773834375 0.464644271875 0.572456259375 0.411848775 0.56617495625 0.384641459375
0 0.8470609296875 0.3182971296875 0.6874600671875 0.3551438921875 0.69408220625 0.383827525 0.85368306875 0.3469807640625 0.8470609296875 0.3182971296875
0 0.8581944640625 0.37109793125 0.698673209375 0.40792631406249996 0.7058435234375 0.438984359375 0.8653647796874999 0.40215597656249996 0.8581944640625 0.37109793125
0 0.871891440625 0.4293001671875 0.714885715625 0.46554779375 0.7225928453125 0.49893104218750006 0.8795985703125 0.4626834140625 0.871891440625 0.4293001671875
0 0.5891911000000001 0.4930699890625 0.3605803203125 0.545848946875 0.3680857890625 0.5783587046875 0.5966965703125 0.5255797484375 0.5891911000000001 0.4930699890625
0 0.573272371875 0.4376289640625 0.3512369984375 0.48888986875 0.3582113328125 0.5190990328125 0.58024670625 0.46783812812500003 0.573272371875 0.4376289640625
0 0.57954844375 0.0687579640625 0.1834319875 0.1602086546875 0.1902614671875 0.1897903828125 0.5863779250000001 0.09833969218750001 0.57954844375 0.0687579640625
0 0.5923320390625 0.10471743124999999 0.18920234375 0.1977872546875 0.1963996421875 0.228962175 0.5995293359375 0.13589235156249999 0.5923320390625 0.10471743124999999
2 0.6070970671875 0 0.5968621140625 0.002362925 0.627721878125 0.1360312421875 0.7771093671875 0.1015424234375 0.75366645 0 0.6070970671875 0
0 0.821875 0.75 0.825 0.7515625 0.834375 0.75 0.8609375 0.74375 0.8640625 0.740625 0.8671875 0.7421875 0.8875 0.7375 0.8953125 0.7328125 0.9078125 0.7328125 0.921875 0.7296875 0.925 0.7265625 0.928125 0.728125 0.93125 0.725 0.934375 0.7265625 0.9390625 0.725 0.9453125 0.753125 0.9328125 0.759375 0.5546875 0.8453125 0.5359375 0.85 0.5328125 0.853125 0.5140625 0.8546875 0.4453125 0.871875 0.4359375 0.8703125 0.43125 0.875 0.41875 0.878125 0.2078125 0.9265625 0.2 0.9265625 0.196875 0.9234375 0.1921875 0.903125 0.19375 0.896875 0.225 0.890625 0.228125 0.8875 0.23125 0.8890625 0.2453125 0.8859375 0.2921875 0.875 0.296875 0.871875 0.2984375 0.8734375 0.30625 0.871875 0.428125 0.84375 0.434375 0.8421875 0.4359375 0.8390625 0.440625 0.840625 0.4421875 0.8375 0.4546875 0.8375 0.46875 0.834375 0.4734375 0.83125 0.475 0.8328125 0.48125 0.83125 0.484375 0.828125 0.509375 0.825 0.5109375 0.821875 0.5171875 0.8203125 0.521875 0.821875 0.525 0.81875 0.5296875 0.8203125 0.5890625 0.80625 0.5921875 0.803125 0.6109375 0.8015625 0.6203125 0.796875 0.621875 0.7984375 0.63125 0.796875 0.6484375 0.790625 0.6515625 0.7921875 0.6921875 0.78125 0.6984375 0.78125 0.7015625 0.778125 0.7046875 0.7796875 0.7390625 0.771875 0.746875 0.7671875 0.753125 0.76875 0.7609375 0.7640625 0.765625 0.765625 0.7734375 0.7609375 0.79375 0.759375 0.80625 0.75625 0.809375 0.753125 0.8140625 0.7546875 0.821875 0.7515625
0 0.2453125 0.9984375 0.95625 0.834375 0.9640625 0.834375 0.9703125 0.8578125 0.9703125 0.8640625 0.959375 0.86875 0.8984375 0.8828125 0.8890625 0.8828125 0.884375 0.8859375 0.8578125 0.8921875 0.8390625 0.89375 0.8234375 0.9 0.81875 0.8984375 0.8109375 0.9 0.796875 0.90625 0.6953125 0.9296875 0.678125 0.93125 0.675 0.934375 0.5734375 0.9578125 0.5609375 0.9578125 0.553125 0.9625 0.4984375 0.975 0.490625 0.975 0.471875 0.98125 0.4640625 0.9828125 0.459375 0.98125 0.390625 0.9984375 0.246875 0.9984375
0 0.6265625 0.13125 0.5984375 0.009375 0.6 0.00625 0.625 0 0.7515625 0 0.7734375 0.0953125 0.771875 0.1015625 0.721875 0.1125 0.7140625 0.1171875 0.7109375 0.115625 0.70625 0.11875 0.703125 0.1171875 0.7 0.1203125 0.69375 0.11875 0.6328125 0.134375 0.6296875 0.134375 0.628125 0.13125
0 0.4 0.728125 0.4078125 0.7546875 0.409375 0.7625 0.4078125 0.7671875 0.4109375 0.76875 0.4140625 0.7921875 0.4171875 0.7953125 0.421875 0.815625 0.41875 0.81875 0.40625 0.8203125 0.4015625 0.8234375 0.4 0.821875 0.3921875 0.8234375 0.3796875 0.8265625 0.3765625 0.8296875 0.3703125 0.8296875 0.3578125 0.834375 0.290625 0.8484375 0.25 0.859375 0.2359375 0.8625 0.2296875 0.8609375 0.209375 0.865625 0.1953125 0.871875 0.184375 0.8703125 0.165625 0.7890625 0.1671875 0.784375 0.165625 0.7796875 0.1921875 0.771875 0.19375 0.7734375 0.2046875 0.771875 0.20625 0.76875 0.2125 0.7671875 0.215625 0.76875 0.2234375 0.7671875 0.2265625 0.7640625 0.2390625 0.7609375 0.2578125 0.759375 0.2609375 0.75625 0.3671875 0.73125 0.3875 0.7296875 0.3953125 0.7265625 0.3984375 0.728125
0 0.3171875 0.6203125 0.31875 0.621875 0.3265625 0.6171875 0.3609375 0.609375 0.371875 0.609375 0.375 0.6125 0.39375 0.69375 0.390625 0.7015625 0.33125 0.7140625 0.3234375 0.71875 0.31875 0.7171875 0.290625 0.7234375 0.278125 0.7265625 0.275 0.7296875 0.2703125 0.728125 0.1953125 0.746875 0.18125 0.75 0.1765625 0.7484375 0.1671875 0.7515625 0.159375 0.7515625 0.1546875 0.7296875 0.1515625 0.728125 0.1453125 0.7 0.146875 0.6953125 0.1421875 0.6875 0.140625 0.6796875 0.1421875 0.675 0.1375 0.6671875 0.140625 0.6609375 0.190625 0.65 0.2046875 0.64375 0.23125 0.640625 0.2640625 0.6328125 0.2796875 0.6265625 0.284375 0.628125 0.315625 0.6203125
0 0.2625 0.5453125 0.25625 0.54375 0.2484375 0.5484375 0.2453125 0.546875 0.2359375 0.5484375 0.1203125 0.5765625 0.1171875 0.5765625 0.115625 0.571875 0.1109375 0.546875 0.1234375 0.5421875 0.340625 0.4921875 0.346875 0.49375 0.3484375 0.503125 0.353125 0.5109375 0.3546875 0.51875 0.353125 0.521875 0.34375 0.5265625 0.315625 0.5328125 0.3046875 0.5328125 0.303125 0.5359375 0.2828125 0.540625 0.2703125 0.540625 0.2640625 0.54375
0 0.8578125 0.3734375 0.8609375 0.3765625 0.865625 0.396875 0.8640625 0.4046875 0.8109375 0.415625 0.8015625 0.4203125 0.8 0.41875 0.790625 0.4203125 0.709375 0.4390625 0.7 0.44375 0.6890625 0.44375 0.68125 0.4484375 0.66875 0.4515625 0.6546875 0.4546875 0.65 0.453125 0.6421875 0.4546875 0.6140625 0.4640625 0.6125 0.4625 0.6015625 0.4640625 0.5828125 0.46875 0.5734375 0.4734375 0.56875 0.471875 0.559375 0.4765625 0.5546875 0.475 0.540625 0.478125 0.5265625 0.484375 0.5125 0.4859375 0.50625 0.4890625 0.5 0.4875 0.4890625 0.4921875 0.4875 0.490625 0.4859375 0.49375 0.4453125 0.503125 0.440625 0.5015625 0.4375 0.5046875 0.4171875 0.509375 0.4125 0.5078125 0.384375 0.5171875 0.3640625 0.521875 0.3578125 0.5203125 0.34375 0.5265625 0.315625 0.5328125 0.296875 0.534375 0.29375 0.5375 0.2828125 0.540625 0.2625 0.5453125 0.259375 0.54375 0.2484375 0.5484375 0.24375 0.546875 0.2359375 0.5484375 0.1890625 0.559375 0.18125 0.5640625 0.1671875 0.5671875 0.1625 0.565625 0.15625 0.56875 0.134375 0.571875 0.1203125 0.5765625 0.115625 0.571875 0.1109375 0.5515625 0.1109375 0.546875 0.1171875 0.54375 0.5703125 0.4390625 0.5796875 0.4390625 0.584375 0.4359375 0.671875 0.415625 0.6796875 0.4140625 0.684375 0.415625 0.6921875 0.4109375 0.85625 0.3734375
0 0.88125 0.4921875 0.8875 0.50625 0.9015625 0.5671875 0.9 0.571875 0.903125 0.58125 0.8984375 0.584375 0.6828125 0.6328125 0.6578125 0.6390625 0.6546875 0.6421875 0.6359375 0.64375 0.575 0.6578125 0.571875 0.6609375 0.5546875 0.6625 0.5453125 0.6671875 0.534375 0.6671875 0.5140625 0.671875 0.5015625 0.675 0.5 0.678125 0.49375 0.6765625 0.4921875 0.6796875 0.4734375 0.68125 0.4046875 0.6984375 0.4 0.696875 0.396875 0.6984375 0.39375 0.69375 0.3921875 0.6984375 0.384375 0.703125 0.1671875 0.753125 0.159375 0.753125 0.1390625 0.665625 0.140625 0.6609375 0.14375 0.659375 0.15 0.6609375 0.153125 0.6578125 0.1640625 0.6546875 0.225 0.640625 0.23125 0.6421875 0.2328125 0.6390625 0.253125 0.634375 0.2640625 0.634375 0.2671875 0.63125 0.346875 0.6125 0.353125 0.6140625 0.3671875 0.609375 0.3734375 0.6109375 0.3765625 0.60625 0.38125 0.6046875 0.5703125 0.5609375 0.578125 0.559375 0.5828125 0.5609375 0.5921875 0.55625 0.65 0.54375 0.659375 0.5390625 0.6640625 0.540625 0.8546875 0.4953125 0.8796875 0.4921875
0 0.90625 0.609375 0.9109375 0.6140625 0.9296875 0.6953125 0.9265625 0.7015625 0.89375 0.7078125 0.8859375 0.7125 0.8828125 0.7109375 0.878125 0.7140625 0.853125 0.7171875 0.8453125 0.721875 0.8390625 0.7203125 0.83125 0.725 0.784375 0.7359375 0.771875 0.7359375 0.7578125 0.7390625 0.75 0.74375 0.7453125 0.7421875 0.7359375 0.746875 0.73125 0.7453125 0.6984375 0.7546875 0.690625 0.7546875 0.6828125 0.759375 0.6765625 0.7578125 0.66875 0.7625 0.6640625 0.7609375 0.6578125 0.7640625 0.6359375 0.7671875 0.6171875 0.771875 0.6140625 0.775 0.609375 0.7734375 0.5953125 0.7765625 0.5609375 0.7875 0.5546875 0.7859375 0.521875 0.79375 0.5203125 0.796875 0.5140625 0.7953125 0.50625 0.8 0.5 0.8015625 0.49375 0.8 0.4390625 0.8140625 0.4234375 0.8125 0.40625 0.740625 0.4046875 0.725 0.415625 0.721875 0.4203125 0.7234375 0.4296875 0.71875 0.45 0.7140625 0.46875 0.7125 0.475 0.7109375 0.4765625 0.7078125 0.4890625 0.7078125 0.503125 0.7015625 0.578125 0.684375 0.58125 0.6859375 0.590625 0.684375 0.5984375 0.6796875 0.61875 0.675 0.63125 0.675 0.6515625 0.6703125 0.665625 0.6640625 0.9046875 0.609375
0 0.9484375 0.78125 0.9515625 0.784375 0.95625 0.803125 0.9546875 0.809375 0.9515625 0.8109375 0.8734375 0.828125 0.871875 0.83125 0.8578125 0.834375 0.8515625 0.8328125 0.83125 0.8375 0.8234375 0.8421875 0.81875 0.840625 0.8046875 0.84375 0.803125 0.846875 0.796875 0.8484375 0.790625 0.846875 0.778125 0.85 0.7703125 0.8546875 0.75625 0.8578125 0.75 0.85625 0.73125 0.8609375 0.728125 0.8640625 0.7234375 0.8625 0.6828125 0.871875 0.66875 0.878125 0.6484375 0.8796875 0.628125 0.8875 0.615625 0.8875 0.5546875 0.9015625 0.546875 0.90625 0.5390625 0.9078125 0.534375 0.90625 0.4515625 0.9265625 0.446875 0.9234375 0.446875 0.9125 0.44375 0.903125 0.44375 0.896875 0.4484375 0.89375 0.5703125 0.865625 0.578125 0.8640625 0.5828125 0.865625 0.590625 0.8609375 0.9359375 0.78125 0.94375 0.7796875 0.946875 0.78125
0 0.428125 0.84375 0.43125 0.85 0.4296875 0.8546875 0.434375 0.8703125 0.43125 0.875 0.2015625 0.928125 0.196875 0.9234375 0.1921875 0.896875 0.225 0.890625 0.228125 0.8875 0.23125 0.8890625 0.265625 0.88125 0.2828125 0.875 0.2859375 0.8765625 0.3 0.8703125 0.31875 0.86875 0.321875 0.865625 0.340625 0.8609375 0.3546875 0.8578125 0.359375 0.859375 0.38125 0.8515625 0.39375 0.8515625 0.4265625 0.84375
0 0.871875 0.43125 0.8765625 0.4515625 0.875 0.4578125 0.878125 0.4609375 0.871875 0.465625 0.825 0.475 0.796875 0.484375 0.784375 0.484375 0.703125 0.503125 0.6890625 0.509375 0.425 0.5703125 0.4171875 0.571875 0.4125 0.5703125 0.384375 0.5796875 0.365625 0.58125 0.3625 0.584375 0.35 0.5875 0.3453125 0.5859375 0.3375 0.5875 0.33125 0.5890625 0.3296875 0.5921875 0.2953125 0.6 0.2859375 0.6 0.2828125 0.603125 0.2765625 0.6015625 0.26875 0.60625 0.228125 0.615625 0.2234375 0.6140625 0.215625 0.61875 0.1875 0.625 0.1765625 0.625 0.1734375 0.628125 0.134375 0.6375 0.1296875 0.6328125 0.1234375 0.60625 0.125 0.6 0.1296875 0.596875 0.14375 0.59375 0.15 0.5953125 0.1625 0.5921875 0.1703125 0.5875 0.1765625 0.5890625 0.190625 0.5859375 0.1984375 0.58125 0.2109375 0.578125 0.21875 0.5765625 0.2203125 0.578125 0.225 0.575 0.2515625 0.56875 0.2578125 0.5703125 0.271875 0.5671875 0.284375 0.5640625 0.2859375 0.5609375 0.2921875 0.5625 0.3125 0.5578125 0.3328125 0.55 0.3390625 0.5515625 0.35 0.546875 0.3515625 0.5484375 0.4 0.5375 0.4140625 0.53125 0.4203125 0.5328125 0.428125 0.528125 0.43125 0.5296875 0.440625 0.528125 0.4546875 0.521875 0.48125 0.51875 0.528125 0.5078125 0.5359375 0.503125 0.5421875 0.5046875 0.5625 0.5 0.565625 0.496875 0.5765625 0.49375 0.584375 0.4921875 0.5890625 0.49375 0.603125 0.490625 0.615625 0.4875 0.625 0.48125 0.6296875 0.4828125 0.678125 0.4703125 0.6859375 0.46875 0.690625 0.4703125 0.6921875 0.4671875 0.6984375 0.465625 0.7046875 0.4671875 0.8609375 0.4296875 0.8703125 0.43125
0 0.6984375 0.89375 0.7046875 0.8953125 0.71875 0.8890625 0.759375 0.88125 0.95625 0.834375 0.9609375 0.834375 0.965625 0.8390625 0.9640625 0.8421875 0.96875 0.8640625 0.865625 0.8875 0.8578125 0.8921875 0.8453125 0.8921875 0.83125 0.8953125 0.8046875 0.9015625 0.796875 0.90625 0.7828125 0.909375 0.778125 0.9078125 0.7625 0.9140625 0.7578125 0.9125 0.75 0.9140625 0.746875 0.9171875 0.7328125 0.91875 0.721875 0.9234375 0.703125 0.925 0.7015625 0.928125 0.6953125 0.9296875 0.68125 0.9328125 0.6765625 0.93125 0.6734375 0.934375 0.6609375 0.9375 0.6578125 0.9359375 0.6484375 0.9375 0.63125 0.94375 0.61875 0.9453125 0.6140625 0.9484375 0.609375 0.946875 0.6 0.9515625 0.5953125 0.95 0.5875 0.9515625 0.540625 0.9625 0.5328125 0.9671875 0.5265625 0.965625 0.4640625 0.98125 0.4609375 0.9765625 0.45625 0.9546875 0.4578125 0.9515625 0.46875 0.946875 0.475 0.9484375 0.4828125 0.94375 0.4953125 0.94375 0.509375 0.9375 0.515625 0.9390625 0.51875 0.9359375 0.5359375 0.93125 0.5421875 0.9328125 0.55625 0.9265625 0.5703125 0.9234375 0.5765625 0.925 0.596875 0.9171875 0.6171875 0.9125 0.6234375 0.9140625 0.63125 0.909375 0.6515625 0.9046875 0.6578125 0.90625 0.671875 0.9 0.696875 0.8953125
0 0.4359375 0.896875 0.440625 0.8984375 0.44375 0.903125 0.4484375 0.925 0.4453125 0.928125 0.4265625 0.93125 0.4046875 0.9390625 0.396875 0.940625 0.3921875 0.9390625 0.378125 0.9421875 0.33125 0.953125 0.3296875 0.95625 0.325 0.9546875 0.3234375 0.9578125 0.3171875 0.95625 0.303125 0.9625 0.2953125 0.9640625 0.2921875 0.9625 0.2890625 0.965625 0.284375 0.9640625 0.2578125 0.971875 0.25625 0.9703125 0.2359375 0.975 0.234375 0.978125 0.2234375 0.978125 0.221875 0.98125 0.21875 0.9796875 0.2125 0.98125 0.209375 0.978125 0.2046875 0.9515625 0.225 0.9453125 0.434375 0.8984375
0 0.828125 0.2671875 0.83125 0.2703125 0.83125 0.28125 0.834375 0.2890625 0.834375 0.29375 0.83125 0.296875 0.8125 0.3 0.8046875 0.3046875 0.7984375 0.303125 0.790625 0.3078125 0.771875 0.309375 0.7640625 0.3140625 0.759375 0.3125 0.7515625 0.3140625 0.74375 0.31875 0.7359375 0.3203125 0.73125 0.31875 0.696875 0.3265625 0.690625 0.3296875 0.6796875 0.3296875 0.68125 0.328125 0.675 0.30625 0.6796875 0.3 0.7078125 0.29375 0.7109375 0.2953125 0.7203125 0.290625 0.8265625 0.2671875
0 0.95 0.7796875 0.95625 0.796875 0.95625 0.8078125 0.9515625 0.8125 0.9484375 0.8109375 0.9390625 0.815625 0.9328125 0.8140625 0.925 0.81875 0.9125 0.821875 0.465625 0.925 0.4578125 0.9265625 0.453125 0.925 0.446875 0.9265625 0.4453125 0.9296875 0.440625 0.928125 0.4375 0.93125 0.4046875 0.9390625 0.396875 0.940625 0.3921875 0.9390625 0.3375 0.9515625 0.33125 0.953125 0.3296875 0.95625 0.325 0.9546875 0.3234375 0.9578125 0.3171875 0.95625 0.303125 0.9625 0.2953125 0.9640625 0.2921875 0.9625 0.2890625 0.965625 0.284375 0.9640625 0.2359375 0.975 0.2234375 0.978125 0.221875 0.98125 0.2171875 0.9796875 0.2125 0.98125 0.209375 0.978125 0.2046875 0.9578125 0.20625 0.95 0.9484375 0.7796875
0 0.3328125 0.4390625 0.3359375 0.44375 0.3390625 0.4625 0.3421875 0.4640625 0.3359375 0.46875 0.2015625 0.5 0.1953125 0.4984375 0.1875 0.503125 0.1609375 0.509375 0.1546875 0.5078125 0.146875 0.5125 0.1140625 0.5203125 0.1046875 0.5203125 0.103125 0.5171875 0.0984375 0.49375 0.10625 0.4890625 0.1234375 0.4875 0.125 0.484375 0.171875 0.4734375 0.1734375 0.475 0.184375 0.4734375 0.1890625 0.4703125 0.1953125 0.4703125 0.1984375 0.4671875 0.3203125 0.4390625 0.33125 0.4390625
0 0.4484375 0.9515625 0.453125 0.953125 0.45625 0.9578125 0.45625 0.9703125 0.4609375 0.978125 0.459375 0.98125 0.4109375 0.9953125 0.396875 0.9984375 0.2453125 0.9984375 0.446875 0.953125
0 0.8671875 0.4296875 0.8734375 0.4375 0.878125 0.4578125 0.8765625 0.4640625 0.8453125 0.4703125 0.8375 0.475 0.8328125 0.4734375 0.825 0.475 0.790625 0.4859375 0.7640625 0.4890625 0.75625 0.49375 0.74375 0.49375 0.7296875 0.4984375 0.721875 0.4984375 0.7203125 0.4953125 0.71875 0.4890625 0.7203125 0.484375 0.7171875 0.4828125 0.71875 0.4765625 0.715625 0.46875 0.71875 0.4625 0.865625 0.4296875
0 0.9375 0.725 0.94375 0.7421875 0.94375 0.753125 0.9328125 0.759375 0.534375 0.85 0.53125 0.853125 0.528125 0.8515625 0.459375 0.86875 0.4421875 0.8703125 0.4359375 0.86875 0.43125 0.8421875 0.9359375 0.7265625
0 0.903125 0.6078125 0.909375 0.609375 0.9125 0.6140625 0.93125 0.6953125 0.9296875 0.7 0.90625 0.7078125 0.4390625 0.815625 0.4125 0.81875 0.3984375 0.825 0.3171875 0.84375 0.3109375 0.8421875 0.309375 0.8453125 0.2890625 0.85 0.284375 0.8484375 0.2703125 0.8546875 0.2296875 0.8640625 0.2234375 0.8625 0.209375 0.86875 0.203125 0.8671875 0.1953125 0.871875 0.184375 0.8703125 0.1859375 0.8640625 0.1734375 0.8109375 0.1703125 0.809375 0.171875 0.803125 0.16875 0.7953125 0.1671875 0.7796875 0.178125 0.775 0.196875 0.7734375 0.21875 0.765625 0.2796875 0.7515625 0.2828125 0.753125 0.2875 0.75 0.3671875 0.73125 0.3875 0.7296875 0.4 0.7265625 0.4078125 0.721875 0.4234375 0.7203125 0.428125 0.7171875 0.45625 0.7109375 0.4609375 0.7125 0.46875 0.7109375 0.471875 0.7078125 0.4890625 0.703125 0.4953125 0.7046875 0.503125 0.7 0.5046875 0.7015625 0.515625 0.7 0.5234375 0.6953125 0.5296875 0.696875 0.5375 0.6921875 0.55 0.6890625 0.584375 0.6828125 0.5984375 0.678125 0.6015625 0.6796875 0.6046875 0.6765625 0.6109375 0.678125 0.6515625 0.665625 0.9015625 0.609375
0 0.17774300781250002 0.1610264015625 0.1742747625 0.16053126874999998 0.029534953125000003 0.1945950078125 0.034049471875 0.2214132765625 0.0379437609375 0.2237538046875 0.11385291718749999 0.207524634375 0.18507173125 0.18913871875 0.17774300781250002 0.1610264015625
0 0.1888723125 0.2310239546875 0.1946726875 0.22709315624999998 0.1858938703125 0.199963540625 0.03782783125 0.23414727812499997 0.045952607812500004 0.2620758109375 0.1888723125 0.2310239546875
0 0.281524690625 0.22194393437499998 0.276322321875 0.2212012390625 0.04785483125 0.2739471140625 0.052653378125000004 0.30199564843750004 0.056917678125 0.30230699687499996 0.22914936406250003 0.2638400171875 0.2881433390625 0.2469805890625 0.281524690625 0.22194393437499998
0 0.806093359375 0.2459716296875 0.8234645328125 0.2413132578125 0.82756073125 0.23000086875 0.8187519671875 0.2100052765625 0.7952403578125 0.2134896015625 0.5004163593750001 0.280259246875 0.07046123125 0.38276180625 0.0752037453125 0.40693576093750006 0.0808881890625 0.4133984359375 0.806093359375 0.2459716296875
0 0.8255686656250001 0.2395316421875 0.8261106375 0.23098356718750002 0.8213381765625 0.21394363906249997 0.8160797750000001 0.2093263625 0.071769309375 0.38116397343749997 0.0769939015625 0.41105790625000005 0.08168424375 0.41321465156250003 0.8164420625 0.24358244375 0.8255686656250001 0.2395316421875
0 0.320772878125 0.413737746875 0.3265732515625 0.40980694843750004 0.31952855625 0.382924896875 0.31620232656249997 0.3830448984375 0.08534667343749999 0.4363421265625 0.090145221875 0.4643906609375 0.0980197796875 0.46581227187499996 0.2763358703125 0.4246447578125 0.320772878125 0.413737746875
1 0.42536574531250004 0.1913272875 0.42996624531250005 0.214886109375 0.4858320390625 0.20263639531250002 0.49922294218749996 0.1988969421875 0.5010430453125 0.19588506249999998 0.496072534375 0.17435541875 0.42536574531250004 0.1913272875
1 0.659564346875 0.1379062 0.6656149390625 0.160482321875 0.7345876062500001 0.1432628890625 0.7285370125 0.120686765625 0.659564346875 0.1379062
0 0.3378165265625 0.2115396171875 0.3440091328125 0.2347308734375 0.42665673281250005 0.215002253125 0.4196680703125 0.1919947796875 0.3378165265625 0.2115396171875
0 0.544790559375 0.163755896875 0.550045096875 0.1865158046875 0.6630847625 0.160418540625 0.6563801312499999 0.1386413328125 0.544790559375 0.163755896875