3 0.35513480468749997 0.054734848437500004 0.173623365625 0.054734848437500004 0.173623365625 0.07231060624999999 0.35513480468749997 0.07231060624999999 0.35513480468749997 0.054734848437500004
0 0.589399509375 0.34414772656250003 0.356678921875 0.34414772656250003 0.356678921875 0.376382575 0.589399509375 0.376382575 0.589399509375 0.34414772656250003
0 0.871678921875 0.344154040625 0.7124060453125 0.344154040625 0.7124060453125 0.37710858593749996 0.871678921875 0.37710858593749996 0.871678921875 0.344154040625
0 0.590428921875 0.4024842171875 0.35573120937499997 0.4024842171875 0.35573120937499997 0.43040719687499995 0.590428921875 0.43040719687499995 0.590428921875 0.4024842171875
0 0.8790400328124999 0.401025884375 0.7152410125 0.401025884375 0.7152410125 0.430464015625 0.8790400328124999 0.430464015625 0.8790400328124999 0.401025884375
0 0.8780106203125 0.4549779046875 0.7142933 0.4549779046875 0.7142933 0.48685290468750003 0.8780106203125 0.48685290468750003 0.8780106203125 0.4549779046875
0 0.8782638890625 0.5147695703124999 0.71712826875 0.5147695703124999 0.71712826875 0.549030934375 0.8782638890625 0.549030934375 0.8782638890625 0.5147695703124999
0 0.5884640515624999 0.5133112375 0.35383986875 0.5133112375 0.35383986875 0.5466761359375 0.5884640515624999 0.5466761359375 0.5884640515624999 0.5133112375
0 0.5854248359375 0.4557102265625 0.3575490203125 0.4557102265625 0.3575490203125 0.48671401562499994 0.5854248359375 0.48671401562499994 0.5854248359375 0.4557102265625
0 0.6745179734375 0.0977051765625 0.26798202656250003 0.0977051765625 0.26798202656250003 0.128065025 0.6745179734375 0.128065025 0.6745179734375 0.0977051765625
0 0.6788848046875 0.1356186875 0.26515114375 0.1356186875 0.26515114375 0.1676136359375 0.6788848046875 0.1676136359375 0.6788848046875 0.1356186875
2 0.8596405234375 0.036906565625 0.7063235296875 0.036906565625 0.7063235296875 0.174090909375 0.8596405234375 0.174090909375 0.8596405234375 0.036906565625
0 0.2171875 0.815625 0.21875 0.8171875 0.359375 0.8171875 0.3609375 0.815625 0.365625 0.8171875 0.3671875 0.815625 0.3734375 0.8171875 0.396875 0.8171875 0.3984375 0.815625 0.4 0.8171875 0.409375 0.815625 0.415625 0.8171875 0.4359375 0.8171875 0.4375 0.815625 0.4484375 0.8171875 0.4515625 0.815625 0.45625 0.8171875 0.51875 0.8171875 0.5203125 0.815625 0.5265625 0.8171875 0.5484375 0.8171875 0.55 0.815625 0.5515625 0.8171875 0.5765625 0.8171875 0.578125 0.815625 0.5796875 0.8171875 0.621875 0.8171875 0.6234375 0.815625 0.625 0.8171875 0.6328125 0.815625 0.6359375 0.8171875 0.6734375 0.8171875 0.675 0.815625 0.6828125 0.8171875 0.6890625 0.815625 0.6984375 0.8171875 0.7015625 0.815625 0.8609375 0.8171875 0.8640625 0.815625 0.8671875 0.8171875 0.8703125 0.815625 0.8765625 0.8171875 0.8765625 0.8453125 0.871875 0.8484375 0.4546875 0.8484375 0.446875 0.85 0.4453125 0.8484375 0.359375 0.8484375 0.353125 0.8453125 0.3484375 0.8484375 0.1140625 0.8484375 0.109375 0.8453125 0.109375 0.81875 0.1109375 0.8171875 0.1453125 0.8171875 0.146875 0.815625 0.15 0.8171875 0.215625 0.8171875
0 0.8734375 0.928125 0.8765625 0.9296875 0.8765625 0.959375 0.8703125 0.9609375 0.7953125 0.9609375 0.79375 0.959375 0.790625 0.9609375 0.7484375 0.9609375 0.746875 0.959375 0.7328125 0.9609375 0.7203125 0.959375 0.70625 0.9609375 0.5796875 0.9609375 0.578125 0.959375 0.5734375 0.9609375 0.4625 0.9609375 0.4609375 0.959375 0.4515625 0.9609375 0.3859375 0.9609375 0.384375 0.959375 0.38125 0.9609375 0.3546875 0.9609375 0.353125 0.959375 0.1734375 0.9609375 0.171875 0.959375 0.1109375 0.959375 0.109375 0.9578125 0.109375 0.9296875 0.1109375 0.928125 0.871875 0.928125
0 0.8546875 0.040625 0.85625 0.0421875 0.85625 0.1703125 0.8546875 0.171875 0.8015625 0.171875 0.8 0.1734375 0.790625 0.171875 0.7890625 0.1734375 0.7828125 0.171875 0.78125 0.1734375 0.775 0.171875 0.7125 0.171875 0.7109375 0.1734375 0.7078125 0.171875 0.70625 0.16875 0.70625 0.0421875 0.7078125 0.040625 0.853125 0.040625
0 0.1390625 0.6953125 0.140625 0.696875 0.153125 0.6953125 0.1625 0.696875 0.171875 0.6953125 0.3484375 0.696875 0.3515625 0.703125 0.35 0.7125 0.3515625 0.7171875 0.3515625 0.7359375 0.35 0.7375 0.3515625 0.740625 0.3515625 0.7609375 0.35 0.7625 0.3515625 0.7890625 0.33125 0.7921875 0.3296875 0.790625 0.3078125 0.790625 0.30625 0.7921875 0.3 0.790625 0.296875 0.7921875 0.128125 0.790625 0.125 0.7921875 0.1234375 0.790625 0.1140625 0.7921875 0.109375 0.7890625 0.109375 0.703125 0.1109375 0.696875 0.1140625 0.6953125 0.1375 0.6953125
0 0.259375 0.5734375 0.2609375 0.575 0.29375 0.575 0.2953125 0.5765625 0.3453125 0.575 0.35 0.5765625 0.3515625 0.5796875 0.3515625 0.6671875 0.3484375 0.6703125 0.2828125 0.6703125 0.28125 0.671875 0.2734375 0.6703125 0.2296875 0.6703125 0.228125 0.671875 0.225 0.6703125 0.1296875 0.6703125 0.1109375 0.6671875 0.1109375 0.6453125 0.109375 0.64375 0.109375 0.6125 0.1109375 0.6109375 0.109375 0.590625 0.1109375 0.5859375 0.109375 0.578125 0.1125 0.575 0.1703125 0.575 0.171875 0.5734375 0.2453125 0.575 0.2578125 0.5734375
0 0.109375 0.4875 0.109375 0.4578125 0.1109375 0.45625 0.35 0.45625 0.353125 0.4734375 0.3515625 0.4875 0.3421875 0.4890625 0.1109375 0.4875
0 0.49375 0.471875 0.7703125 0.034375
0 0.6484375 0.5734375 0.65 0.575 0.8625 0.575 0.871875 0.5765625 0.875 0.5875 0.8734375 0.66875 0.8703125 0.6703125 0.6203125 0.6703125 0.61875 0.671875 0.6109375 0.6703125 0.534375 0.6703125 0.5328125 0.671875 0.528125 0.6703125 0.5078125 0.6703125 0.50625 0.671875 0.5015625 0.6703125 0.4609375 0.6703125 0.459375 0.671875 0.4578125 0.6703125 0.4515625 0.671875 0.44375 0.6703125 0.359375 0.6703125 0.3546875 0.66875 0.3515625 0.6640625 0.35 0.66875 0.3421875 0.6703125 0.1125 0.6703125 0.1109375 0.66875 0.1109375 0.578125 0.1125 0.575 0.1203125 0.5765625 0.125 0.575 0.2015625 0.575 0.203125 0.5765625 0.2078125 0.575 0.2328125 0.575 0.234375 0.5765625 0.2421875 0.575 0.3265625 0.575 0.3515625 0.578125 0.3546875 0.575 0.5640625 0.575 0.575 0.5765625 0.5765625 0.575 0.640625 0.575 0.646875 0.5734375
0 0.4359375 0.696875 0.4375 0.6984375 0.453125 0.696875 0.4828125 0.696875 0.484375 0.6984375 0.4859375 0.696875 0.5359375 0.696875 0.5375 0.6984375 0.5515625 0.696875 0.5796875 0.696875 0.58125 0.6984375 0.584375 0.696875 0.5859375 0.6984375 0.8703125 0.696875 0.8734375 0.6984375 0.8734375 0.7890625 0.871875 0.790625 0.8328125 0.790625 0.83125 0.7921875 0.825 0.790625 0.8234375 0.7921875 0.8140625 0.790625 0.8 0.7921875 0.7984375 0.790625 0.790625 0.7921875 0.7828125 0.790625 0.7765625 0.7921875 0.7171875 0.7921875 0.715625 0.790625 0.6921875 0.790625 0.690625 0.7921875 0.6859375 0.790625 0.678125 0.7921875 0.671875 0.790625 0.6375 0.790625 0.6359375 0.7921875 0.63125 0.790625 0.621875 0.7921875 0.6171875 0.790625 0.6078125 0.7921875 0.6015625 0.790625 0.59375 0.7921875 0.590625 0.790625 0.5515625 0.790625 0.55 0.7921875 0.5453125 0.790625 0.5140625 0.790625 0.5125 0.7921875 0.49375 0.7921875 0.4921875 0.790625 0.4546875 0.790625 0.4515625 0.7921875 0.4453125 0.790625 0.44375 0.7921875 0.428125 0.7921875 0.4265625 0.790625 0.35625 0.7890625 0.3546875 0.7859375 0.3546875 0.6984375 0.35625 0.696875 0.371875 0.6984375 0.434375 0.696875
0 0.496875 0.871875 0.4984375 0.8734375 0.503125 0.871875 0.8703125 0.871875 0.875 0.8765625 0.8734375 0.903125 0.7890625 0.903125 0.7875 0.9046875 0.76875 0.9046875 0.7671875 0.903125 0.7421875 0.903125 0.740625 0.9046875 0.734375 0.903125 0.71875 0.903125 0.7171875 0.9046875 0.7046875 0.903125 0.6875 0.903125 0.6859375 0.9046875 0.665625 0.9046875 0.6640625 0.903125 0.6421875 0.903125 0.640625 0.9046875 0.6375 0.903125 0.5875 0.903125 0.5859375 0.9046875 0.56875 0.9046875 0.5671875 0.903125 0.546875 0.903125 0.5453125 0.9046875 0.5296875 0.9046875 0.528125 0.903125 0.4609375 0.903125 0.459375 0.9046875 0.3546875 0.903125 0.353125 0.9015625 0.3546875 0.8734375 0.359375 0.871875 0.4953125 0.871875
0 0.203125 0.815625 0.2046875 0.8171875 0.2109375 0.815625 0.3515625 0.8171875 0.353125 0.81875 0.3515625 0.8453125 0.3484375 0.8484375 0.1125 0.8484375 0.109375 0.846875 0.109375 0.8171875 0.1453125 0.8171875 0.146875 0.815625 0.15 0.8171875 0.2015625 0.8171875
0 0.1328125 0.5109375 0.134375 0.5125 0.153125 0.5125 0.1546875 0.5109375 0.1640625 0.5125 0.1828125 0.5125 0.184375 0.5109375 0.2078125 0.5109375 0.209375 0.5125 0.2109375 0.5109375 0.2453125 0.5109375 0.246875 0.5125 0.275 0.5125 0.2765625 0.5109375 0.28125 0.5125 0.3125 0.5125 0.3140625 0.5109375 0.3296875 0.5125 0.3421875 0.5109375 0.34375 0.5125 0.396875 0.5125 0.3984375 0.5109375 0.5625 0.5125 0.5640625 0.5109375 0.584375 0.5109375 0.5859375 0.5125 0.6171875 0.5125 0.6203125 0.509375 0.628125 0.509375 0.6296875 0.5109375 0.6890625 0.5109375 0.690625 0.5125 0.69375 0.5109375 0.7046875 0.5125 0.8734375 0.5125 0.8765625 0.515625 0.8765625 0.540625 0.875 0.5421875 0.8765625 0.546875 0.8734375 0.5484375 0.8078125 0.5484375 0.80625 0.55 0.7875 0.55 0.7859375 0.5484375 0.6890625 0.5484375 0.6875 0.55 0.4 0.55 0.3984375 0.5484375 0.3875 0.55 0.35625 0.55 0.3546875 0.5484375 0.346875 0.55 0.33125 0.55 0.3296875 0.5484375 0.1609375 0.55 0.1546875 0.5484375 0.153125 0.55 0.1109375 0.55 0.109375 0.5484375 0.109375 0.515625 0.1109375 0.5125 0.13125 0.5109375
0 0.371875 0.928125 0.3734375 0.9296875 0.3796875 0.928125 0.390625 0.9296875 0.40625 0.928125 0.415625 0.9296875 0.4203125 0.928125 0.4421875 0.928125 0.44375 0.9296875 0.45 0.928125 0.4734375 0.928125 0.475 0.9296875 0.490625 0.9296875 0.4921875 0.928125 0.521875 0.928125 0.5234375 0.9296875 0.53125 0.928125 0.5578125 0.928125 0.559375 0.9296875 0.5734375 0.928125 0.6046875 0.928125 0.60625 0.9296875 0.615625 0.928125 0.6640625 0.928125 0.665625 0.9296875 0.6671875 0.928125 0.8734375 0.928125 0.8765625 0.934375 0.8734375 0.959375 0.7625 0.959375 0.7609375 0.9609375 0.7515625 0.959375 0.7015625 0.959375 0.7 0.9609375 0.68125 0.9609375 0.6796875 0.959375 0.6703125 0.9609375 0.6578125 0.959375 0.6546875 0.9609375 0.653125 0.959375 0.646875 0.9609375 0.640625 0.959375 0.6390625 0.9609375 0.634375 0.959375 0.6296875 0.9609375 0.6140625 0.959375 0.6 0.9609375 0.35625 0.959375 0.3546875 0.9578125 0.3546875 0.9328125 0.35625 0.9296875 0.3703125 0.928125
0 0.3484375 0.871875 0.353125 0.875 0.353125 0.8984375 0.3546875 0.9 0.3515625 0.903125 0.325 0.903125 0.3234375 0.9046875 0.3 0.9046875 0.2984375 0.903125 0.2328125 0.903125 0.23125 0.9046875 0.228125 0.903125 0.225 0.9046875 0.21875 0.903125 0.209375 0.9046875 0.19375 0.9046875 0.1921875 0.903125 0.190625 0.9046875 0.1875 0.903125 0.128125 0.9046875 0.121875 0.903125 0.11875 0.9046875 0.109375 0.9015625 0.109375 0.8734375 0.1109375 0.871875 0.346875 0.871875
0 0.7125 0.3734375 0.7140625 0.371875 0.7140625 0.3484375 0.7171875 0.3453125 0.75 0.3453125 0.7515625 0.346875 0.753125 0.3453125 0.8703125 0.3453125 0.8734375 0.3484375 0.871875 0.3734375 0.8625 0.3765625 0.8609375 0.375 0.84375 0.375 0.8421875 0.3765625 0.8359375 0.375 0.8296875 0.3765625 0.725 0.375 0.7234375 0.3765625 0.7140625 0.3734375
0 0.8734375 0.871875 0.8765625 0.878125 0.875 0.884375 0.8765625 0.8953125 0.875 0.9015625 0.86875 0.9046875 0.8671875 0.903125 0.8640625 0.9046875 0.8609375 0.903125 0.8578125 0.9046875 0.853125 0.903125 0.84375 0.9046875 0.3609375 0.9046875 0.359375 0.903125 0.35 0.9046875 0.3453125 0.903125 0.34375 0.9046875 0.3375 0.903125 0.3359375 0.9046875 0.3 0.9046875 0.2984375 0.903125 0.19375 0.9046875 0.1921875 0.903125 0.1890625 0.9046875 0.1875 0.903125 0.121875 0.903125 0.1171875 0.9046875 0.109375 0.9015625 0.109375 0.8734375 0.1109375 0.871875 0.871875 0.871875
0 0.1265625 0.4 0.128125 0.4015625 0.1375 0.4 0.1609375 0.4 0.1625 0.4015625 0.1640625 0.4 0.1859375 0.4 0.1875 0.4015625 0.34375 0.4 0.3515625 0.403125 0.353125 0.4296875 0.3484375 0.43125 0.20625 0.43125 0.2046875 0.4296875 0.196875 0.43125 0.1625 0.43125 0.1609375 0.4296875 0.1125 0.43125 0.109375 0.4296875 0.109375 0.403125 0.1171875 0.4 0.125 0.4
0 0.3484375 0.928125 0.353125 0.93125 0.3515625 0.959375 0.3234375 0.959375 0.321875 0.9609375 0.109375 0.959375 0.109375 0.9296875 0.1109375 0.928125 0.346875 0.928125
0 0.79609375 0.53125 0.16171875 0.0390625
0 0.3546875 0.8171875 0.875 0.8171875 0.8765625 0.8203125 0.8765625 0.8421875 0.8734375 0.846875 0.86875 0.8484375 0.453125 0.8484375 0.45 0.85 0.4484375 0.8484375 0.359375 0.846875 0.3546875 0.84375 0.3546875 0.81875
0 0.1359375 0.6953125 0.1375 0.696875 0.146875 0.6953125 0.2296875 0.6953125 0.23125 0.696875 0.2328125 0.6953125 0.33125 0.6953125 0.3328125 0.696875 0.353125 0.696875 0.3546875 0.6953125 0.371875 0.6953125 0.3734375 0.696875 0.3765625 0.6953125 0.4125 0.6953125 0.4140625 0.696875 0.425 0.6953125 0.446875 0.6953125 0.4484375 0.696875 0.4546875 0.6953125 0.459375 0.696875 0.4609375 0.6953125 0.4640625 0.696875 0.475 0.6953125 0.4828125 0.696875 0.4890625 0.6953125 0.5390625 0.6953125 0.540625 0.696875 0.5421875 0.6953125 0.5578125 0.696875 0.559375 0.6953125 0.565625 0.696875 0.575 0.6953125 0.5765625 0.696875 0.5890625 0.6953125 0.86875 0.6953125 0.8734375 0.696875 0.875 0.7 0.875 0.7875 0.8734375 0.790625 0.8640625 0.7921875 0.35625 0.7921875 0.3546875 0.790625 0.3328125 0.790625 0.33125 0.7921875 0.2421875 0.7921875 0.240625 0.790625 0.2359375 0.7921875 0.2125 0.7921875 0.2109375 0.790625 0.1296875 0.7921875 0.121875 0.790625 0.1140625 0.7921875 0.109375 0.7890625 0.1109375 0.7859375 0.1109375 0.728125 0.109375 0.7265625 0.1109375 0.6984375 0.1140625 0.6953125 0.134375 0.6953125
0 0.2630718953125 0.1262626265625 0.26225490156250003 0.097222221875 0.258986928125 0.0959595953125 0.1102941171875 0.096590909375 0.10866013125 0.12373737343749999 0.1119281046875 0.1268939390625 0.18954248437500001 0.128156565625 0.2630718953125 0.1262626265625
0 0.2614379078125 0.13699495 0.1094771234375 0.13699495 0.1111111109375 0.166035353125 0.257352940625 0.1679292921875 0.2638888890625 0.165404040625 0.2614379078125 0.13699495
0 0.35049019531250003 0.20580808125 0.349673203125 0.1799242421875 0.3447712421875 0.17803030312499998 0.1102941171875 0.17803030312499998 0.10866013125 0.20643939375000003 0.1127450984375 0.2077020203125 0.2892156859375 0.208964646875 0.35049019531250003 0.20580808125
0 0.8733660125 0.3207070703125 0.8799019609375 0.3106060609375 0.87581699375 0.2891414140625 0.8521241828124999 0.287247475 0.5498366015625 0.2859848484375 0.1078431375 0.2891414140625 0.10702614375 0.3137626265625 0.1111111109375 0.321338384375 0.85539215625 0.321338384375 0.8733660125 0.3207070703125
0 0.87581699375 0.31944444375000003 0.8782679734375 0.3112373734375 0.8774509796875 0.29356060624999997 0.8733660125 0.2878787875 0.1094771234375 0.2878787875 0.1078431375 0.31818181874999996 0.1119281046875 0.321338384375 0.8660130718750001 0.321338384375 0.87581699375 0.31944444375000003
0 0.3447712421875 0.37563131250000004 0.3513071890625 0.3731060609375 0.35049019531250003 0.3453282828125 0.34722222187499996 0.3446969703125 0.1102941171875 0.3446969703125 0.10866013125 0.3731060609375 0.11601307187500001 0.3762626265625 0.2990196078125 0.3762626265625 0.3447712421875 0.37563131250000004
1 0.5694272875 0.2039141421875 0.5694272875 0.18181818125 0.49671486875 0.18244949531250002 0.4958978765625 0.20643939375000003 0.55308741875 0.20707070781249998 0.5669763078125001 0.20643939375000003 0.5694272875 0.2039141421875
1 0.7369281046875 0.1830808078125 0.7377450984375 0.20643939375000003 0.8088235296875 0.2051767671875 0.8080065359375 0.18181818125 0.7369281046875 0.1830808078125
0 0.4068627453125 0.18244949531250002 0.4076797390625 0.20643939375000003 0.49264705937500003 0.20580808125 0.491013071875 0.18181818125 0.4068627453125 0.18244949531250002
0 0.6192810453125001 0.18244949531250002 0.6192810453125001 0.20580808125 0.7352941171875 0.20580808125 0.73366013125 0.1830808078125 0.6192810453125001 0.18244949531250002