3 0.652307340625 0.0749039921875 0.833791134375 0.078071803125 0.8340978734375 0.06049872187500001 0.6526140796875 0.0573309109375 0.652307340625 0.0749039921875
0 0.41277152812500006 0.37484116562500003 0.645456671875 0.3789027 0.646019246875 0.3466727609375 0.41333410312499996 0.3426112265625 0.41277152812500006 0.37484116562500003
0 0.1305224375 0.3706406109375 0.28977105625 0.37342030625 0.2903461921875 0.3404707796875 0.1310975734375 0.337691084375 0.1305224375 0.3706406109375
0 0.4107994125 0.42883959374999997 0.6454613796875 0.432935634375 0.645948703125 0.40501690625000003 0.4112867359375 0.40092086718750003 0.4107994125 0.42883959374999997
0 0.12223126718749999 0.42385944531249997 0.286005340625 0.4267181328125 0.28651910625 0.39728448437499997 0.1227450328125 0.39442579843750003 0.12223126718749999 0.42385944531249997
0 0.1222764015625 0.4802577125 0.2859687859375 0.4831149734375 0.28652508125 0.451244828125 0.12283269687500001 0.44838756718750006 0.1222764015625 0.4802577125
0 0.1209380140625 0.5424218515625 0.28204909375 0.54523405625 0.2826470359375 0.510977909375 0.1215359578125 0.50816570625 0.1209380140625 0.5424218515625
0 0.4107348109375 0.545125115625 0.645323259375 0.5492198734375 0.6459055578124999 0.51586005625 0.411317109375 0.5117653 0.4107348109375 0.545125115625
0 0.41482004687499996 0.4852251703125 0.64266115625 0.4892021515625 0.6432022468749999 0.458203084375 0.4153611375 0.454226103125 0.41482004687499996 0.4852251703125
0 0.3319997671875 0.12507591406250002 0.7384737968749999 0.13217094375 0.7390036484375 0.1018157203125 0.33252961875 0.0947206890625 0.3319997671875 0.12507591406250002
0 0.3269433828125 0.16454228906249999 0.7406140296875 0.1717629375 0.74117241875 0.1397728625 0.327501771875 0.1325522140625 0.3269433828125 0.16454228906249999
2 0.14610215 0.16786395468749998 0.2993957921875 0.1705397046875 0.3017899890625 0.0333762546875 0.148496346875 0.0307005046875 0.14610215 0.16786395468749998
0 0.1171875 0.8109375 0.1234375 0.809375 0.1421875 0.8125 0.15625 0.8109375 0.190625 0.8125 0.19375 0.8109375 0.1953125 0.8125 0.2296875 0.8125 0.23125 0.8140625 0.2359375 0.8125 0.2390625 0.8140625 0.31875 0.8125 0.321875 0.815625 0.3578125 0.815625 0.359375 0.8140625 0.36875 0.815625 0.3703125 0.8140625 0.371875 0.815625 0.409375 0.815625 0.4109375 0.8171875 0.415625 0.815625 0.4171875 0.8171875 0.4734375 0.815625 0.5 0.81875 0.5375 0.81875 0.5390625 0.8171875 0.578125 0.81875 0.584375 0.8171875 0.5890625 0.8203125 0.6328125 0.81875 0.634375 0.8203125 0.7671875 0.821875 0.76875 0.8234375 0.7765625 0.821875 0.778125 0.8234375 0.84375 0.8234375 0.846875 0.821875 0.8578125 0.825 0.8828125 0.825 0.884375 0.8265625 0.884375 0.8515625 0.878125 0.85625 0.6765625 0.853125 0.675 0.8515625 0.6453125 0.8515625 0.640625 0.8484375 0.634375 0.8515625 0.5859375 0.8515625 0.584375 0.85 0.540625 0.8515625 0.5390625 0.85 0.496875 0.85 0.4953125 0.8484375 0.4078125 0.8484375 0.40625 0.846875 0.31875 0.846875 0.3171875 0.8453125 0.1203125 0.8421875 0.1171875 0.8390625 0.1171875 0.8125
0 0.115625 0.9234375 0.1390625 0.921875 0.140625 0.9234375 0.4984375 0.928125 0.5 0.9296875 0.765625 0.9328125 0.7671875 0.934375 0.85625 0.934375 0.8828125 0.9375 0.8828125 0.953125 0.8796875 0.9671875 0.8546875 0.9671875 0.853125 0.965625 0.7984375 0.9671875 0.796875 0.965625 0.75625 0.965625 0.7546875 0.9640625 0.7265625 0.965625 0.725 0.9640625 0.675 0.9640625 0.6734375 0.9625 0.5859375 0.9640625 0.584375 0.9625 0.5390625 0.9625 0.5375 0.9609375 0.496875 0.9625 0.4953125 0.9609375 0.41875 0.9609375 0.4171875 0.959375 0.4109375 0.9609375 0.4046875 0.959375 0.3171875 0.959375 0.315625 0.9578125 0.284375 0.9578125 0.2828125 0.95625 0.228125 0.9578125 0.1984375 0.9546875 0.1953125 0.95625 0.1375 0.95625 0.1140625 0.953125 0.115625 0.925
0 0.1515625 0.0359375 0.3 0.0375 0.3015625 0.040625 0.3 0.1421875 0.296875 0.16875 0.29375 0.1703125 0.2921875 0.16875 0.234375 0.16875 0.2328125 0.1671875 0.2046875 0.16875 0.203125 0.1671875 0.1515625 0.1671875 0.1484375 0.1640625 0.1515625 0.0375
0 0.678125 0.6984375 0.6796875 0.7 0.76875 0.7 0.7875 0.703125 0.7953125 0.7015625 0.85625 0.703125 0.8578125 0.7015625 0.884375 0.7046875 0.8859375 0.7109375 0.8859375 0.7734375 0.884375 0.775 0.884375 0.796875 0.8796875 0.8 0.8703125 0.7984375 0.8671875 0.8 0.8546875 0.796875 0.765625 0.7984375 0.7640625 0.796875 0.696875 0.796875 0.6953125 0.7953125 0.6890625 0.796875 0.675 0.79375 0.6625 0.7953125 0.6609375 0.79375 0.64375 0.79375 0.6421875 0.7921875 0.6421875 0.771875 0.6453125 0.76875 0.64375 0.765625 0.64375 0.74375 0.6453125 0.7421875 0.64375 0.7390625 0.64375 0.7203125 0.6453125 0.71875 0.64375 0.70625 0.6453125 0.7015625 0.6765625 0.6984375
0 0.6484375 0.5796875 0.653125 0.578125 0.6796875 0.578125 0.696875 0.58125 0.7375 0.5796875 0.7390625 0.578125 0.7703125 0.58125 0.8265625 0.5796875 0.828125 0.58125 0.8859375 0.5828125 0.8890625 0.5859375 0.8890625 0.590625 0.8859375 0.5953125 0.8875 0.596875 0.8875 0.6125 0.8859375 0.6140625 0.8875 0.6515625 0.8859375 0.653125 0.8859375 0.6734375 0.8828125 0.6765625 0.8671875 0.6765625 0.865625 0.678125 0.7703125 0.6765625 0.76875 0.678125 0.765625 0.675 0.715625 0.6765625 0.7140625 0.675 0.6484375 0.6734375 0.6453125 0.6703125 0.6453125 0.590625 0.6484375 0.58125
0 0.68125 0.459375 0.6828125 0.4609375 0.8890625 0.4640625 0.890625 0.465625 0.890625 0.4953125 0.76875 0.49375 0.7671875 0.4921875 0.7578125 0.49375 0.7484375 0.4921875 0.7421875 0.49375 0.7375 0.4921875 0.728125 0.49375 0.65625 0.4921875 0.6484375 0.490625 0.646875 0.4875 0.6484375 0.4609375 0.65 0.459375 0.6796875 0.459375
0 0.4078125 0.4546875 0.409375 0.45625 0.4125 0.4546875 0.4140625 0.45625 0.5015625 0.45625 0.503125 0.4578125 0.590625 0.4578125 0.5921875 0.459375 0.8890625 0.4640625 0.890625 0.465625 0.890625 0.49375 0.8890625 0.4953125 0.8578125 0.4953125 0.85625 0.49375 0.8234375 0.4953125 0.821875 0.49375 0.76875 0.49375 0.7671875 0.4921875 0.759375 0.49375 0.74375 0.4921875 0.7421875 0.49375 0.709375 0.49375 0.7078125 0.4921875 0.6796875 0.49375 0.6484375 0.490625 0.6015625 0.4921875 0.5875 0.4890625 0.5859375 0.490625 0.5609375 0.490625 0.559375 0.4890625 0.55625 0.490625 0.5125 0.490625 0.4984375 0.4875 0.49375 0.4890625 0.4609375 0.4890625 0.459375 0.4875 0.415625 0.4890625 0.409375 0.4859375 0.321875 0.4875 0.3078125 0.484375 0.2953125 0.4859375 0.290625 0.484375 0.23125 0.484375 0.2296875 0.4828125 0.190625 0.4828125 0.1890625 0.484375 0.1875 0.4828125 0.121875 0.48125 0.121875 0.4515625 0.1234375 0.45 0.296875 0.453125 0.2984375 0.4546875 0.303125 0.453125 0.40625 0.4546875
0 0.1421875 0.56875 0.14375 0.5703125 0.2328125 0.5703125 0.234375 0.571875 0.321875 0.571875 0.3234375 0.5734375 0.35625 0.571875 0.3578125 0.5734375 0.4109375 0.5734375 0.4234375 0.5765625 0.4328125 0.575 0.590625 0.5765625 0.5921875 0.578125 0.64375 0.578125 0.646875 0.58125 0.6796875 0.578125 0.68125 0.5796875 0.7546875 0.5796875 0.75625 0.58125 0.76875 0.5796875 0.7921875 0.5828125 0.796875 0.58125 0.859375 0.58125 0.875 0.584375 0.8859375 0.5828125 0.8875 0.5859375 0.8859375 0.675 0.8828125 0.678125 0.678125 0.675 0.6765625 0.6734375 0.653125 0.6734375 0.646875 0.671875 0.6453125 0.6671875 0.6421875 0.671875 0.6375 0.6734375 0.5875 0.6734375 0.5859375 0.671875 0.553125 0.671875 0.5515625 0.6734375 0.5390625 0.671875 0.5375 0.6734375 0.5359375 0.671875 0.4984375 0.671875 0.496875 0.6703125 0.4640625 0.671875 0.4625 0.6703125 0.409375 0.6703125 0.4078125 0.66875 0.378125 0.6703125 0.3765625 0.66875 0.3203125 0.66875 0.31875 0.6671875 0.2296875 0.6671875 0.228125 0.665625 0.125 0.6640625 0.121875 0.65 0.121875 0.5859375 0.1265625 0.5703125 0.140625 0.56875
0 0.1421875 0.690625 0.14375 0.6921875 0.3796875 0.6953125 0.38125 0.696875 0.4125 0.696875 0.4140625 0.6984375 0.415625 0.696875 0.44375 0.696875 0.4453125 0.6984375 0.5 0.696875 0.5015625 0.6984375 0.5421875 0.6984375 0.54375 0.7 0.559375 0.6984375 0.5671875 0.7 0.5875 0.7 0.5890625 0.6984375 0.61875 0.7015625 0.6390625 0.7 0.640625 0.7015625 0.6390625 0.7890625 0.6375 0.7921875 0.628125 0.79375 0.5875 0.79375 0.5859375 0.7921875 0.5671875 0.7921875 0.565625 0.79375 0.5015625 0.7921875 0.4984375 0.79375 0.4796875 0.790625 0.44375 0.7921875 0.4421875 0.790625 0.4078125 0.790625 0.40625 0.7890625 0.403125 0.790625 0.3984375 0.7890625 0.390625 0.790625 0.384375 0.7890625 0.375 0.790625 0.3703125 0.7890625 0.3609375 0.790625 0.321875 0.7890625 0.31875 0.790625 0.3140625 0.7875 0.3078125 0.7890625 0.3015625 0.7875 0.2296875 0.7890625 0.215625 0.7859375 0.1625 0.7875 0.1609375 0.7859375 0.121875 0.784375 0.1203125 0.7828125 0.121875 0.69375 0.1265625 0.690625 0.140625 0.690625
0 0.409375 0.8703125 0.4109375 0.871875 0.6328125 0.875 0.6375 0.8765625 0.6390625 0.890625 0.6375 0.90625 0.5859375 0.90625 0.584375 0.9046875 0.5328125 0.90625 0.53125 0.9046875 0.496875 0.9046875 0.4953125 0.903125 0.4078125 0.9046875 0.4046875 0.9015625 0.3171875 0.903125 0.3046875 0.9 0.2515625 0.9015625 0.2265625 0.8984375 0.2046875 0.9 0.203125 0.8984375 0.11875 0.896875 0.1171875 0.871875 0.1234375 0.865625 0.31875 0.86875 0.3203125 0.8703125 0.4078125 0.8703125
0 0.703125 0.8203125 0.7046875 0.821875 0.7671875 0.8203125 0.784375 0.8234375 0.790625 0.821875 0.7921875 0.8234375 0.84375 0.8234375 0.846875 0.821875 0.8578125 0.825 0.884375 0.825 0.884375 0.853125 0.8796875 0.85625 0.8546875 0.85625 0.853125 0.8546875 0.6453125 0.8515625 0.6421875 0.8484375 0.6421875 0.8296875 0.640625 0.828125 0.6421875 0.8203125 0.678125 0.8203125 0.6796875 0.821875 0.68125 0.8203125 0.6984375 0.8203125 0.7015625 0.821875
0 0.4359375 0.5109375 0.4375 0.5125 0.465625 0.5109375 0.4671875 0.5125 0.5015625 0.5125 0.503125 0.5140625 0.5328125 0.5140625 0.534375 0.5125 0.5859375 0.5140625 0.590625 0.5125 0.603125 0.515625 0.6796875 0.5140625 0.6875 0.5171875 0.7171875 0.5171875 0.71875 0.515625 0.7234375 0.5171875 0.7703125 0.515625 0.771875 0.5171875 0.8140625 0.5171875 0.815625 0.51875 0.84375 0.5171875 0.8609375 0.5203125 0.884375 0.51875 0.8890625 0.5234375 0.8890625 0.55625 0.8875 0.5578125 0.8578125 0.5578125 0.84375 0.5546875 0.8375 0.55625 0.8015625 0.55625 0.8 0.5546875 0.76875 0.55625 0.74375 0.553125 0.6859375 0.5546875 0.6765625 0.5515625 0.5890625 0.553125 0.5875 0.5515625 0.5 0.5515625 0.4984375 0.55 0.4109375 0.55 0.409375 0.5484375 0.3203125 0.5484375 0.309375 0.5453125 0.23125 0.5453125 0.2296875 0.54375 0.1921875 0.5453125 0.190625 0.54375 0.125 0.5421875 0.121875 0.540625 0.1234375 0.5375 0.121875 0.5109375 0.1265625 0.50625 0.2328125 0.5078125 0.234375 0.509375 0.2953125 0.509375 0.296875 0.5078125 0.36875 0.509375 0.378125 0.5078125 0.38125 0.5109375 0.434375 0.5109375
0 0.11875 0.921875 0.31875 0.925 0.3203125 0.9265625 0.3765625 0.9265625 0.378125 0.928125 0.4078125 0.9265625 0.4203125 0.9296875 0.4984375 0.928125 0.5015625 0.93125 0.5171875 0.93125 0.51875 0.9296875 0.5765625 0.93125 0.584375 0.9296875 0.5890625 0.9328125 0.6265625 0.93125 0.6359375 0.9328125 0.6375 0.9359375 0.6375 0.95 0.634375 0.9625 0.5859375 0.9625 0.584375 0.9609375 0.5734375 0.9625 0.5703125 0.9609375 0.5671875 0.9625 0.5609375 0.9609375 0.5 0.9609375 0.496875 0.9625 0.4765625 0.959375 0.4734375 0.9609375 0.4703125 0.959375 0.465625 0.9609375 0.4609375 0.959375 0.459375 0.9609375 0.45625 0.959375 0.40625 0.9609375 0.3890625 0.9578125 0.321875 0.959375 0.315625 0.95625 0.3109375 0.9578125 0.290625 0.9578125 0.2890625 0.95625 0.23125 0.9578125 0.2265625 0.9546875 0.1171875 0.953125 0.115625 0.9515625 0.1171875 0.9421875 0.115625 0.928125 0.11875 0.9234375
0 0.7671875 0.8765625 0.76875 0.878125 0.88125 0.8796875 0.8828125 0.88125 0.8828125 0.909375 0.8734375 0.9125 0.8703125 0.9109375 0.859375 0.9125 0.853125 0.909375 0.8359375 0.909375 0.834375 0.9109375 0.8328125 0.909375 0.8046875 0.909375 0.803125 0.9109375 0.7734375 0.909375 0.7671875 0.9109375 0.7640625 0.9078125 0.7625 0.909375 0.759375 0.9078125 0.675 0.909375 0.6671875 0.90625 0.640625 0.90625 0.6375 0.903125 0.6390625 0.9015625 0.6390625 0.878125 0.64375 0.875 0.765625 0.8765625
0 0.1453125 0.3390625 0.146875 0.340625 0.234375 0.340625 0.25 0.34375 0.2515625 0.3421875 0.284375 0.3421875 0.2875 0.3453125 0.2875 0.36875 0.2890625 0.3703125 0.278125 0.3734375 0.2765625 0.371875 0.234375 0.371875 0.2328125 0.3734375 0.2203125 0.3703125 0.159375 0.371875 0.13125 0.36875 0.128125 0.3421875 0.1328125 0.3390625 0.14375 0.3390625
0 0.409375 0.8703125 0.4109375 0.871875 0.4984375 0.871875 0.5 0.8734375 0.5875 0.8734375 0.5890625 0.875 0.88125 0.8796875 0.8828125 0.88125 0.8828125 0.909375 0.875 0.9125 0.853125 0.909375 0.8046875 0.909375 0.803125 0.9109375 0.771875 0.909375 0.7671875 0.9109375 0.7640625 0.9078125 0.7625 0.909375 0.759375 0.9078125 0.675 0.909375 0.6546875 0.90625 0.653125 0.9078125 0.646875 0.90625 0.6453125 0.9078125 0.640625 0.90625 0.5859375 0.9078125 0.584375 0.90625 0.1484375 0.9 0.1328125 0.896875 0.1234375 0.8984375 0.1171875 0.8953125 0.115625 0.8890625 0.1171875 0.878125 0.115625 0.871875 0.1203125 0.865625 0.31875 0.86875 0.3203125 0.8703125 0.4078125 0.8703125
0 0.7984375 0.40625 0.8 0.4078125 0.8609375 0.40625 0.865625 0.409375 0.8734375 0.4078125 0.890625 0.409375 0.8921875 0.4109375 0.890625 0.4375 0.8875 0.4390625 0.859375 0.4390625 0.84375 0.4359375 0.8375 0.4375 0.6796875 0.4359375 0.646875 0.4328125 0.65 0.40625 0.6578125 0.403125 0.7703125 0.4046875 0.7921875 0.4078125 0.796875 0.40625
0 0.85625 0.934375 0.8828125 0.9375 0.88125 0.9671875 0.859375 0.9671875 0.8578125 0.96875 0.840625 0.965625 0.828125 0.9671875 0.79375 0.9671875 0.7921875 0.965625 0.7640625 0.9671875 0.746875 0.9640625 0.74375 0.965625 0.71875 0.965625 0.7171875 0.9640625 0.675 0.965625 0.6671875 0.9625 0.6390625 0.9625 0.6375 0.959375 0.640625 0.946875 0.6390625 0.934375 0.64375 0.93125 0.8546875 0.934375
0 0.14375 0.50625 0.1453125 0.5078125 0.278125 0.509375 0.28125 0.5125 0.2828125 0.54375 0.2515625 0.546875 0.2296875 0.54375 0.225 0.5453125 0.196875 0.5453125 0.1953125 0.54375 0.1625 0.5453125 0.1609375 0.54375 0.1234375 0.5421875 0.121875 0.540625 0.1234375 0.5109375 0.128125 0.50625 0.1421875 0.50625
0 0.11875 0.8109375 0.6390625 0.8203125 0.6390625 0.846875 0.634375 0.85 0.625 0.8515625 0.5453125 0.85 0.5421875 0.8515625 0.540625 0.85 0.496875 0.85 0.4953125 0.8484375 0.1390625 0.84375 0.11875 0.840625 0.1171875 0.8359375 0.1171875 0.8140625 0.11875 0.8125
0 0.5 0.6953125 0.509375 0.6984375 0.5140625 0.696875 0.521875 0.6984375 0.5328125 0.696875 0.5359375 0.6984375 0.5375 0.696875 0.5828125 0.6984375 0.5890625 0.696875 0.6203125 0.7 0.6234375 0.6984375 0.640625 0.6984375 0.6421875 0.7 0.678125 0.6984375 0.6796875 0.7 0.88125 0.703125 0.884375 0.70625 0.8859375 0.734375 0.884375 0.7359375 0.884375 0.7734375 0.8828125 0.775 0.884375 0.796875 0.8796875 0.8 0.871875 0.7984375 0.85625 0.8 0.8515625 0.796875 0.84375 0.7984375 0.7953125 0.7984375 0.79375 0.796875 0.765625 0.7984375 0.75625 0.7953125 0.7515625 0.796875 0.6765625 0.796875 0.6609375 0.79375 0.5875 0.7953125 0.5859375 0.79375 0.4078125 0.7921875 0.40625 0.790625 0.2296875 0.7890625 0.228125 0.7875 0.1390625 0.7875 0.1203125 0.784375 0.11875 0.78125 0.1203125 0.6953125 0.1234375 0.690625 0.128125 0.6890625 0.23125 0.690625 0.2328125 0.6921875 0.3203125 0.6921875 0.321875 0.69375 0.40625 0.69375 0.4125 0.696875 0.4203125 0.6953125 0.4234375 0.696875 0.4984375 0.6953125
0 0.8945243890624999 0.133723553125 0.8978469546875001 0.130624503125 0.8966869875000001 0.10345365625 0.7480278421875 0.100227390625 0.7447383296875 0.10143279062499999 0.7434146359375 0.1304545140625 0.81689979375 0.1336314296875 0.8945243890624999 0.133723553125
0 0.8967987093750001 0.1438658015625 0.7448610703125 0.14121372031249999 0.7419146546875 0.1695757078125 0.7484055359374999 0.17221464375 0.8946581468750001 0.1728732640625 0.8967987093750001 0.1438658015625
0 0.8922972234375001 0.21450506875 0.8964036046875 0.2133139265625 0.8952656749999999 0.184880646875 0.6608242625 0.18078845625 0.65588999375 0.18259655625 0.654621390625 0.20846219375000002 0.7158314781249999 0.21268766718749998 0.8922972234375001 0.21450506875
0 0.12981994531250002 0.3142182421875 0.147780046875 0.315163146875 0.891947734375 0.3281526421875 0.8961642953125001 0.32064933125 0.8957771250000001 0.296017609375 0.45390606875 0.285147675 0.151642490625 0.2811344640625 0.127920234375 0.28261461718750003 0.12346127968750001 0.304004703125 0.12981994531250002 0.3142182421875
0 0.13716074843749998 0.3149777859375 0.891130865625 0.328138384375 0.8952703 0.3250535921875 0.8941654234374999 0.29472665781249996 0.130392878125 0.281394959375 0.126209371875 0.28700462031249996 0.125084 0.30466443593750003 0.1273913734375 0.3129130328125 0.13716074843749998 0.3149777859375
0 0.703109296875 0.3797890640625 0.886087959375 0.38298296875000004 0.8934948703125001 0.379955209375 0.8923569406249999 0.35152192968749996 0.6554649203125 0.34738696406249997 0.6521864265625 0.3479611453125 0.65088476875 0.37572043437499997 0.6573756484375 0.3783593703125 0.703109296875 0.3797890640625
1 0.5092248374999999 0.20655569687500003 0.5088266515625001 0.18255519375 0.436136325 0.18065496875 0.435750696875 0.2027475640625 0.43815723125000006 0.20531520625000002 0.4520329875 0.20618881875 0.5092248374999999 0.20655569687500003
1 0.1975934140625 0.1764911859375 0.19636888125000002 0.19983195625 0.26741445 0.20233487968750002 0.2686389828125 0.1789941109375 0.1975934140625 0.1764911859375
0 0.5145385984375 0.1820234859375 0.512486178125 0.2059812140625 0.5974295390625 0.208095315625 0.5986650906250001 0.1841233296875 0.5145385984375 0.1820234859375
0 0.271906459375 0.1790511453125 0.2698760765625 0.20174643906249998 0.385871478125 0.203771146875 0.3862791421875 0.18041611875000002 0.271906459375 0.1790511453125