2 0.042892465625 0.1754048625 0.20426664374999998 0.158443753125 0.1929992421875 0.0512415953125 0.031625065625 0.0682027046875 0.042892465625 0.1754048625
0 0.12299175468750001 0.9524272109374999 0.28833101875 0.9350493546875001 0.2868014609375 0.920496578125 0.1214621953125 0.9378744343750001 0.12299175468750001 0.9524272109374999
0 0.6547554953125 0.8965291078125001 0.9752775515625001 0.8628408828125 0.9732756437500001 0.8437940125000001 0.6527535890625 0.8774822375 0.6547554953125 0.8965291078125001
4 0.2605011171875 0.9652019218750001 0.9716167734375001 0.8904606546875 0.968854234375 0.8641768624999999 0.25773857968749997 0.9389181296875 0.2605011171875 0.9652019218750001
1 0.6245585625000001 0.10419426093749999 0.6617475046875 0.1002855453125 0.6595620515625 0.0794923421875 0.6223731078125 0.0834010578125 0.6245585625000001 0.10419426093749999
3 0.268484884375 0.141190175 0.3604050328125 0.131528978125 0.3582050609375 0.110597646875 0.2662849125 0.12025884375 0.268484884375 0.141190175
3 0.45151137500000005 0.12479377656249999 0.61471371875 0.1076405203125 0.612159615625 0.08333985000000001 0.448957271875 0.10049310625 0.45151137500000005 0.12479377656249999
1 0.3563292640625 0.13659835781250002 0.4007496171875 0.13192958906250002 0.3978304953125 0.10415598749999999 0.3534101421875 0.1088247546875 0.3563292640625 0.13659835781250002
1 0.7890625 0.2546875 0.8125 0.253125 0.815625 0.2609375 0.8140625 0.2734375 0.790625 0.275 0.7875 0.2609375 0.7890625 0.25625
1 0.8171875 0.128125 0.821875 0.1328125 0.825 0.1296875 0.8265625 0.14375 0.8234375 0.146875 0.8109375 0.1484375 0.796875 0.146875 0.79375 0.140625 0.7953125 0.13125 0.815625 0.128125
1 0.071875 0.2453125 0.0765625 0.25 0.0796875 0.2640625 0.06875 0.26875 0.0546875 0.2703125 0.0515625 0.265625 0.05 0.25 0.0546875 0.246875 0.0703125 0.2453125
1 0.4765625 0.425 0.5125 0.4203125 0.5203125 0.4203125 0.521875 0.425 0.521875 0.4390625 0.4828125 0.4453125 0.4765625 0.4421875 0.478125 0.4375 0.4765625 0.4265625
1 0.475 0.821875 0.4734375 0.8296875 0.475 0.8390625 0.471875 0.8421875 0.4578125 0.84375 0.4484375 0.8421875 0.4453125 0.825 0.4734375 0.821875
1 0.8859375 0.2546875 0.0359375 0.025
1 0.5421875 0.4359375 0.540625 0.4203125 0.54375 0.415625 0.5671875 0.415625 0.5703125 0.4234375 0.56875 0.434375 0.5578125 0.434375 0.55 0.4375 0.54375 0.4359375
1 0.303125 0.18125 0.30625 0.1984375 0.3 0.203125 0.2953125 0.2015625 0.2765625 0.203125 0.2734375 0.1984375 0.2734375 0.184375 0.3015625 0.18125
1 0.7296875 0.3984375 0.7328125 0.415625 0.7296875 0.41875 0.7203125 0.4203125 0.7078125 0.41875 0.7046875 0.4109375 0.7078125 0.403125 0.70625 0.4 0.728125 0.3984375
1 0.890625 0.1609375 0.89375 0.18125 0.871875 0.184375 0.8671875 0.18125 0.865625 0.165625 0.871875 0.1625 0.8890625 0.1609375
1 0.203125 0.85 0.2046875 0.86875 0.1921875 0.86875 0.18125 0.871875 0.178125 0.8703125 0.171875 0.8734375 0.1625 0.871875 0.1578125 0.875 0.1546875 0.8734375 0.1359375 0.875 0.140625 0.8703125 0.1390625 0.8578125 0.1453125 0.853125 0.1609375 0.8515625 0.175 0.853125 0.2015625 0.85
1 0.7109375 0.8390625 0.7390625 0.8359375 0.7421875 0.846875 0.7421875 0.8546875 0.7125 0.8578125 0.7109375 0.840625
1 0.4921875 0.859375 0.5203125 0.85625 0.5234375 0.8734375 0.5234375 0.8765625 0.5203125 0.878125 0.49375 0.8796875 0.490625 0.8703125 0.4921875 0.8609375
1 0.928125 0.8140625 0.93125 0.821875 0.93125 0.834375 0.90625 0.8375 0.9 0.834375 0.8984375 0.8171875 0.9265625 0.8140625
1 0.9078125 0.328125 0.9109375 0.3453125 0.9046875 0.3484375 0.9015625 0.346875 0.8875 0.3484375 0.884375 0.33125 0.8953125 0.328125 0.90625 0.328125
1 0.0515625 0.2046875 0.053125 0.20625 0.0671875 0.2046875 0.075 0.20625 0.078125 0.209375 0.078125 0.2234375 0.05 0.228125 0.046875 0.2234375 0.0453125 0.2109375 0.0453125 0.2078125 0.05 0.20625
1 0.7078125 0.8390625 0.7078125 0.8453125 0.7109375 0.8484375 0.709375 0.8578125 0.6828125 0.8609375 0.6796875 0.859375 0.678125 0.84375 0.6828125 0.840625 0.696875 0.840625 0.703125 0.8375 0.70625 0.8390625
1 0.2640625 0.446875 0.2734375 0.44375 0.290625 0.44375 0.29375 0.453125 0.29375 0.4609375 0.2890625 0.4640625 0.2671875 0.465625 0.2640625 0.4484375
1 0.775 0.40234375 0.0296875 0.025
1 0.365625 0.8734375 0.36875 0.88125 0.36875 0.8921875 0.35625 0.8953125 0.3421875 0.8953125 0.34375 0.89375 0.3421875 0.8765625 0.3640625 0.8734375
1 0.625 0.084375 0.6515625 0.08125 0.6546875 0.0890625 0.6546875 0.0984375 0.6265625 0.1015625 0.625 0.0859375
1 0.078125 0.328125 0.0875 0.33125 0.0859375 0.3484375 0.084375 0.35 0.0796875 0.3484375 0.0734375 0.3515625 0.0609375 0.3484375 0.059375 0.33125 0.0765625 0.3296875
1 0.840625 0.2484375 0.8421875 0.25 0.8640625 0.2484375 0.8671875 0.2515625 0.86875 0.2578125 0.8671875 0.2671875 0.846875 0.2703125 0.8359375 0.26875 0.834375 0.2515625 0.8390625 0.2484375
1 0.9578125 0.8109375 0.9609375 0.8203125 0.9609375 0.83125 0.9359375 0.834375 0.93125 0.834375 0.93125 0.8140625 0.95625 0.8109375
1 0.884375 0.11875 0.8875 0.121875 0.8890625 0.1390625 0.8609375 0.1421875 0.8578125 0.1234375 0.8703125 0.1203125 0.8828125 0.1203125
1 0.140625 0.8546875 0.1453125 0.8640625 0.14375 0.875 0.13125 0.8765625 0.1171875 0.8765625 0.115625 0.859375 0.1171875 0.85625 0.1265625 0.8578125 0.13125 0.8546875 0.1390625 0.8546875
1 0.5796875 0.85 0.584375 0.85625 0.5859375 0.8703125 0.5640625 0.8734375 0.5546875 0.871875 0.5515625 0.85625 0.553125 0.853125 0.578125 0.8515625
1 0.9515625 0.76875 0.9546875 0.7703125 0.95625 0.7765625 0.95625 0.790625 0.934375 0.79375 0.928125 0.790625 0.9296875 0.7890625 0.9265625 0.7765625 0.928125 0.771875 0.95 0.76875
1 0.459375 0.425 0.4609375 0.4265625 0.475 0.425 0.4765625 0.44375 0.4578125 0.4453125 0.453125 0.4484375 0.4515625 0.446875 0.4328125 0.4484375 0.4296875 0.44375 0.4296875 0.4296875 0.4375 0.4265625 0.4515625 0.428125 0.4578125 0.425
1 0.075 0.2875 0.08125 0.2921875 0.0796875 0.2953125 0.0828125 0.2984375 0.0828125 0.3078125 0.08125 0.309375 0.075 0.3078125 0.071875 0.3109375 0.0578125 0.3109375 0.0546875 0.2953125 0.05625 0.290625 0.059375 0.2890625 0.0734375 0.2875
1 0.24375 0.84375 0.2484375 0.8453125 0.2578125 0.8421875 0.2625 0.8453125 0.2609375 0.8609375 0.2640625 0.8625 0.259375 0.8640625 0.2546875 0.8625 0.25 0.865625 0.2375 0.8640625 0.234375 0.85 0.2375 0.84375 0.2421875 0.84375
1 0.1203125 0.8984375 0.140625 0.896875 0.1421875 0.90625 0.1453125 0.909375 0.14375 0.9171875 0.1203125 0.91875 0.121875 0.9171875 0.11875 0.909375 0.1203125 0.9
1 0.4546875 0.875 0.4578125 0.88125 0.453125 0.8765625
1 0.525 0.8765625 0.521875 0.8578125 0.5234375 0.85625 0.55 0.853125 0.553125 0.8578125 0.5546875 0.871875 0.55 0.875 0.5265625 0.8765625
1 0.1359375 0.2 0.1375 0.2015625 0.140625 0.2 0.1421875 0.21875 0.1265625 0.2203125 0.115625 0.2203125 0.1125 0.215625 0.1109375 0.2046875 0.115625 0.2 0.121875 0.2015625 0.128125 0.1984375 0.134375 0.2
1 0.5921875 0.809375 0.596875 0.8265625 0.5921875 0.8296875 0.5859375 0.828125 0.5765625 0.83125 0.56875 0.8296875 0.5671875 0.8109375 0.590625 0.809375
1 0.840625 0.1234375 0.846875 0.125 0.85 0.1296875 0.853125 0.1296875 0.85625 0.1234375 0.859375 0.1421875 0.8546875 0.14375 0.85 0.1421875 0.840625 0.1453125 0.828125 0.14375 0.8265625 0.1390625 0.828125 0.128125 0.8328125 0.125 0.8390625 0.125
1 0.1578125 0.1953125 0.159375 0.196875 0.171875 0.1953125 0.175 0.196875 0.1765625 0.2109375 0.171875 0.215625 0.1453125 0.2171875 0.140625 0.2046875 0.1421875 0.196875 0.1484375 0.1984375 0.15625 0.196875
1 0.3890625 0.109375 0.3921875 0.125 0.3765625 0.128125 0.3625 0.128125 0.3609375 0.11875 0.3625 0.1109375 0.3875 0.109375
1 0.8296875 0.825 0.834375 0.828125 0.8375 0.8421875 0.8328125 0.8453125 0.8171875 0.846875 0.8078125 0.846875 0.80625 0.828125 0.8171875 0.825 0.828125 0.825
1 0.4875 0.8609375 0.4921875 0.878125 0.4890625 0.88125 0.475 0.8828125 0.4609375 0.8828125 0.459375 0.8640625 0.4734375 0.8625 0.4765625 0.859375 0.4859375 0.8609375
1 0.8625 0.81875 0.865625 0.8203125 0.86875 0.840625 0.846875 0.84375 0.8390625 0.84375 0.8375 0.840625 0.8359375 0.8234375 0.8609375 0.8203125
1 0.5806710859375 0.654658859375 0.5572434171875 0.6568912765625 0.559341015625 0.6777161578124999 0.5864835796875 0.6752658640625 0.5837368875 0.6537755234375 0.5806710859375 0.654658859375
1 0.6310828921875 0.5612970921875 0.6335986890624999 0.5836231921875 0.6577182609375 0.5799155265625 0.656657815625 0.5584225218750001 0.6310828921875 0.5612970921875