2 0.9206740203124999 0.0216096234375 0.7584109484375 0.0216096234375 0.7584109484375 0.12940228125 0.9206740203124999 0.12940228125 0.9206740203124999 0.0216096234375
0 0.9222344765624999 0.8959077375 0.7559844765625 0.8959077375 0.7559844765625 0.910540675 0.9222344765624999 0.910540675 0.9222344765624999 0.8959077375
0 0.38754085 0.8913814484374999 0.06525326875000001 0.8913814484374999 0.06525326875000001 0.910533234375 0.38754085 0.910533234375 0.38754085 0.8913814484374999
4 0.786813725 0.9111904765625001 0.0717810453125 0.9111904765625001 0.0717810453125 0.937619046875 0.786813725 0.937619046875 0.786813725 0.9111904765625001
1 0.3347508171875 0.098474703125 0.29735702656249996 0.098474703125 0.29735702656249996 0.119382440625 0.3347508171875 0.119382440625 0.3347508171875 0.098474703125
3 0.6927410125 0.09790922656249999 0.6003145421875 0.09790922656249999 0.6003145421875 0.11895585312500001 0.6927410125 0.11895585312500001 0.6927410125 0.09790922656249999
3 0.50900326875 0.0973462296875 0.34490196093750003 0.0973462296875 0.34490196093750003 0.1217807546875 0.50900326875 0.1217807546875 0.50900326875 0.0973462296875
1 0.6048978765624999 0.095644840625 0.5602328437499999 0.095644840625 0.5602328437499999 0.123571428125 0.6048978765624999 0.123571428125 0.6048978765624999 0.095644840625
1 0.1625 0.2859375 0.1859375 0.2859375 0.1875 0.2875 0.1859375 0.30625 0.1625 0.30625 0.159375 0.296875 0.1625 0.2875
1 0.1640625 0.1609375 0.16875 0.1703125 0.165625 0.18125 0.1375 0.1796875 0.1359375 0.178125 0.1375 0.1640625 0.140625 0.1671875 0.1453125 0.1625 0.1625 0.1625
1 0.8953125 0.203125 0.8984375 0.2015625 0.91875 0.2015625 0.9203125 0.203125 0.91875 0.2234375 0.8984375 0.2234375 0.8921875 0.2203125 0.8953125 0.2046875
1 0.4703125 0.421875 0.5140625 0.421875 0.515625 0.425 0.5140625 0.4328125 0.515625 0.440625 0.5140625 0.4421875 0.4859375 0.4421875 0.4703125 0.440625 0.4703125 0.4234375
1 0.5671875 0.815625 0.56875 0.8171875 0.575 0.815625 0.5875 0.8171875 0.584375 0.8359375 0.559375 0.834375 0.5578125 0.8171875 0.565625 0.815625
1 0.075 0.2859375 0.1015625 0.2859375 0.1078125 0.290625 0.1046875 0.30625 0.075 0.30625 0.0734375 0.303125 0.075 0.2875
1 0.446875 0.4203125 0.45 0.4234375 0.45 0.440625 0.446875 0.4421875 0.421875 0.4390625 0.4234375 0.421875 0.4453125 0.4203125
1 0.7078125 0.17109375 0.0953125 0.0234375
1 0.259375 0.421875 0.284375 0.421875 0.2828125 0.425 0.2859375 0.4296875 0.2828125 0.440625 0.2625 0.4421875 0.2578125 0.4390625 0.259375 0.4234375
1 0.075 0.203125 0.0984375 0.203125 0.1 0.2046875 0.1 0.221875 0.0984375 0.2234375 0.075 0.2234375 0.0734375 0.2203125 0.075 0.2046875
1 0.83125 0.815625 0.890625 0.8140625 0.8953125 0.8171875 0.89375 0.821875 0.8953125 0.8296875 0.9 0.834375 0.88125 0.834375 0.8796875 0.8359375 0.8765625 0.834375 0.86875 0.8359375 0.83125 0.834375 0.83125 0.8171875
1 0.325 0.8578125 0.325 0.8765625 0.2953125 0.8765625 0.29375 0.8703125 0.296875 0.8578125 0.3234375 0.8578125
1 0.515625 0.85625 0.51875 0.8546875 0.5453125 0.85625 0.546875 0.865625 0.5453125 0.8765625 0.515625 0.8765625 0.515625 0.8578125
1 0.1046875 0.8765625 0.1046875 0.8578125 0.10625 0.85625 0.1359375 0.85625 0.134375 0.8765625 0.10625 0.8765625
1 0.075 0.3703125 0.0984375 0.3703125 0.1 0.371875 0.0984375 0.3890625 0.090625 0.3875 0.0828125 0.390625 0.075 0.3890625 0.0734375 0.3859375 0.075 0.371875
1 0.8890625 0.1796875 0.8890625 0.1640625 0.890625 0.1625 0.9140625 0.159375 0.9203125 0.1609375 0.91875 0.18125 0.890625 0.1796875
1 0.328125 0.8578125 0.3328125 0.85625 0.3578125 0.859375 0.3578125 0.875 0.35625 0.8765625 0.328125 0.8765625 0.3265625 0.875 0.328125 0.859375
1 0.725 0.4203125 0.728125 0.421875 0.7265625 0.4359375 0.728125 0.4390625 0.7265625 0.440625 0.7015625 0.440625 0.7 0.4390625 0.7 0.4234375 0.703125 0.4203125 0.7234375 0.4203125
1 0.2265625 0.4203125 0.228125 0.421875 0.228125 0.440625 0.2265625 0.4421875 0.20625 0.4421875 0.203125 0.4328125 0.2046875 0.421875 0.225 0.4203125
1 0.671875 0.85625 0.69375 0.85625 0.696875 0.875 0.696875 0.8765625 0.671875 0.8765625 0.6703125 0.875 0.6703125 0.859375 0.671875 0.8578125
1 0.303125 0.115625 0.303125 0.1 0.3046875 0.0984375 0.33125 0.0984375 0.33125 0.115625 0.3046875 0.115625
1 0.9203125 0.2859375 0.9203125 0.3015625 0.91875 0.3046875 0.9125 0.30625 0.9015625 0.3046875 0.896875 0.30625 0.89375 0.303125 0.8921875 0.2875 0.9 0.284375 0.91875 0.2859375
1 0.1375 0.284375 0.140625 0.2875 0.140625 0.3046875 0.1375 0.30625 0.109375 0.30625 0.1078125 0.3046875 0.1078125 0.290625 0.1109375 0.2875 0.1359375 0.284375
1 0.075 0.8765625 0.075 0.8578125 0.0765625 0.85625 0.103125 0.85625 0.1046875 0.865625 0.1046875 0.8765625 0.0765625 0.8765625
1 0.075 0.18125 0.075 0.1625 0.0765625 0.1609375 0.103125 0.1609375 0.1046875 0.16875 0.103125 0.18125 0.0765625 0.18125
1 0.90625 0.8140625 0.91875 0.815625 0.9203125 0.8234375 0.91875 0.834375 0.8921875 0.834375 0.890625 0.8171875 0.89375 0.8140625 0.9046875 0.8140625
1 0.4828125 0.85625 0.484375 0.8578125 0.4828125 0.8765625 0.453125 0.8765625 0.453125 0.859375 0.45625 0.85625 0.4734375 0.85625 0.475 0.8546875 0.48125 0.85625
1 0.075 0.815625 0.1015625 0.8140625 0.103125 0.8171875 0.1015625 0.8265625 0.103125 0.834375 0.1 0.8359375 0.0765625 0.8359375 0.075 0.834375 0.075 0.8171875
1 0.515625 0.421875 0.53125 0.4203125 0.5625 0.421875 0.5625 0.4390625 0.5609375 0.440625 0.5421875 0.440625 0.540625 0.4421875 0.5171875 0.440625 0.515625 0.4234375
1 0.915625 0.24375 0.9203125 0.2484375 0.91875 0.265625 0.903125 0.265625 0.9015625 0.2640625 0.8953125 0.265625 0.89375 0.2640625 0.8953125 0.2515625 0.89375 0.2484375 0.9 0.24375 0.9140625 0.24375
1 0.796875 0.8140625 0.8 0.8203125 0.796875 0.8359375 0.771875 0.834375 0.775 0.8328125 0.771875 0.828125 0.7734375 0.815625 0.7953125 0.8140625
1 0.9078125 0.86640625 0.02578125 0.02265625
1 0.6109375 0.8765625 0.609375 0.8609375 0.6109375 0.85625 0.640625 0.8578125 0.640625 0.8765625 0.6125 0.8765625
1 0.484375 0.85625 0.5140625 0.85625 0.5140625 0.8765625 0.4859375 0.8765625 0.484375 0.875 0.484375 0.8578125
1 0.825 0.1625 0.828125 0.1640625 0.8328125 0.1609375 0.8390625 0.1625 0.85 0.1609375 0.8546875 0.1640625 0.8546875 0.1765625 0.8515625 0.18125 0.825 0.18125 0.825 0.1640625
1 0.4375 0.81875 0.4421875 0.815625 0.465625 0.815625 0.465625 0.834375 0.4625 0.8359375 0.4484375 0.834375 0.4390625 0.8359375 0.4375 0.834375 0.4390625 0.8203125
1 0.1296875 0.1609375 0.1359375 0.1671875 0.1359375 0.1796875 0.1328125 0.18125 0.115625 0.18125 0.1140625 0.1796875 0.1046875 0.18125 0.1046875 0.1625 0.1078125 0.1625 0.1078125 0.165625 0.1125 0.1671875 0.115625 0.1625 0.128125 0.1609375
1 0.8078125 0.1609375 0.809375 0.1625 0.81875 0.1609375 0.825 0.1625 0.8234375 0.1796875 0.821875 0.18125 0.79375 0.18125 0.790625 0.178125 0.790625 0.1640625 0.80625 0.1625
1 0.5671875 0.115625 0.5671875 0.1 0.56875 0.0984375 0.5953125 0.0984375 0.596875 0.1 0.596875 0.115625 0.56875 0.115625
1 0.228125 0.85625 0.2296875 0.8578125 0.2296875 0.8765625 0.2015625 0.8765625 0.2 0.875 0.2 0.865625 0.203125 0.8578125 0.2265625 0.85625
1 0.5765625 0.85625 0.578125 0.8578125 0.578125 0.8765625 0.5484375 0.8765625 0.546875 0.875 0.546875 0.8640625 0.55 0.85625 0.553125 0.8546875 0.575 0.85625
1 0.16875 0.85625 0.171875 0.8546875 0.1984375 0.85625 0.2 0.865625 0.1984375 0.8765625 0.16875 0.8765625 0.16875 0.8578125
1 0.459469771875 0.6620153765625 0.4359370921875 0.6622440468749999 0.4327957515625 0.6616860124999999 0.4323104578125 0.683345734375 0.4595604578125 0.6829454359375 0.459469771875 0.6620153765625
1 0.35030718906249997 0.574477678125 0.3514991828125 0.5959637890625 0.37587418281249996 0.5971299609375 0.376042484375 0.57466319375 0.35030718906249997 0.574477678125