2 0.12146340625 0 0.11322649062500001 0.0941483609375 0.274872103125 0.10829051875 0.2842668515625 0.0009080453125000001 0.273887846875 0 0.12146340625 0
0 0.043591275 0.8721782843750001 0.20920864374999998 0.8866679265625 0.21048398906250002 0.8720906718749999 0.0448666203125 0.8576010296875 0.043591275 0.8721782843750001
0 0.5762508796875 0.9187724921875 0.897312059375 0.94686170625 0.8989812484374999 0.9277827984375 0.57792006875 0.899693584375 0.5762508796875 0.9187724921875
4 0.17613667500000002 0.9109563109375 0.8884484390624999 0.973275515625 0.890751840625 0.9469475140625001 0.1784400765625 0.8846283093749999 0.17613667500000002 0.9109563109375
1 0.697793365625 0.1352332203125 0.7350448625 0.1384923046875 0.736867090625 0.1176641265625 0.6996155953125001 0.11440504375 0.697793365625 0.1352332203125
3 0.34120261093750004 0.1036073546875 0.4332773703125 0.11166285312499999 0.43511170468750004 0.090696315625 0.3430369453125 0.0826408171875 0.34120261093750004 0.1036073546875
3 0.5239949703125 0.12243530625000001 0.6874718234375 0.13673767812499998 0.6896014328125 0.112396134375 0.5261245796875 0.0980937625 0.5239949703125 0.12243530625000001
1 0.428309203125 0.1158614 0.472804271875 0.1197542140625 0.475238234375 0.0919338953125 0.43074316562500004 0.08804108125 0.428309203125 0.1158614
1 0.83125 0.3140625 0.8546875 0.3171875 0.85625 0.328125 0.8546875 0.334375 0.8515625 0.3375 0.83125 0.3359375 0.828125 0.33125 0.8296875 0.315625
1 0.8640625 0.1921875 0.88125 0.1953125 0.8859375 0.2 0.8890625 0.1984375 0.8890625 0.2125 0.8859375 0.2140625 0.8609375 0.2125 0.8578125 0.2015625 0.859375 0.1953125 0.8625 0.19375
1 0.1203125 0.1671875 0.128125 0.16875 0.1328125 0.1734375 0.1328125 0.1875 0.1265625 0.190625 0.10625 0.1890625 0.1046875 0.184375 0.10625 0.16875 0.11875 0.1671875
1 0.4921875 0.421875 0.5359375 0.425 0.534375 0.44375 0.5203125 0.4421875 0.51875 0.44375 0.503125 0.44375 0.4890625 0.440625 0.490625 0.434375 0.4890625 0.4296875 0.4921875 0.4234375
1 0.4109375 0.809375 0.4140625 0.8109375 0.4140625 0.815625 0.4109375 0.8203125 0.4125 0.821875 0.4109375 0.828125 0.4078125 0.8296875 0.3859375 0.828125 0.384375 0.8265625 0.384375 0.809375 0.3859375 0.8078125 0.396875 0.8078125 0.3984375 0.8109375 0.409375 0.809375
1 0.9390625 0.3234375 0.9421875 0.3296875 0.940625 0.33125 0.9421875 0.340625 0.9390625 0.3453125 0.909375 0.3421875 0.9078125 0.3390625 0.909375 0.3375 0.9078125 0.3265625 0.9109375 0.3234375 0.915625 0.321875 0.9375 0.3234375
1 0.575 0.428125 0.5828125 0.4296875 0.58125 0.434375 0.5828125 0.446875 0.58125 0.4484375 0.5734375 0.446875 0.5578125 0.4484375 0.5546875 0.4453125 0.5546875 0.43125 0.5578125 0.4265625 0.5734375 0.428125
1 0.3375 0.146875 0.3546875 0.146875 0.36875 0.15 0.3671875 0.1671875 0.3578125 0.1703125 0.353125 0.1671875 0.3390625 0.1671875 0.3359375 0.1640625 0.3375 0.1484375
1 0.721875 0.4421875 0.7453125 0.44375 0.74375 0.459375 0.7453125 0.4609375 0.740625 0.4640625 0.7234375 0.4625 0.71875 0.4578125 0.7203125 0.4546875 0.71875 0.4484375 0.721875 0.44375
1 0.9234375 0.240625 0.9484375 0.2421875 0.946875 0.2625 0.9234375 0.2609375 0.921875 0.2578125 0.9234375 0.2421875
1 0.078125 0.78125 0.09375 0.7796875 0.0953125 0.78125 0.1109375 0.78125 0.1140625 0.784375 0.1421875 0.7859375 0.140625 0.8046875 0.128125 0.803125 0.115625 0.8046875 0.109375 0.8015625 0.103125 0.803125 0.071875 0.7984375 0.0765625 0.79375 0.078125 0.7828125
1 0.6421875 0.871875 0.6640625 0.8734375 0.671875 0.8765625 0.6703125 0.89375 0.6453125 0.8921875 0.640625 0.890625 0.6421875 0.8734375
1 0.4234375 0.8515625 0.4328125 0.853125 0.4484375 0.8515625 0.453125 0.8546875 0.4515625 0.8734375 0.4484375 0.875 0.421875 0.871875 0.4203125 0.8609375 0.4234375 0.853125
1 0.83125 0.8875 0.859375 0.8890625 0.8625 0.8921875 0.859375 0.9109375 0.8578125 0.909375 0.8421875 0.909375 0.83125 0.9078125 0.8296875 0.9046875 0.83125 0.8890625
1 0.9171875 0.40625 0.934375 0.409375 0.9328125 0.4265625 0.9265625 0.428125 0.91875 0.4265625 0.915625 0.4234375 0.909375 0.425 0.9078125 0.4109375 0.9109375 0.40625 0.915625 0.40625
1 0.121875 0.1265625 0.140625 0.13125 0.140625 0.14375 0.1390625 0.146875 0.1328125 0.1484375 0.109375 0.146875 0.109375 0.1265625 0.1109375 0.125 0.1203125 0.1265625
1 0.628125 0.8703125 0.6390625 0.871875 0.640625 0.8828125 0.6375 0.890625 0.6109375 0.8890625 0.6078125 0.8859375 0.609375 0.871875 0.6265625 0.8703125
1 0.278125 0.403125 0.2890625 0.4015625 0.303125 0.403125 0.30625 0.40625 0.3046875 0.4234375 0.2890625 0.4234375 0.278125 0.421875 0.2796875 0.4171875 0.278125 0.4046875
1 0.8 0.4484375 0.8015625 0.459375 0.7984375 0.4609375 0.796875 0.46875 0.7765625 0.4671875 0.775 0.459375 0.778125 0.4453125 0.7890625 0.4453125 0.7984375 0.4484375
1 0.2703125 0.859375 0.275 0.8390625 0.296875 0.840625 0.2984375 0.85 0.2953125 0.8609375 0.271875 0.859375
1 0.7015625 0.115625 0.7296875 0.11875 0.7296875 0.134375 0.7140625 0.134375 0.7015625 0.1328125 0.7015625 0.1171875
1 0.0984375 0.2515625 0.1203125 0.2515625 0.1265625 0.2546875 0.125 0.26875 0.11875 0.2734375 0.1 0.2703125 0.0984375 0.26875 0.0984375 0.253125
1 0.884375 0.31875 0.90625 0.3234375 0.9078125 0.3390625 0.9046875 0.3421875 0.884375 0.340625 0.875 0.3375 0.875 0.3203125 0.8796875 0.3171875 0.8828125 0.31875
1 0.8640625 0.890625 0.890625 0.8921875 0.890625 0.9109375 0.8890625 0.9125 0.8609375 0.9109375 0.8609375 0.9 0.8640625 0.8921875
1 0.95 0.2 0.9515625 0.2015625 0.95 0.2203125 0.921875 0.2171875 0.9234375 0.2140625 0.921875 0.2046875 0.925 0.196875 0.9484375 0.2
1 0.0765625 0.778125 0.0828125 0.7828125 0.0796875 0.8 0.0578125 0.7984375 0.053125 0.796875 0.0515625 0.790625 0.05625 0.7765625 0.0609375 0.7796875 0.075 0.778125
1 0.49375 0.85625 0.5125 0.859375 0.5140625 0.8625 0.5125 0.8796875 0.4828125 0.8765625 0.484375 0.875 0.4828125 0.859375 0.4875 0.85625 0.4921875 0.85625
1 0.86875 0.8484375 0.8953125 0.8515625 0.89375 0.8703125 0.8796875 0.871875 0.865625 0.86875 0.8671875 0.865625 0.865625 0.8578125 0.86875 0.85
1 0.44375 0.4171875 0.45 0.415625 0.4578125 0.41875 0.475 0.41875 0.490625 0.421875 0.4875 0.4296875 0.4875 0.440625 0.4859375 0.440625 0.44375 0.4359375 0.4421875 0.434375 0.44375 0.41875
1 0.1265625 0.2125 0.128125 0.2140625 0.1265625 0.21875 0.128125 0.23125 0.1265625 0.2328125 0.125 0.23125 0.103125 0.23125 0.1015625 0.225 0.1015625 0.215625 0.1046875 0.2109375 0.11875 0.209375 0.125 0.2125
1 0.1734375 0.809375 0.171875 0.79375 0.1765625 0.7875 0.18125 0.7875 0.184375 0.790625 0.196875 0.7890625 0.2 0.7921875 0.2 0.803125 0.196875 0.80625 0.1984375 0.809375 0.1953125 0.8109375 0.1921875 0.809375 0.1828125 0.8109375 0.178125 0.8078125 0.175 0.809375
1 0.0515625 0.81875 0.0703125 0.8203125 0.0734375 0.83125 0.071875 0.840625 0.0484375 0.8390625 0.05 0.8375 0.0484375 0.8234375 0.0515625 0.8203125
1 0.328125 0.8453125 0.3421875 0.84375 0.3578125 0.8453125 0.359375 0.8484375 0.35625 0.8546875 0.35625 0.865625 0.3421875 0.865625 0.3265625 0.8640625 0.328125 0.846875
1 0.4546875 0.8546875 0.484375 0.8578125 0.4828125 0.859375 0.4828125 0.875 0.4671875 0.8765625 0.453125 0.875 0.453125 0.8578125 0.4546875 0.85625
1 0.19375 0.1328125 0.2015625 0.1375 0.2046875 0.1359375 0.203125 0.1546875 0.1765625 0.153125 0.1734375 0.146875 0.175 0.1359375 0.1796875 0.1328125 0.1921875 0.134375
1 0.50625 0.81875 0.521875 0.81875 0.534375 0.8234375 0.53125 0.8265625 0.5328125 0.828125 0.53125 0.840625 0.5078125 0.8390625 0.5046875 0.8375 0.50625 0.8203125
1 0.90625 0.1953125 0.9140625 0.203125 0.9171875 0.203125 0.91875 0.1984375 0.921875 0.1984375 0.9203125 0.2171875 0.890625 0.2140625 0.8921875 0.1984375 0.896875 0.1953125 0.9046875 0.1953125
1 0.221875 0.1359375 0.2390625 0.140625 0.2375 0.1546875 0.234375 0.1578125 0.20625 0.1546875 0.2046875 0.153125 0.2046875 0.1359375 0.2109375 0.134375 0.2140625 0.1375 0.2203125 0.1375
1 0.4359375 0.109375 0.4390625 0.0921875 0.4640625 0.09375 0.4671875 0.096875 0.4671875 0.1046875 0.465625 0.1125 0.4375 0.109375
1 0.7640625 0.8828125 0.765625 0.884375 0.765625 0.9 0.7640625 0.9015625 0.7359375 0.9 0.7359375 0.8875 0.7390625 0.8796875 0.753125 0.8796875 0.7625 0.8828125
1 0.3953125 0.8484375 0.396875 0.85 0.4140625 0.8484375 0.4203125 0.853125 0.41875 0.85625 0.4203125 0.8703125 0.4171875 0.871875 0.3890625 0.86875 0.3890625 0.8546875 0.390625 0.85 0.39375 0.8484375
1 0.76875 0.88125 0.771875 0.8828125 0.7890625 0.88125 0.7984375 0.884375 0.796875 0.9046875 0.7890625 0.9046875 0.7671875 0.9015625 0.765625 0.8921875 0.76875 0.8875 0.76875 0.8828125
1 0.549678628125 0.667210109375 0.526255428125 0.6649313015625 0.5243409125 0.6857738109375 0.5514523296875 0.68854758125 0.5528566515625 0.666927984375 0.549678628125 0.667210109375
1 0.61697849375 0.5851826875 0.615188046875 0.6075786296875 0.63957193125 0.6085413171875 0.6426320265625 0.58724085625 0.61697849375 0.5851826875