5 0.685034409375 0 0.2942818109375 0.097425565625 0.5097622765625001 0.96167050625 0.9048147515625 0.8631728624999999 0.6896015859375 0 0.685034409375 0
4 0.6913778328125 0 0.9068052546875001 0.8640322015624999 0.9968271375000001 0.8415872249999999 0.786995875 0 0.6913778328125 0
6 0.571170525 0.9438505375 0.356840375 0.0842192578125 0.2917252015625 0.10045429374999999 0.5060553515625 0.9600855734374999 0.571170525 0.9438505375
3 0.7423679437499999 0.20458845 0.6999426703125 0.034429971875 0.3091781171875 0.1318585171875 0.351603390625 0.3020169953125 0.7423679437499999 0.20458845
3 0.3261186375 0.4342212765625 0.31512542187500003 0.390129896875 0.29001044375 0.3963917640625 0.301003659375 0.44048314375000003 0.3261186375 0.4342212765625
3 0.17315833281249998 0.4875946375 0.16077564687499998 0.43793039843750003 0.13825179999999998 0.44354622499999996 0.1506344859375 0.4932104625 0.17315833281249998 0.4875946375
3 0.22777500625 0.721055 0.2089410703125 0.645516209375 0.1936699375 0.6493237296875 0.2125038734375 0.724862521875 0.22777500625 0.721055
3 0.3500860984375 0.5200156 0.3391086953125 0.4759876375 0.31060013125 0.4830956203125 0.321577534375 0.5271235828124999 0.3500860984375 0.5200156
7 0.34487896875 0.31586055 0.30615762968750004 0.16055774375 0.287829821875 0.1651273796875 0.326551159375 0.3204301859375 0.34487896875 0.31586055
3 0.23187428593749998 0.314393009375 0.20016354375 0.18720816875 0.1856948671875 0.1908156140625 0.217405609375 0.31800045625 0.23187428593749998 0.314393009375
3 0.20542868906249998 0.41056750781250007 0.1529095 0.19992455 0.1372279546875 0.2038343984375 0.1897471421875 0.41447735625000004 0.20542868906249998 0.41056750781250007
3 0.15665791874999999 0.3267136421875 0.12667857656249998 0.2064730734375 0.11271832500000001 0.20995375625 0.142697665625 0.3301943234375 0.15665791874999999 0.3267136421875
3 0.11493435 0.2821630640625 0.0980729484375 0.214535671875 0.0853561921875 0.217706315625 0.1022175953125 0.2853337078125 0.11493435 0.2821630640625
3 0.0959330046875 0.3501057078125 0.0695073859375 0.24411834062499999 0.056239328125 0.2474264390625 0.082664946875 0.3534138078125 0.0959330046875 0.3501057078125
3 0.0580222703125 0.33962345781250003 0.031847665625 0.23464285000000001 0.0187878765625 0.2378990203125 0.044962481250000005 0.342879628125 0.0580222703125 0.33962345781250003
3 0.2673587953125 0.342766540625 0.22757015468750003 0.18318301875 0.212225515625 0.1870088671875 0.25201415625 0.3465923890625 0.2673587953125 0.342766540625
3 0.2907224296875 0.3160932984375 0.2553887875 0.174377803125 0.24140403125 0.17786459375000002 0.2767376734375 0.31958009062500004 0.2907224296875 0.3160932984375
1 0.33125 0.5296875 0.3453125 0.528125 0.3515625 0.5515625 0.35 0.55625 0.3359375 0.559375 0.3296875 0.534375 0.33125 0.53125
1 0.2609375 0.75 0.265625 0.75625 0.2703125 0.775 0.2671875 0.7796875 0.2640625 0.778125 0.25625 0.78125 0.2546875 0.78125 0.253125 0.771875 0.25 0.7703125 0.246875 0.75625 0.2484375 0.753125 0.259375 0.75
1 0.321875 0.4390625 0.3296875 0.4671875 0.315625 0.471875 0.3078125 0.44375 0.3203125 0.4390625
1 0.1734375 0.515625 0.1765625 0.5171875 0.18125 0.528125 0.1828125 0.5453125 0.1703125 0.55 0.1671875 0.546875 0.1609375 0.51875 0.171875 0.5171875
1 0.3515625 0.4359375 0.3578125 0.4546875 0.3578125 0.465625 0.346875 0.46875 0.34375 0.4671875 0.3375 0.4390625 0.35 0.4359375
1 0.371875 0.5203125 0.3734375 0.528125 0.3765625 0.53125 0.375 0.534375 0.378125 0.5375 0.3796875 0.5484375 0.3703125 0.5515625 0.3625 0.55 0.3578125 0.53125 0.359375 0.525 0.3578125 0.5234375 0.3703125 0.5203125
1 0.1890625 0.5125 0.2 0.509375 0.2046875 0.5140625 0.2109375 0.5375 0.2078125 0.5421875 0.2015625 0.54375 0.19375 0.5421875 0.1921875 0.5265625 0.1875 0.51875 0.1890625 0.5140625
1 0.2359375 0.7546875 0.2421875 0.7828125 0.23125 0.7875 0.2265625 0.7859375 0.2203125 0.759375 0.2234375 0.75625 0.234375 0.7546875