5 0.950318628125 0.397784090625 0.0596160125 0.397784090625 0.0596160125 0.8049305562500001 0.950318628125 0.8049305562500001 0.950318628125 0.397784090625
4 0.9516339875 0.806654040625 0.0604248359375 0.806654040625 0.0604248359375 0.8994318187499999 0.9516339875 0.8994318187499999 0.9516339875 0.806654040625
6 0.9478839875 0.3945707078125 0.061936275 0.3945707078125 0.061936275 0.4616792921875 0.9478839875 0.4616792921875 0.9478839875 0.3945707078125
3 0.2719975484375 0.40390782812500003 0.0966299015625 0.40390782812500003 0.0966299015625 0.8066351015625 0.2719975484375 0.8066351015625 0.2719975484375 0.40390782812500003
3 0.3941094765625 0.32131313125 0.34866830000000004 0.32131313125 0.34866830000000004 0.3471969703125 0.3941094765625 0.3471969703125 0.3941094765625 0.32131313125
3 0.40889297343750003 0.162654671875 0.35770833281250003 0.162654671875 0.35770833281250003 0.18586805625 0.40889297343750003 0.18586805625 0.40889297343750003 0.162654671875
3 0.6486315359375 0.1666445703125 0.5707802281250001 0.1666445703125 0.5707802281250001 0.1823832078125 0.6486315359375 0.1823832078125 0.6486315359375 0.1666445703125
3 0.4831535953125 0.32031565624999997 0.43777777812499996 0.32031565624999997 0.43777777812499996 0.3496969703125 0.4831535953125 0.3496969703125 0.4831535953125 0.32031565624999997
7 0.2838031046875 0.3751452015625 0.123745915625 0.3751452015625 0.123745915625 0.394034090625 0.2838031046875 0.394034090625 0.2838031046875 0.3751452015625
3 0.25504085 0.26982954531250003 0.12396241875 0.26982954531250003 0.12396241875 0.2847411609375 0.25504085 0.2847411609375 0.25504085 0.26982954531250003
3 0.341960784375 0.219652778125 0.12486928125 0.219652778125 0.12486928125 0.23581439375 0.341960784375 0.23581439375 0.341960784375 0.219652778125
3 0.24879902031249998 0.1943907828125 0.1248774515625 0.1943907828125 0.1248774515625 0.20877840937499997 0.24879902031249998 0.20877840937499997 0.24879902031249998 0.1943907828125
3 0.19547794062499999 0.165965909375 0.125780228125 0.165965909375 0.125780228125 0.1790719703125 0.19547794062499999 0.1790719703125 0.19547794062499999 0.165965909375
3 0.25680555625 0.130523990625 0.14757352968749998 0.130523990625 0.14757352968749998 0.1441982328125 0.25680555625 0.1441982328125 0.25680555625 0.130523990625
3 0.23746323593750002 0.0964898984375 0.12926879062500002 0.0964898984375 0.12926879062500002 0.1099494953125 0.23746323593750002 0.1099494953125 0.23746323593750002 0.0964898984375
3 0.2911560453125 0.29649305625 0.12668709218750002 0.29649305625 0.12668709218750002 0.31230745 0.2911560453125 0.31230745 0.2911560453125 0.29649305625
3 0.2709272875 0.3270170453125 0.124873365625 0.3270170453125 0.124873365625 0.341429925 0.2709272875 0.341429925 0.2709272875 0.3270170453125
1 0.515625 0.3265625 0.5140625 0.3421875 0.4875 0.3421875 0.4859375 0.340625 0.4875 0.3265625 0.5140625 0.3265625
1 0.7 0.1921875 0.7109375 0.19375 0.7125 0.20625 0.709375 0.209375 0.6859375 0.209375 0.68125 0.20625 0.68125 0.1984375 0.684375 0.1921875 0.6984375 0.1921875
1 0.425 0.3265625 0.425 0.3421875 0.396875 0.3421875 0.3953125 0.340625 0.396875 0.3265625 0.4234375 0.3265625
1 0.434375 0.165625 0.4640625 0.165625 0.465625 0.1671875 0.465625 0.1796875 0.459375 0.1828125 0.4359375 0.18125 0.434375 0.1671875
1 0.3984375 0.35625 0.4296875 0.35625 0.4296875 0.3703125 0.425 0.371875 0.3984375 0.3703125 0.3984375 0.3578125
1 0.5140625 0.3546875 0.515625 0.3703125 0.50625 0.371875 0.4859375 0.3703125 0.4859375 0.35625 0.5125 0.3546875
1 0.44375 0.1921875 0.4453125 0.19375 0.4640625 0.1921875 0.4671875 0.1984375 0.4671875 0.20625 0.4640625 0.209375 0.4359375 0.2078125 0.434375 0.1953125 0.4375 0.1921875 0.4421875 0.1921875
1 0.68125 0.165625 0.7109375 0.165625 0.709375 0.18125 0.68125 0.18125 0.6796875 0.1796875 0.68125 0.1671875