5 0.7477776140625 0.9841237078124999 0.8563269578125 0.10006025468749999 0.45221530000000004 0.0504415828125 0.34366595625 0.9345050359375 0.7477776140625 0.9841237078124999
4 0.8414141765625001 0.9969460703124999 0.9500252515625001 0.11237985625 0.857939025 0.10107308906250001 0.74932795 0.985639303125 0.8414141765625001 0.9969460703124999
6 0.4073816015625 0.939875409375 0.5153514671874999 0.060531415624999994 0.4487431 0.052352937499999995 0.34077323437499996 0.9316969296875 0.4073816015625 0.939875409375
3 0.8321359984375001 0.31106646250000003 0.8535079390625 0.1370059796875 0.453782534375 0.08792587187499999 0.43241059374999996 0.2619863546875 0.8321359984375001 0.31106646250000003
3 0.36124075 0.3762767640625 0.3667786359375 0.3311742984375 0.34108773124999997 0.3280198515625 0.3355498453125 0.3731223171875 0.36124075 0.3762767640625
3 0.1993127015625 0.37128901718749996 0.205550540625 0.3204859 0.182510184375 0.3176569 0.17627234687499999 0.3684600171875 0.1993127015625 0.37128901718749996
3 0.166637046875 0.608815909375 0.1761247359375 0.53154489375 0.1605034109375 0.5296268359375 0.1510157234375 0.6068978515625 0.166637046875 0.608815909375
3 0.3528703671875 0.46496183437500005 0.35840028749999997 0.41992424218749996 0.329237978125 0.416343559375 0.32370805625 0.46138115312499994 0.3528703671875 0.46496183437500005
7 0.42117171875 0.27250060781249996 0.4406777828125 0.11363646093749999 0.42192968906250006 0.111334484375 0.40242362343750004 0.27019863125 0.42117171875 0.27250060781249996
3 0.316198678125 0.230633284375 0.3321731203125 0.1005318921875 0.31737265468750003 0.09871462343750001 0.3013982125 0.228816015625 0.316198678125 0.230633284375
3 0.257043728125 0.31094265781249997 0.283500528125 0.095469321875 0.267459378125 0.0934997171875 0.2410025796875 0.308973053125 0.257043728125 0.31094265781249997
3 0.2415628296875 0.21518045 0.2566650703125 0.0921825734375 0.2423846859375 0.0904291640625 0.22728244531250003 0.2134270390625 0.2415628296875 0.21518045
3 0.218576021875 0.15863651406249998 0.22707003750000002 0.0894583171875 0.21406166718750003 0.087861090625 0.2055676515625 0.1570392859375 0.218576021875 0.15863651406249998
3 0.176488271875 0.21525696249999998 0.18980030781249999 0.10683913593750001 0.176227990625 0.1051726640625 0.16291595625 0.21359049218749998 0.176488271875 0.21525696249999998
3 0.14485205625 0.191884946875 0.1580376421875 0.084496965625 0.1446783703125 0.082856653125 0.131492784375 0.190244634375 0.14485205625 0.191884946875
3 0.33915815781249997 0.26983876875 0.35920188125 0.10659574218750001 0.343505365625 0.10466845312499999 0.3234616421875 0.267911478125 0.33915815781249997 0.26983876875
3 0.37052882343750004 0.2533099296875 0.38832831875 0.108344671875 0.37402287031250003 0.1065881828125 0.356223375 0.2515534421875 0.37052882343750004 0.2533099296875
1 0.3265625 0.496875 0.33125 0.4671875 0.34375 0.46875 0.3453125 0.478125 0.3421875 0.496875 0.340625 0.4984375 0.328125 0.496875
1 0.1875 0.646875 0.1890625 0.6609375 0.1875 0.6734375 0.184375 0.6765625 0.1703125 0.6734375 0.171875 0.671875 0.1703125 0.6609375 0.1734375 0.646875 0.1796875 0.6453125 0.1859375 0.646875
1 0.35625 0.3796875 0.353125 0.4078125 0.340625 0.4078125 0.3375 0.40625 0.3375 0.4015625 0.340625 0.3796875 0.3421875 0.378125 0.3546875 0.3796875
1 0.1765625 0.396875 0.1859375 0.396875 0.1921875 0.4 0.190625 0.40625 0.1921875 0.4171875 0.1890625 0.428125 0.1859375 0.4296875 0.1734375 0.4265625 0.1765625 0.3984375
1 0.3703125 0.384375 0.3796875 0.384375 0.384375 0.3859375 0.3859375 0.3890625 0.38125 0.415625 0.3796875 0.4171875 0.3671875 0.415625 0.3703125 0.3859375
1 0.359375 0.4703125 0.3734375 0.471875 0.371875 0.48125 0.3734375 0.4921875 0.3703125 0.4953125 0.3703125 0.5015625 0.3609375 0.5015625 0.3546875 0.4984375 0.35625 0.4796875 0.359375 0.471875
1 0.2171875 0.4015625 0.21875 0.403125 0.2171875 0.43125 0.2125 0.434375 0.2015625 0.43125 0.2 0.421875 0.203125 0.4171875 0.2015625 0.409375 0.203125 0.403125 0.20625 0.4 0.215625 0.4015625
1 0.146875 0.6421875 0.1578125 0.640625 0.1625 0.64375 0.1578125 0.671875 0.14375 0.6703125 0.146875 0.64375