2 0.0121909765625 0.2456264171875 0.161536675 0.23779954062500003 0.15334233125000002 0.0814421484375 0.0039966328124999995 0.089269025 0.0121909765625 0.2456264171875
5 0.0740813578125 0.934442434375 0.9733537812499999 0.8873135640625 0.9640730703125 0.71022704375 0.064800646875 0.7573559140625 0.0740813578125 0.934442434375
6 0.06828844218749999 0.8415469640625 0.9684583281249999 0.794371059375 0.96502609375 0.7288801281249999 0.0648562078125 0.7760560328125 0.06828844218749999 0.8415469640625
3 0.699509615625 0.9013490375 0.9725091484374999 0.8870417390625001 0.9643855125 0.7320335046875 0.691385978125 0.7463408031250001 0.699509615625 0.9013490375
7 0.08151683125 0.776440921875 0.9602618703125 0.730387846875 0.9592177953125001 0.710465690625 0.08047275625 0.7565187671875 0.08151683125 0.776440921875
0 0.055937753125 0.5124525625 0.4333201796875 0.49267478750000004 0.42738712031250004 0.379465253125 0.0500046921875 0.399243028125 0.055937753125 0.5124525625
3 0.2142463265625 0.30825301562499996 0.21235025468750002 0.3032949484375 0.190354703125 0.305079865625 0.186572696875 0.3109676875 0.18915247968749999 0.3133612046875 0.211114990625 0.3109458390625 0.2142463265625 0.30825301562499996
3 0.12381649531250001 0.315520959375 0.124268925 0.308543275 0.0883374375 0.309794184375 0.0829236828125 0.315767521875 0.0904317484375 0.31853493906249997 0.11409208906249999 0.317294953125 0.12381649531250001 0.315520959375
1 0.61875 0.7015625 0.6203125 0.703125 0.6203125 0.7203125 0.609375 0.721875 0.59375 0.7203125 0.59375 0.703125 0.6171875 0.7015625
1 0.1375 0.3234375 0.1359375 0.3015625 0.1515625 0.3 0.171875 0.3 0.1734375 0.321875 0.1390625 0.3234375
1 0.065625 0.3046875 0.06875 0.3265625 0.0625 0.328125 0.034375 0.328125 0.0328125 0.3078125 0.0640625 0.3046875