2 0.9738276140625001 0.06387310625 0.8242769609374999 0.06387310625 0.8242769609374999 0.220445075 0.9738276140625001 0.220445075 0.9738276140625001 0.06387310625
5 0.9480718953125 0.7342266421875 0.047565359375 0.7342266421875 0.047565359375 0.9115561874999999 0.9480718953125 0.9115561874999999 0.9480718953125 0.7342266421875
6 0.9489950984375 0.752904040625 0.04758986875 0.752904040625 0.04758986875 0.8184848484374999 0.9489950984375 0.8184848484374999 0.9489950984375 0.752904040625
3 0.321768790625 0.7560195703125 0.048394607812500004 0.7560195703125 0.048394607812500004 0.9112405296875 0.321768790625 0.9112405296875 0.321768790625 0.7560195703125
7 0.9323774515625001 0.7342108578125 0.052426470312499994 0.7342108578125 0.052426470312499994 0.754160353125 0.9323774515625001 0.754160353125 0.9323774515625001 0.7342108578125
0 0.9441053921875 0.3758301765625 0.566205065625 0.3758301765625 0.566205065625 0.48919507500000003 0.9441053921875 0.48919507500000003 0.9441053921875 0.3758301765625
3 0.8031045750000001 0.2948232328125 0.7990196078125 0.2891414140625 0.776960784375 0.2885101015625 0.7753267968750001 0.29356060624999997 0.778594771875 0.29608585781249996 0.8006535953125 0.297348484375 0.8031045750000001 0.2948232328125
3 0.9068627453125 0.29419191875 0.901143790625 0.2885101015625 0.8651960781250001 0.2891414140625 0.8660130718750001 0.29608585781249996 0.87581699375 0.297348484375 0.8995098046875001 0.297348484375 0.9068627453125 0.29419191875
1 0.415625 0.7078125 0.415625 0.725 0.4140625 0.7265625 0.390625 0.7265625 0.3890625 0.725 0.3890625 0.709375 0.390625 0.7078125 0.4140625 0.7078125
1 0.815625 0.2828125 0.8515625 0.2828125 0.8515625 0.3046875 0.815625 0.3046875 0.815625 0.284375
1 0.9203125 0.3046875 0.9203125 0.284375 0.921875 0.2828125 0.9546875 0.2828125 0.9546875 0.3046875 0.921875 0.3046875