2 0.1824628109375 0 0.1626628234375 0.07389456250000001 0.31389973125 0.11441837031249999 0.34455804218749997 0 0.1824628109375 0
5 1 0.17009643593749998 0.8422151031249999 0.1278181 0.6091468609375 0.9976406203125 0.6179521859375 1 0.7920997203125 1 1 0.2241055984375 1 0.17009643593749998
6 0.6957451812500001 1 0.9238412234375 0.1487339828125 0.8604950265625 0.1317604203125 0.6278509328124999 1 0.6957451812500001 1
3 0.791772928125 1 0.8510982171875 0.778595009375 0.7011662828125 0.73842086875 0.6310763671874999 1 0.791772928125 1
7 0.8381378359375 0.1429736828125 0.6103897625 0.9929410624999999 0.6296594953125 0.998104371875 0.85740756875 0.1481369921875 0.8381378359375 0.1429736828125
0 0.49500409375 0.038889617187499996 0.39719629218749997 0.40391330156249994 0.506698375 0.43325429687500006 0.6045061781250001 0.0682306125 0.49500409375 0.038889617187499996
3 0.3673991703125 0.1777388125 0.37185467656250004 0.1806242890625 0.375139696875 0.1781212515625 0.38206854375 0.15714085625000002 0.38026369843749996 0.1541198078125 0.37371821562499996 0.1565950203125 0.3673991703125 0.1777388125
3 0.39084594687499996 0.092673459375 0.3977652171875 0.0936816578125 0.4015222625 0.0845385875 0.40765441406249997 0.061653090625 0.4065084859375 0.053733715625 0.3995400984375 0.057787239062499995 0.39084594687499996 0.092673459375
1 0.6796875 0.6359375 0.696875 0.640625 0.6921875 0.6640625 0.684375 0.665625 0.6734375 0.6609375 0.6796875 0.6375
1 0.3828125 0.1046875 0.403125 0.1109375 0.39375 0.1453125 0.3734375 0.140625 0.38125 0.10625
1 0.4078125 0.00625 0.4296875 0.0109375 0.421875 0.0421875 0.4171875 0.04375 0.4 0.0375 0.4078125 0.0078125