3 0.8348027609375 0.15259027812499998 0.12555226875 0.15259027812499998 0.12555226875 0.16788194375 0.8348027609375 0.16788194375 0.8348027609375 0.15259027812499998
3 0.829940828125 0.5276388890625 0.2875739640625 0.5276388890625 0.2875739640625 0.5444166671875 0.829940828125 0.5444166671875 0.829940828125 0.5276388890625
3 0.75446745625 0.7629236109375 0.335157790625 0.7629236109375 0.335157790625 0.77788194375 0.75446745625 0.77788194375 0.75446745625 0.7629236109375
4 0.8102465484374999 0.40713194374999995 0.2308579875 0.40713194374999995 0.2308579875 0.42659027812500006 0.8102465484374999 0.42659027812500006 0.8102465484374999 0.40713194374999995
0 0.7957790921875 0.8078472218750001 0.544773175 0.8078472218750001 0.544773175 0.8567638890625 0.7957790921875 0.8567638890625 0.7957790921875 0.8078472218750001
0 0.7891518734375 0.8606180562500001 0.538698225 0.8606180562500001 0.538698225 0.8997708328125 0.7891518734375 0.8997708328125 0.7891518734375 0.8606180562500001
0 0.7989349109375 0.896972221875 0.5417357 0.896972221875 0.5417357 0.94275 0.7989349109375 0.94275 0.7989349109375 0.896972221875
1 0.721875 0.21875 0.7234375 0.221875 0.721875 0.23125 0.70625 0.23125 0.7046875 0.2296875 0.70625 0.21875 0.7203125 0.21875
1 0.9046875 0.21875 0.90625 0.23125 0.890625 0.23125 0.8890625 0.2265625 0.890625 0.2203125 0.903125 0.2203125
1 0.3234375 0.315625 0.3265625 0.3203125 0.3234375 0.328125 0.3078125 0.3265625 0.3078125 0.3171875 0.321875 0.315625
1 0.365625 0.21875 0.3703125 0.2203125 0.3703125 0.23125 0.353125 0.2296875 0.353125 0.2203125 0.3640625 0.21875
1 0.60625 0.246875 0.621875 0.246875 0.621875 0.2578125 0.61875 0.259375 0.60625 0.2578125 0.60625 0.2484375
1 0.5015625 0.21875 0.50625 0.2203125 0.50625 0.23125 0.490625 0.23125 0.4875 0.228125 0.4921875 0.21875 0.5 0.21875
1 0.2421875 0.2203125 0.2453125 0.21875 0.259375 0.2203125 0.2578125 0.23125 0.24375 0.23125 0.2421875 0.221875
1 0.796875 0.2203125 0.8140625 0.2203125 0.8125 0.23125 0.796875 0.23125 0.7953125 0.225 0.796875 0.221875
1 0.54375 0.315625 0.559375 0.3171875 0.559375 0.3265625 0.553125 0.328125 0.54375 0.3265625 0.54375 0.3171875
1 0.853125 0.246875 0.86875 0.2484375 0.8671875 0.259375 0.8546875 0.259375 0.853125 0.2484375
1 0.2125 0.7875 0.228125 0.7875 0.2296875 0.7890625 0.228125 0.8015625 0.2125 0.8 0.209375 0.796875 0.2125 0.7890625
1 0.43515625 0.321875 0.01796875 0.0140625
1 0.7265625 0.7890625 0.7453125 0.7890625 0.7453125 0.8015625 0.728125 0.8015625 0.7265625 0.790625
1 0.8125 0.246875 0.8140625 0.2578125 0.809375 0.259375 0.796875 0.2578125 0.796875 0.2484375 0.8109375 0.246875
1 0.721875 0.246875 0.7234375 0.2546875 0.721875 0.2578125 0.7171875 0.259375 0.70625 0.2578125 0.7046875 0.2484375 0.7109375 0.2453125 0.7203125 0.246875
1 0.25078125 0.253125 0.01953125 0.0140625
1 0.5046875 0.246875 0.50625 0.2578125 0.5015625 0.259375 0.490625 0.2578125 0.490625 0.2484375 0.503125 0.246875
1 0.6203125 0.21875 0.621875 0.23125 0.60625 0.2296875 0.60625 0.2203125 0.61875 0.21875
1 0.36875 0.246875 0.3703125 0.2484375 0.36875 0.259375 0.353125 0.2578125 0.353125 0.2484375 0.3671875 0.246875
3 0.172781065625 0.22769444375 0.07641025625 0.22769444375 0.07641025625 0.24533333281249997 0.172781065625 0.24533333281249997 0.172781065625 0.22769444375
3 0.2684418140625 0.20586805625000001 0.23128205156249998 0.20586805625000001 0.23128205156249998 0.21807638906250001 0.2684418140625 0.21807638906250001 0.2684418140625 0.20586805625000001
3 0.388974359375 0.2068263890625 0.33398422031249997 0.2068263890625 0.33398422031249997 0.21761805625 0.388974359375 0.21761805625 0.388974359375 0.2068263890625
3 0.517435896875 0.2065 0.47802761406250005 0.2065 0.47802761406250005 0.2179166671875 0.517435896875 0.2179166671875 0.517435896875 0.2065
3 0.5534418140625 0.23243055625000003 0.442337278125 0.23243055625000003 0.442337278125 0.244402778125 0.5534418140625 0.244402778125 0.5534418140625 0.23243055625000003
3 0.42212031562499996 0.234347221875 0.30214003906250003 0.234347221875 0.30214003906250003 0.24370833281249998 0.42212031562499996 0.24370833281249998 0.42212031562499996 0.234347221875
3 0.28989151875 0.234347221875 0.2121597640625 0.234347221875 0.2121597640625 0.244402778125 0.28989151875 0.244402778125 0.28989151875 0.234347221875
3 0.649171596875 0.23402083281250002 0.57662721875 0.23402083281250002 0.57662721875 0.245090278125 0.649171596875 0.245090278125 0.649171596875 0.23402083281250002
3 0.6647929 0.20747222187499997 0.562544378125 0.20747222187499997 0.562544378125 0.21775000000000003 0.6647929 0.21775000000000003 0.6647929 0.20747222187499997
3 0.16505917187500002 0.3005763890625 0.074072978125 0.3005763890625 0.074072978125 0.3119513890625 0.16505917187500002 0.3119513890625 0.16505917187500002 0.3005763890625
3 0.3602564109375 0.317534721875 0.332169625 0.317534721875 0.332169625 0.32738194374999996 0.3602564109375 0.32738194374999996 0.3602564109375 0.317534721875
3 0.4741617359375 0.31656944375 0.4484812625 0.31656944375 0.4484812625 0.3285138890625 0.4741617359375 0.3285138890625 0.4741617359375 0.31656944375
3 0.1263313609375 0.4423263890625 0.074063115625 0.4423263890625 0.074063115625 0.4538125 0.1263313609375 0.4538125 0.1263313609375 0.4423263890625
3 0.1426331359375 0.460875 0.07634122343750001 0.460875 0.07634122343750001 0.4725416671875 0.1426331359375 0.4725416671875 0.1426331359375 0.460875
3 0.1295956609375 0.47784027812499996 0.0758875734375 0.47784027812499996 0.0758875734375 0.491159721875 0.1295956609375 0.491159721875 0.1295956609375 0.47784027812499996
3 0.2763806703125 0.47975 0.18085798749999998 0.47975 0.18085798749999998 0.4914166671875 0.2763806703125 0.4914166671875 0.2763806703125 0.47975