3 0.7408116703125 0.0819137125 0.0526289484375 0.2534969359375 0.056328337500000006 0.268334375 0.7445110578125 0.0967511515625 0.7408116703125 0.0819137125
3 0.826826628125 0.4469979859375 0.300570378125 0.5782084046875 0.30462928906250003 0.5944878109375 0.8308855390625001 0.46327739218749997 0.826826628125 0.4469979859375
3 0.8105156640625 0.69355240625 0.4036612875 0.7949925953125 0.4072800359375 0.8095066015624999 0.8141344125 0.7080664125 0.8105156640625 0.69355240625
4 0.778564084375 0.3348350890625 0.21638583906250003 0.4750018671875 0.22109323593750002 0.49388220625 0.78327148125 0.353715428125 0.778564084375 0.3348350890625
0 0.8614681718750001 0.7271474046875 0.617918203125 0.7878712328125 0.6297522171875001 0.835334865625 0.8733021859375001 0.7746110374999999 0.8614681718750001 0.7271474046875
0 0.8678042312500001 0.7799539890625 0.6247901265625 0.8405442109375001 0.634262040625 0.8785339828125001 0.8772761453125 0.8179437609375 0.8678042312500001 0.7799539890625
0 0.8860915390624999 0.81286155 0.63653224375 0.8750836703125 0.647606890625 0.919501653125 0.8971661859375001 0.8572795328125 0.8860915390624999 0.81286155
1 0.6484375 0.175 0.6515625 0.1796875 0.65 0.184375 0.6515625 0.1859375 0.6359375 0.190625 0.6328125 0.1875 0.63125 0.1796875 0.6359375 0.1765625 0.646875 0.175
1 0.825 0.1296875 0.828125 0.13125 0.8296875 0.1421875 0.8140625 0.1453125 0.8125 0.140625 0.8125 0.134375 0.825 0.13125
1 0.284375 0.3640625 0.2890625 0.36875 0.2890625 0.375 0.278125 0.3796875 0.271875 0.378125 0.2703125 0.3703125 0.2734375 0.3671875 0.2828125 0.365625
1 0.296875 0.2609375 0.3078125 0.2609375 0.309375 0.2671875 0.309375 0.271875 0.2984375 0.275 0.2921875 0.2734375 0.290625 0.265625 0.296875 0.2625
1 0.5578125 0.2265625 0.5609375 0.2359375 0.5515625 0.240625 0.55 0.2390625 0.5453125 0.240625 0.5421875 0.2296875 0.55625 0.2265625
1 0.4390625 0.228125 0.4421875 0.2390625 0.4296875 0.2421875 0.421875 0.2390625 0.425 0.234375 0.425 0.2296875 0.4375 0.228125
1 0.2 0.2875 0.2015625 0.296875 0.1921875 0.3015625 0.1859375 0.3015625 0.1828125 0.2921875 0.190625 0.2875 0.1984375 0.2875
1 0.7203125 0.1625 0.7234375 0.15625 0.7359375 0.153125 0.7390625 0.15625 0.740625 0.1625 0.7390625 0.1640625 0.7234375 0.1671875 0.721875 0.1625
1 0.5125 0.3078125 0.515625 0.3125 0.515625 0.31875 0.5125 0.31875 0.5109375 0.321875 0.5015625 0.321875 0.4984375 0.3125 0.4984375 0.3109375 0.5109375 0.3078125
1 0.796875 0.1671875 0.8 0.1765625 0.790625 0.18125 0.784375 0.1796875 0.7828125 0.1703125 0.7953125 0.1671875
1 0.2921875 0.8484375 0.30625 0.8453125 0.3109375 0.8546875 0.309375 0.859375 0.29375 0.8609375 0.290625 0.859375 0.2921875 0.85
1 0.3859375 0.3390625 0.4015625 0.3359375 0.4046875 0.3453125 0.4015625 0.3484375 0.3890625 0.3515625 0.3859375 0.346875 0.3859375 0.340625
1 0.809375 0.721875 0.8109375 0.734375 0.8 0.7375 0.7921875 0.7359375 0.790625 0.7265625 0.8078125 0.721875
1 0.728125 0.184375 0.7328125 0.18125 0.74375 0.1796875 0.746875 0.1875 0.746875 0.190625 0.734375 0.1953125 0.7296875 0.19375 0.728125 0.1859375
1 0.6484375 0.2015625 0.65 0.203125 0.6546875 0.2015625 0.6578125 0.2078125 0.6578125 0.2125 0.6546875 0.2125 0.653125 0.215625 0.6421875 0.215625 0.6390625 0.2125 0.6390625 0.20625 0.646875 0.2015625
1 0.2046875 0.3140625 0.209375 0.3234375 0.2015625 0.328125 0.19375 0.328125 0.190625 0.325 0.190625 0.3171875 0.203125 0.3140625
1 0.4453125 0.2546875 0.4484375 0.2640625 0.4390625 0.26875 0.4328125 0.2671875 0.43125 0.2578125 0.44375 0.2546875
1 0.5359375 0.203125 0.55 0.1984375 0.553125 0.2046875 0.553125 0.2109375 0.5421875 0.2140625 0.5375 0.2109375 0.5359375 0.2046875
1 0.3140625 0.2875 0.315625 0.2984375 0.3078125 0.3015625 0.303125 0.3 0.3 0.3015625 0.296875 0.2921875 0.3015625 0.2890625 0.3125 0.2875
3 0.116624190625 0.3149445078125 0.02311600625 0.338258715625 0.0273832390625 0.35537365468750004 0.12089142343749999 0.3320594453125 0.116624190625 0.3149445078125
3 0.204163125 0.2706240265625 0.168107165625 0.2796137875 0.171060628125 0.29145948125 0.2071165875 0.2824697203125 0.204163125 0.2706240265625
3 0.3213471796875 0.24239443125000001 0.26799048281250004 0.25569775 0.27060122343750004 0.266168859375 0.3239579203125 0.252865540625 0.3213471796875 0.24239443125000001
3 0.44591390000000003 0.2110000796875 0.4076762109375 0.22053380625000002 0.410438153125 0.23161134843750003 0.4486758421875 0.22207762187500002 0.44591390000000003 0.2110000796875
3 0.48712345625 0.22744976718749998 0.37931919999999997 0.25432838750000003 0.38221554375 0.2659449828125 0.49001979999999995 0.23906636250000002 0.48712345625 0.22744976718749998
3 0.3601664515625 0.2610790453125 0.24375010156250002 0.2901049015625 0.246014759375 0.299187946875 0.362431109375 0.2701620921875 0.3601664515625 0.2610790453125
3 0.23186541562500002 0.2930680875 0.156442625 0.3118731 0.158875284375 0.3216299640625 0.23429807343750003 0.30282495 0.23186541562500002 0.2930680875
3 0.580394378125 0.205833675 0.510004878125 0.2233837484375 0.5126828203125 0.234124384375 0.5830723203125 0.21657431093750001 0.580394378125 0.205833675
3 0.589128971875 0.1762945359375 0.48991766875 0.20103069218749997 0.49240408750000003 0.2110031765625 0.5916153921875 0.1862670203125 0.589128971875 0.1762945359375
3 0.1267634078125 0.38752964218749997 0.03847989375 0.4095411953125 0.0412317546875 0.420578309375 0.12951526875 0.39856675625000004 0.1267634078125 0.38752964218749997
3 0.320265046875 0.35676175468750004 0.2930125578125 0.3635565625 0.2953948171875 0.3731112796875 0.32264730468749997 0.366316471875 0.320265046875 0.35676175468750004
3 0.430553375 0.32826895624999997 0.40563572187499997 0.3344816265625 0.40852534374999994 0.3460712703125 0.4334429984375 0.3398586015625 0.430553375 0.32826895624999997
3 0.1234784078125 0.5344381671875 0.0727627515625 0.547083 0.07554149375 0.558227925 0.1262571484375 0.5455830921875 0.1234784078125 0.5344381671875
3 0.143783265625 0.5484920484375 0.07946050625 0.5645295140625 0.082282928125 0.57584963125 0.1466056875 0.559812165625 0.143783265625 0.5484920484375
3 0.13523733124999998 0.5681074359375 0.083124603125 0.5811005984375 0.08634686875 0.5940243984375 0.13845959531250002 0.5810312359375 0.13523733124999998 0.5681074359375
3 0.2781242015625 0.5344499234375 0.1854389515625 0.5575589515625 0.1882613734375 0.56887906875 0.2809466234375 0.545770040625 0.2781242015625 0.5344499234375