3 0.86928288125 0.18948984375 0.1639177375 0.1153529796875 0.162319321875 0.130560875 0.8676844671874999 0.2046977390625 0.86928288125 0.18948984375
3 0.8252443265625 0.5619756875 0.28584860624999997 0.5052829125 0.28409485 0.52196878125 0.823490571875 0.5786615562499999 0.8252443265625 0.5619756875
3 0.72559045625 0.7880823796875001 0.3085778125 0.7442525843750001 0.307014240625 0.759128975 0.724026884375 0.8029587703125 0.72559045625 0.7880823796875001
4 0.818254340625 0.44007027968749995 0.24203973125 0.379507684375 0.24000578125 0.39885942343749997 0.816220390625 0.45942201875000005 0.818254340625 0.44007027968749995
0 0.7619799859375 0.8370781359375 0.5123491062500001 0.8108408734375001 0.507235921875 0.8594895703125 0.7568668015625 0.8857268328125001 0.7619799859375 0.8370781359375
0 0.74987301875 0.8888671531250001 0.50079138125 0.8626876187500001 0.49669880156249996 0.9016259124999999 0.7457804390625 0.927805446875 0.74987301875 0.8888671531250001
0 0.7558024171875 0.9260447734374999 0.500012171875 0.899160134375 0.495227090625 0.9446871375000001 0.7510173375 0.9715717765624999 0.7558024171875 0.9260447734374999
1 0.75 0.24375 0.7515625 0.246875 0.75 0.25625 0.7390625 0.25625 0.7328125 0.253125 0.7328125 0.2453125 0.7359375 0.2421875 0.7484375 0.24375
1 0.91875 0.2640625 0.934375 0.265625 0.9328125 0.2765625 0.9171875 0.275 0.915625 0.26875 0.91875 0.265625
1 0.33671875 0.30390625 0.0203125 0.015625
1 0.384375 0.2078125 0.3953125 0.20625 0.4015625 0.209375 0.4 0.2203125 0.3828125 0.2171875 0.384375 0.209375
1 0.6328125 0.2609375 0.6484375 0.2625 0.6484375 0.26875 0.6453125 0.2734375 0.6328125 0.271875 0.63125 0.2703125 0.6328125 0.2625
1 0.5328125 0.221875 0.5359375 0.2234375 0.534375 0.234375 0.5203125 0.2328125 0.5171875 0.2296875 0.521875 0.2203125 0.53125 0.221875
1 0.2734375 0.1953125 0.290625 0.196875 0.2890625 0.2078125 0.2734375 0.20625 0.271875 0.2046875 0.2734375 0.196875
1 0.825 0.253125 0.8421875 0.2546875 0.840625 0.265625 0.8234375 0.2640625 0.825 0.2546875
1 0.5640625 0.321875 0.578125 0.3234375 0.578125 0.334375 0.571875 0.3359375 0.5625 0.3328125 0.5640625 0.3234375
1 0.878125 0.2859375 0.8859375 0.2859375 0.89375 0.2890625 0.89375 0.296875 0.890625 0.3 0.8859375 0.3 0.878125 0.2984375 0.878125 0.2875
1 0.184375 0.75625 0.2015625 0.759375 0.2 0.771875 0.1921875 0.771875 0.1828125 0.76875 0.18125 0.7625 0.184375 0.7609375 0.184375 0.7578125
1 0.45390625 0.31640625 0.0203125 0.015625
1 0.6953125 0.8125 0.7140625 0.8140625 0.7125 0.8265625 0.696875 0.825 0.6953125 0.8140625
1 0.821875 0.28125 0.8375 0.28125 0.8390625 0.2828125 0.8390625 0.2921875 0.834375 0.29375 0.8234375 0.2921875 0.821875 0.2828125
1 0.7421875 0.2703125 0.7484375 0.271875 0.746875 0.275 0.7484375 0.2796875 0.746875 0.2828125 0.7421875 0.284375 0.7375 0.284375 0.7296875 0.2796875 0.7296875 0.2734375 0.7328125 0.2703125 0.740625 0.2703125
1 0.275 0.221875 0.2875 0.225 0.2875 0.234375 0.284375 0.2359375 0.271875 0.234375 0.2703125 0.2234375 0.2734375 0.221875
1 0.528125 0.2484375 0.5328125 0.25 0.5328125 0.2609375 0.5171875 0.259375 0.5171875 0.25 0.5265625 0.2484375
1 0.6359375 0.234375 0.6484375 0.2328125 0.6515625 0.2359375 0.65 0.246875 0.6359375 0.2453125 0.634375 0.2421875 0.6359375 0.2359375
1 0.38125 0.2359375 0.3953125 0.234375 0.3984375 0.2375 0.3953125 0.2484375 0.38125 0.2453125 0.3796875 0.24375 0.38125 0.2375
3 0.20303728593749998 0.1949824703125 0.10719440625000001 0.1849089765625 0.10535064062499999 0.2024512390625 0.2011935203125 0.21252473125 0.20303728593749998 0.1949824703125
3 0.3004554734375 0.18327492031249998 0.2634992765625 0.17939066718750002 0.2622231578125 0.191532121875 0.29917935625 0.195416375 0.3004554734375 0.18327492031249998
3 0.42022755624999997 0.1968270859375 0.36553865937499996 0.19107905 0.3644106234375 0.2018116 0.41909952031250003 0.207559634375 0.42022755624999997 0.1968270859375
3 0.5480194859374999 0.209930371875 0.508827084375 0.205811084375 0.50763371875 0.217165209375 0.54682611875 0.221284496875 0.5480194859374999 0.209930371875
3 0.5811176765625 0.2394825203125 0.4706217828125 0.227868934375 0.4693703453125 0.23977557031250002 0.5798662390625 0.2513891578125 0.5811176765625 0.2394825203125
3 0.45031522500000004 0.22766185156250002 0.3309922140625 0.2151204984375 0.3300137109375 0.22443032812500002 0.44933672343750003 0.23697168125 0.45031522500000004 0.22766185156250002
3 0.31881079218749997 0.21384017968750002 0.241504859375 0.20571499843750002 0.2404537671875 0.21571546874999997 0.3177597 0.22384065 0.31881079218749997 0.21384017968750002
3 0.6761568125 0.25107057187500004 0.6040098406250001 0.24348762031249999 0.6028527687499999 0.254496425 0.674999740625 0.26207937812500004 0.6761568125 0.25107057187500004
3 0.6944676265624999 0.22630026875000003 0.5927792328125 0.2156123875 0.5917049125 0.22583386249999998 0.6933933062500001 0.23652174375 0.6944676265624999 0.22630026875000003
3 0.18773945625 0.266658003125 0.09725169375 0.2571473546875 0.0960626828125 0.26846004218749997 0.1865504453125 0.2779706890625 0.18773945625 0.266658003125
3 0.38009475625 0.30392710312500004 0.3521618328125 0.30099123437499997 0.3511325171875 0.3107845125 0.37906544062499997 0.31372038125 0.38009475625 0.30392710312500004
3 0.49347699531250006 0.3148734609375 0.46793720156249996 0.3121891203125 0.4666886671875 0.3240681328125 0.49222846093749995 0.32675247343749997 0.49347699531250006 0.3148734609375
3 0.134406890625 0.40358332187499996 0.0824249765625 0.398119803125 0.08122435156249999 0.40954299218749995 0.133206265625 0.4150065109375 0.134406890625 0.40358332187499996
3 0.1486805046875 0.42373432187500004 0.082751746875 0.4168049296875 0.0815322484375 0.4284076859375 0.14746100625 0.435337078125 0.1486805046875 0.42373432187500004
3 0.133941096875 0.439243875 0.080527228125 0.4336298515625 0.079134965625 0.4468763296875 0.1325488359375 0.45249035312499997 0.133941096875 0.439243875
3 0.27972238125 0.45648634687499995 0.1847229828125 0.4465015078125 0.1835034828125 0.45810426406250004 0.2785028828125 0.46808910312499996 0.27972238125 0.45648634687499995