3 0.8017752453125 0.223896075 0.783422025 0.0492768453125 0.763503090625 0.051370409375 0.7818563109375 0.22598963906249997 0.8017752453125 0.223896075
3 0.609490596875 0.91020768125 0.51810729375 0.0407536359375 0.4905893375 0.0436458890625 0.581972640625 0.9130999359375 0.609490596875 0.91020768125
3 0.336171003125 0.9419784296874999 0.2446972984375 0.07166425625 0.21259143281249998 0.07503871875 0.3040651390625 0.9453528921875 0.336171003125 0.9419784296874999
3 0.154868934375 0.7005394609375 0.14608571875 0.6169727421875 0.126841196875 0.6189954234374999 0.13562441249999999 0.7025621421875 0.154868934375 0.7005394609375
5 0.4736201734375 0.92782408125 0.3855634171875 0.090020021875 0.2656698609375 0.1026213421875 0.35372661562499996 0.9404254015625 0.4736201734375 0.92782408125
6 0.4750160015625 0.9282208921875 0.38660328593750004 0.08703008125 0.3559032390625 0.0902567859375 0.44431595625 0.9314475968749999 0.4750160015625 0.9282208921875
1 0.5885675515625 0.131969303125 0.5741781328125 0.132122896875 0.5743971984375 0.15248179687500002 0.58987775 0.153572315625 0.5885675515625 0.131969303125
1 0.5981257656250001 0.2280356484375 0.5819778453125 0.2297328625 0.5850465421875 0.2497922546875 0.59753620625 0.2498383328125 0.5981257656250001 0.2280356484375
1 0.61017951875 0.3375934234375 0.5956488453125 0.33640306875000003 0.596959040625 0.35800608125 0.6121570843749999 0.356408703125 0.61017951875 0.3375934234375
1 0.6223274203125 0.4531729953125 0.6061795 0.454870209375 0.6092481984375 0.4749296015625 0.6234963640625 0.473432059375 0.6223274203125 0.4531729953125
1 0.7381777796875 0.5320358953125 0.722838484375 0.532289325 0.7249573046875 0.5524485515625 0.7393467234375 0.552294959375 0.7381777796875 0.5320358953125
1 0.7477830984375 0.6234243937499999 0.7333936796875 0.6235779875 0.7355125 0.6437372156250001 0.7480021640625 0.64378329375 0.7477830984375 0.6234243937499999
3 0.5674368125 0.07712084375 0.5737154640625 0.11858357500000001 0.5791322203125 0.11529666093749999 0.5763705703124999 0.0707466890625 0.5686302953125 0.07020142812499999 0.5674368125 0.07712084375
3 0.5786348375 0.1928002515625 0.5850792828125 0.20842845312499997 0.59073964375 0.198321959375 0.5872082765625 0.164723246875 0.578659378125 0.165621771875 0.5786348375 0.1928002515625
3 0.59628748125 0.260243428125 0.58897096875 0.26373001406249996 0.5951472703125 0.3133562734375 0.6017964124999999 0.3126574203125 0.59628748125 0.260243428125
3 0.6086789890625 0.3690034203125 0.60027134375 0.3712458953125 0.6060627859375 0.42634778281249996 0.6109923328125 0.4367000265625 0.6086789890625 0.3690034203125
3 0.731377209375 0.5952552328125 0.7354592281250001 0.5975437859375 0.73950234375 0.5903248624999999 0.737627128125 0.5633460546875 0.7271784734375 0.564444253125 0.731377209375 0.5952552328125
3 0.7472324453125 0.6547345546875001 0.7389660578125 0.6583209765625 0.746092234375 0.7078474 0.7509439734375001 0.6991846921875 0.7472324453125 0.6547345546875001
4 0.1496816265625 0.5930264984375 0.09876920312500001 0.10862713906250002 0.016462304687500002 0.11727794218750001 0.0673747296875 0.6016773015625 0.1496816265625 0.5930264984375
1 0.5046875 0.47421875 0.01875 0.0234375
1 0.75 0.625 0.7515625 0.640625 0.746875 0.6453125 0.7359375 0.6453125 0.734375 0.625 0.7359375 0.6234375 0.7484375 0.625
1 0.196875 0.3890625 0.2109375 0.3890625 0.2125 0.396875 0.2109375 0.4109375 0.196875 0.4109375 0.1953125 0.396875 0.196875 0.390625
1 0.575 0.1328125 0.5875 0.13125 0.590625 0.153125 0.5875 0.15625 0.578125 0.15625 0.575 0.153125 0.5734375 0.1375 0.575 0.134375
1 0.621875 0.453125 0.6234375 0.475 0.61875 0.478125 0.609375 0.4765625 0.60625 0.4640625 0.609375 0.4546875 0.6203125 0.453125
1 0.4796875 0.1921875 0.484375 0.1953125 0.4859375 0.203125 0.4859375 0.2125 0.4828125 0.215625 0.4703125 0.2140625 0.46875 0.19375 0.478125 0.1921875
1 0.5359375 0.8296875 0.55 0.828125 0.553125 0.8421875 0.5515625 0.8484375 0.5390625 0.8515625 0.5359375 0.8421875 0.5359375 0.83125
1 0.5171875 0.53125 0.5203125 0.534375 0.521875 0.5515625 0.51875 0.5546875 0.50625 0.553125 0.5046875 0.5328125 0.515625 0.5328125
1 0.1828125 0.2640625 0.1984375 0.2625 0.2 0.278125 0.1984375 0.2828125 0.1859375 0.284375 0.1828125 0.278125 0.1828125 0.265625
1 0.596875 0.3375 0.6078125 0.3375 0.6125 0.3453125 0.6109375 0.359375 0.5984375 0.359375 0.5953125 0.35625 0.59375 0.3453125 0.59375 0.340625 0.596875 0.3390625
1 0.6 0.2296875 0.6 0.25 0.5921875 0.253125 0.5859375 0.2515625 0.5859375 0.246875 0.5828125 0.2421875 0.584375 0.23125 0.5921875 0.228125 0.5984375 0.2296875
1 0.6078125 0.721875 0.621875 0.7203125 0.6234375 0.734375 0.6234375 0.7421875 0.6109375 0.7453125 0.60625 0.734375 0.6078125 0.7234375
1 0.4890625 0.2609375 0.4921875 0.2640625 0.49375 0.2796875 0.4890625 0.284375 0.478125 0.2828125 0.4765625 0.2625 0.4875 0.2625
1 0.225 0.5578125 0.2296875 0.5609375 0.23125 0.578125 0.228125 0.58125 0.2234375 0.5796875 0.215625 0.58125 0.2140625 0.575 0.2125 0.5609375 0.2234375 0.5578125
1 0.7359375 0.53125 0.740625 0.5375 0.740625 0.5546875 0.728125 0.55625 0.7265625 0.55625 0.725 0.5484375 0.725 0.5328125 0.734375 0.53125
1 0.60546875 0.64140625 0.021875 0.0265625
1 0.5296875 0.759375 0.54375 0.7609375 0.5453125 0.76875 0.54375 0.78125 0.5296875 0.78125 0.528125 0.7671875 0.5296875 0.7609375
3 0.6938247765625001 0.133162653125 0.68568850625 0.0557512203125 0.6700725171874999 0.057392526562500004 0.6782087875 0.134803959375 0.6938247765625001 0.133162653125
3 0.66357078125 0.1223129171875 0.6568880218750001 0.0587307140625 0.64458710625 0.060023592187499995 0.6512698640625 0.12360579687499999 0.66357078125 0.1223129171875
3 0.644346196875 0.17615114999999998 0.6320146640625001 0.058824445312499994 0.6165221609375 0.060452771875 0.62885369375 0.177779478125 0.644346196875 0.17615114999999998
3 0.61454408125 0.1463462875 0.605201496875 0.0574575328125 0.5923306562499999 0.058810312499999996 0.601673240625 0.1476990671875 0.61454408125 0.1463462875
3 0.685544646875 0.5737933359375 0.6736114515625 0.46025656562500006 0.65910681875 0.46178106406249997 0.6710400140624999 0.5753178328125 0.685544646875 0.5737933359375
3 0.7330995140625001 0.5075678156250001 0.726921034375 0.44878350781250004 0.71103908125 0.45045276875000007 0.7172175609375 0.5092370765625 0.7330995140625001 0.5075678156250001
3 0.1922711125 0.221886134375 0.18038594375 0.10880630625000001 0.166137778125 0.11030385000000001 0.178022946875 0.2233836765625 0.1922711125 0.221886134375
3 0.166818715625 0.2728936265625 0.1498653296875 0.1115929265625 0.13783038125 0.11285785 0.1547837671875 0.27415855 0.166818715625 0.2728936265625