3 0.144290575 0.332681553125 0.104793425 0.161600603125 0.0852781046875 0.1661060703125 0.12477525468749999 0.33718701875 0.144290575 0.332681553125
3 0.5569855296874999 0.91728134375 0.360323590625 0.0654448984375 0.333363225 0.0716691890625 0.5300251640625 0.9235056343749999 0.5569855296874999 0.91728134375
3 0.8302527703125 0.8572992812500001 0.633396278125 0.0046201375000000005 0.6019409687499999 0.01188216875 0.7987974609374999 0.8645613125 0.8302527703125 0.8572992812500001
3 0.91047166875 0.57289718125 0.8915697015624999 0.491023759375 0.8727151265625 0.49537668124999995 0.8916170953125 0.5772501015625 0.91047166875 0.57289718125
5 0.7816926875 0.8688084437500001 0.5921896624999999 0.0479806671875 0.4747254890625 0.07509940781249999 0.6642285125 0.8959271843750001 0.7816926875 0.8688084437500001
6 0.6931158953125001 0.8898127656250001 0.502846821875 0.0656668640625 0.4727688453125 0.0726109109375 0.6630379203125 0.8967568140625 0.6931158953125001 0.8898127656250001
1 0.3022330953125 0.20170752187500002 0.31651520781250003 0.1956364421875 0.3100941265625 0.176315403125 0.296438659375 0.1808549140625 0.3022330953125 0.20170752187500002
1 0.3263330328125 0.2952221796875 0.338127240625 0.291112375 0.3344980515625 0.2711467765625 0.318677334375 0.274799278125 0.3263330328125 0.2952221796875
1 0.347204640625 0.4007465359375 0.362094728125 0.3973088890625 0.3563002890625 0.37645628124999997 0.342948809375 0.3823125078125 0.347204640625 0.4007465359375
1 0.37458221875 0.5150860015625 0.3885416765625 0.5118632062499999 0.38491248749999996 0.49189760937499993 0.36909177031249996 0.495550109375 0.37458221875 0.5150860015625
1 0.2907188 0.6273695265625 0.30437426875 0.6228300156250001 0.29981445 0.6030792703125 0.2852283515625 0.607833634375 0.2907188 0.6273695265625
1 0.3123206078125 0.71669138125 0.324114815625 0.7125815765625 0.319554996875 0.6928308328125 0.3058995296875 0.6973703437500001 0.3123206078125 0.71669138125
3 0.28803899843749997 0.11899684531250002 0.299931859375 0.162018778125 0.30612361875 0.1633630921875 0.2985612546875 0.12211518125000001 0.295180053125 0.11596130625 0.28803899843749997 0.11899684531250002
3 0.3083875203125 0.21138183906250002 0.31598721875 0.24429974843750002 0.324629546875 0.252012790625 0.32563484531250003 0.23513793125000002 0.31676319531249997 0.20944816249999998 0.3083875203125 0.21138183906250002
3 0.342756821875 0.35600578125000004 0.3492712359375 0.3545018109375 0.33895431249999997 0.3055684546875 0.33090129375 0.3046538453125 0.342756821875 0.35600578125000004
3 0.37444623125 0.47628426875 0.37573685 0.46489112656250003 0.3632733453125 0.41090575781250005 0.3545936828125 0.41152271875 0.37444623125 0.47628426875
3 0.2959425953125 0.637258696875 0.3029529828125 0.663378171875 0.3091260765625 0.6688874874999999 0.312240621875 0.6653946421875 0.3061795296875 0.634895315625 0.2959425953125 0.637258696875
3 0.3275760046875 0.7700321921875 0.3349837140625 0.776643371875 0.325597421875 0.7274951625 0.31661377343749997 0.72679540625 0.3275760046875 0.7700321921875
4 0.752109225 0 0.8615189953125 0.4739057765625 0.9421581218749999 0.4552887671875 0.837046428125 0 0.752109225 0
1 0.490625 0.4671875 0.49375 0.46875 0.496875 0.4890625 0.4859375 0.4921875 0.48125 0.4890625 0.478125 0.4734375 0.4796875 0.4703125 0.4890625 0.46875
1 0.315625 0.7046875 0.021875 0.028125
1 0.753125 0.2984375 0.759375 0.31875 0.74375 0.3234375 0.7390625 0.303125 0.7421875 0.3 0.7515625 0.2984375
1 0.2984375 0.18125 0.3125 0.1796875 0.3171875 0.1953125 0.3171875 0.2 0.3140625 0.203125 0.3046875 0.2046875 0.2984375 0.1828125
1 0.3828125 0.49375 0.3859375 0.4953125 0.3890625 0.5015625 0.390625 0.515625 0.384375 0.51875 0.3765625 0.51875 0.371875 0.496875 0.38125 0.4953125
1 0.43125 0.2015625 0.4359375 0.2234375 0.434375 0.225 0.4296875 0.2234375 0.4265625 0.2265625 0.4203125 0.2234375 0.4171875 0.2078125 0.4203125 0.203125 0.4296875 0.2015625
1 0.5609375 0.828125 0.575 0.825 0.5796875 0.8390625 0.5796875 0.846875 0.5671875 0.8484375 0.5640625 0.846875 0.5609375 0.8296875
1 0.5078125 0.534375 0.5125 0.5546875 0.50625 0.5578125 0.496875 0.55625 0.49375 0.5421875 0.4953125 0.5375 0.50625 0.534375
1 0.725 0.175 0.7296875 0.19375 0.721875 0.196875 0.7140625 0.196875 0.7109375 0.178125 0.7234375 0.175
1 0.3609375 0.38125 0.3640625 0.3984375 0.3625 0.4015625 0.35 0.4046875 0.3453125 0.3921875 0.346875 0.3890625 0.3453125 0.384375 0.3484375 0.38125 0.35625 0.3796875 0.359375 0.38125
1 0.3296875 0.2734375 0.3359375 0.2765625 0.3359375 0.28125 0.3390625 0.284375 0.3390625 0.2953125 0.33125 0.2984375 0.325 0.296875 0.325 0.2921875 0.3203125 0.284375 0.3203125 0.278125 0.3234375 0.275 0.328125 0.275
1 0.475 0.7484375 0.4734375 0.753125 0.4765625 0.7546875 0.478125 0.7609375 0.475 0.7703125 0.471875 0.76875 0.4640625 0.7703125 0.459375 0.7546875 0.4609375 0.7484375 0.4671875 0.746875 0.4734375 0.7484375
1 0.446875 0.26875 0.4515625 0.290625 0.440625 0.29375 0.4359375 0.290625 0.434375 0.2859375 0.4328125 0.2734375 0.4453125 0.2703125
1 0.78125 0.4875 0.778125 0.46875 0.7828125 0.465625 0.7859375 0.4671875 0.7890625 0.4640625 0.79375 0.46875 0.796875 0.4859375 0.7921875 0.4859375 0.7875 0.4890625 0.7828125 0.4875
1 0.2984375 0.6046875 0.3015625 0.6078125 0.3046875 0.628125 0.2921875 0.63125 0.2875 0.621875 0.2859375 0.615625 0.2890625 0.609375 0.2875 0.6078125 0.296875 0.60625
1 0.4546875 0.659375 0.4578125 0.6765625 0.45625 0.6796875 0.4515625 0.68125 0.4421875 0.6796875 0.4390625 0.6734375 0.440625 0.66875 0.4390625 0.6609375 0.45 0.6578125 0.453125 0.659375
1 0.5578125 0.75625 0.5609375 0.759375 0.5640625 0.778125 0.553125 0.78125 0.5484375 0.7796875 0.5453125 0.7609375 0.55625 0.7578125
3 0.2126040796875 0.21271946718749998 0.1950943765625 0.1368766078125 0.1797948125 0.140408790625 0.197304515625 0.21625165000000002 0.2126040796875 0.21271946718749998
3 0.2344295671875 0.19336093906250001 0.2200478984375 0.131067090625 0.207996234375 0.1338494375 0.22237790156249998 0.1961432859375 0.2344295671875 0.19336093906250001
3 0.2732616984375 0.2372851703125 0.246723553125 0.1223358359375 0.231544971875 0.1258400875 0.2580831171875 0.24078942187500002 0.2732616984375 0.2372851703125
3 0.2891680984375 0.19999449375 0.26906233749999997 0.11290687656250001 0.2564522953125 0.11581813437499999 0.27655805624999996 0.20290575 0.2891680984375 0.19999449375
3 0.362799578125 0.6268995921875 0.3371186796875 0.5156633984375001 0.3229079515625 0.518944203125 0.34858885 0.6301803968749999 0.362799578125 0.6268995921875
3 0.297624059375 0.579452946875 0.284327628125 0.5218597765624999 0.2687674875 0.5254521171875 0.28206391875 0.5830452890625 0.297624059375 0.579452946875
3 0.71437781875 0.133628653125 0.6888002765625 0.02284014375 0.67484081875 0.0260629375 0.7004183609375 0.1368514484375 0.71437781875 0.133628653125
3 0.7528815765625 0.1740713015625 0.716396946875 0.0160390109375 0.7046058609375 0.0187611984375 0.7410904890625 0.1767934890625 0.7528815765625 0.1740713015625