3 0.25695270312499996 0.1710171921875 0.081371621875 0.1710171921875 0.081371621875 0.1910458453125 0.25695270312499996 0.1910458453125 0.25695270312499996 0.1710171921875
3 0.9194054046875 0.4339875828125 0.045162162500000005 0.4339875828125 0.045162162500000005 0.461657115625 0.9194054046875 0.461657115625 0.9194054046875 0.4339875828125
3 0.9224324328125 0.70913085 0.047324325 0.70913085 0.047324325 0.7414135625 0.9224324328125 0.7414135625 0.9224324328125 0.70913085
3 0.663364865625 0.8642024828125001 0.5793378375 0.8642024828125001 0.5793378375 0.883553009375 0.663364865625 0.883553009375 0.663364865625 0.8642024828125001
5 0.9227229734375 0.570955109375 0.0803040546875 0.570955109375 0.0803040546875 0.6915090734375 0.9227229734375 0.6915090734375 0.9227229734375 0.570955109375
6 0.9232635140625 0.5696084046875 0.0774391890625 0.5696084046875 0.0774391890625 0.6004775546875 0.9232635140625 0.6004775546875 0.9232635140625 0.5696084046875
1 0.14324324375 0.373447946875 0.1418918921875 0.38777459375 0.16216216249999998 0.3896848140625 0.164864865625 0.37440305625 0.14324324375 0.373447946875
1 0.2397824328125 0.3739837625 0.2397824328125 0.39022062968750004 0.260052703125 0.3892655203125 0.2614040546875 0.37684909218749996 0.2397824328125 0.3739837625
1 0.35 0.373447946875 0.347297296875 0.38777459375 0.36891891875 0.3887297046875 0.36891891875 0.373447946875 0.35 0.373447946875
1 0.466216215625 0.373447946875 0.466216215625 0.3896848140625 0.48648648593750005 0.3887297046875 0.48648648593750005 0.37440305625 0.466216215625 0.373447946875
1 0.55675675625 0.2664756453125 0.5554054046875 0.2817574015625 0.575675675 0.2817574015625 0.5770270265625 0.2674307546875 0.55675675625 0.2664756453125
1 0.6486486484375 0.2664756453125 0.6472972968749999 0.2808022921875 0.6675675671875 0.2808022921875 0.66891891875 0.2683858640625 0.6486486484375 0.2664756453125
3 0.12567567500000001 0.381088825 0.08108108124999999 0.37917860625 0.0797297296875 0.386819484375 0.0864864859375 0.3887297046875 0.128378378125 0.386819484375 0.12567567500000001 0.381088825
3 0.20945945937500002 0.3782234953125 0.175675675 0.3782234953125 0.175675675 0.386819484375 0.202702703125 0.3896848140625 0.21891891874999997 0.3849092640625 0.20945945937500002 0.3782234953125
3 0.271621621875 0.37917860625 0.274324325 0.386819484375 0.32432432499999997 0.38586437500000004 0.32432432499999997 0.37917860625 0.271621621875 0.37917860625
3 0.38108108125 0.3782234953125 0.3824324328125 0.386819484375 0.43783783749999994 0.386819484375 0.44864864843749996 0.3829990453125 0.38108108125 0.3782234953125
3 0.614864865625 0.27125119375 0.5878378375 0.270296084375 0.5878378375 0.2808022921875 0.61891891875 0.2798471828125 0.6216216218749999 0.27602674375 0.614864865625 0.27125119375
3 0.6797297296875 0.270296084375 0.6824324328125 0.278892071875 0.7324324328125 0.276981853125 0.724324325 0.27125119375 0.6797297296875 0.270296084375
4 0.5558986484374999 0.858123209375 0.06883108125000001 0.858123209375 0.06883108125000001 0.9408834765625 0.5558986484374999 0.9408834765625 0.5558986484374999 0.858123209375
1 0.4640625 0.4859375 0.4671875 0.484375 0.484375 0.484375 0.4859375 0.4859375 0.484375 0.5 0.465625 0.5 0.4640625 0.4875
1 0.665625 0.265625 0.66875 0.2671875 0.66875 0.28125 0.6484375 0.28125 0.646875 0.2796875 0.646875 0.2703125 0.65 0.265625 0.6640625 0.265625
1 0.36875 0.78515625 0.02421875 0.0171875
1 0.1421875 0.375 0.165625 0.375 0.1640625 0.3890625 0.14375 0.3890625 0.1421875 0.3765625
1 0.465625 0.375 0.4875 0.375 0.4890625 0.3765625 0.4890625 0.3875 0.484375 0.390625 0.4671875 0.3890625 0.465625 0.3765625
1 0.20234375 0.49296875 0.02421875 0.0171875
1 0.83125 0.484375 0.85 0.484375 0.853125 0.496875 0.8515625 0.5 0.83125 0.5 0.83125 0.4859375
1 0.553125 0.484375 0.5546875 0.4875 0.553125 0.5 0.5328125 0.5 0.534375 0.484375 0.5515625 0.484375
1 0.23125 0.7765625 0.25 0.7765625 0.2515625 0.778125 0.25 0.7921875 0.23125 0.7921875 0.23125 0.778125
1 0.3625 0.3734375 0.3703125 0.375 0.3703125 0.3875 0.3671875 0.390625 0.35 0.390625 0.3484375 0.3875 0.3484375 0.3765625 0.3609375 0.3734375
1 0.240625 0.3734375 0.2515625 0.3734375 0.2625 0.3765625 0.2625 0.3875 0.25 0.390625 0.240625 0.3890625 0.2390625 0.384375 0.240625 0.375
1 0.73125 0.403125 0.753125 0.403125 0.7546875 0.4125 0.7546875 0.415625 0.7484375 0.41875 0.7390625 0.4171875 0.734375 0.41875 0.73125 0.4171875 0.73125 0.4046875
1 0.2609375 0.5 0.2625 0.484375 0.2796875 0.484375 0.2828125 0.4875 0.28125 0.5 0.2625 0.5
1 0.5296875 0.7765625 0.5484375 0.7765625 0.5515625 0.7796875 0.55 0.7921875 0.5296875 0.7921875 0.528125 0.790625 0.5296875 0.778125
1 0.5546875 0.26875 0.5609375 0.265625 0.578125 0.2671875 0.578125 0.28125 0.55625 0.28125 0.5546875 0.2703125
1 0.640625 0.403125 0.6546875 0.4015625 0.6625 0.4046875 0.6625 0.4171875 0.659375 0.41875 0.6421875 0.41875 0.640625 0.4046875
1 0.7625 0.484375 0.78125 0.484375 0.7828125 0.4859375 0.7828125 0.5 0.7625 0.5 0.7609375 0.4984375 0.7625 0.4859375
3 0.15543243281250002 0.26889207187499997 0.0775945953125 0.26889207187499997 0.0775945953125 0.284594078125 0.15543243281250002 0.284594078125 0.15543243281250002 0.26889207187499997
3 0.1414797296875 0.29784622656250004 0.077547296875 0.29784622656250004 0.077547296875 0.31021489999999996 0.1414797296875 0.31021489999999996 0.1414797296875 0.29784622656250004
3 0.1930135140625 0.3225931234375 0.075040540625 0.3225931234375 0.075040540625 0.3381709640625 0.1930135140625 0.3381709640625 0.1930135140625 0.3225931234375
3 0.16025675625 0.3491165234375 0.070878378125 0.3491165234375 0.070878378125 0.3620582609375 0.16025675625 0.3620582609375 0.16025675625 0.3491165234375
3 0.592783784375 0.323185290625 0.478621621875 0.323185290625 0.478621621875 0.33776981875 0.592783784375 0.33776981875 0.592783784375 0.323185290625
3 0.5318918921875 0.26896848125 0.47278378437499996 0.26896848125 0.47278378437499996 0.2849379171875 0.5318918921875 0.2849379171875 0.5318918921875 0.26896848125
3 0.19124324374999999 0.7769723015625 0.077540540625 0.7769723015625 0.077540540625 0.7912989500000001 0.19124324374999999 0.7912989500000001 0.19124324374999999 0.7769723015625
3 0.2393108109375 0.8076170015624999 0.077121621875 0.8076170015624999 0.077121621875 0.8197182421875 0.2393108109375 0.8197182421875 0.2393108109375 0.8076170015624999