3 0.9330225406249999 0.107420509375 0.05845286875 0.107420509375 0.05845286875 0.1351232109375 0.9330225406249999 0.1351232109375 0.9330225406249999 0.107420509375
3 0.934943646875 0.2482511921875 0.060507171875 0.2482511921875 0.060507171875 0.2740540546875 0.934943646875 0.2740540546875 0.934943646875 0.2482511921875
3 0.9384887296875 0.512412559375 0.05948258125 0.512412559375 0.05948258125 0.5400675671874999 0.9384887296875 0.5400675671874999 0.9384887296875 0.512412559375
3 0.9344159843750001 0.7479372015625 0.059477459375 0.7479372015625 0.059477459375 0.774749603125 0.9344159843750001 0.774749603125 0.9344159843750001 0.7479372015625
0 0.45828893437499996 0.138374403125 0.24654713125 0.138374403125 0.24654713125 0.1530723375 0.45828893437499996 0.1530723375 0.45828893437499996 0.138374403125
0 0.462884221875 0.1802344984375 0.2435502046875 0.1802344984375 0.2435502046875 0.1969674078125 0.462884221875 0.1969674078125 0.462884221875 0.1802344984375
0 0.6978483609375 0.1319713828125 0.5223155734375 0.1319713828125 0.5223155734375 0.153402225 0.6978483609375 0.153402225 0.6978483609375 0.1319713828125
0 0.703570696875 0.1604650234375 0.5208145484375 0.1604650234375 0.5208145484375 0.1738593 0.703570696875 0.1738593 0.703570696875 0.1604650234375
0 0.6975 0.1790699515625 0.5253073765625 0.1790699515625 0.5253073765625 0.19147058749999998 0.6975 0.19147058749999998 0.6975 0.1790699515625
0 0.72910860625 0.2244197140625 0.5365471312500001 0.2244197140625 0.5365471312500001 0.2383624796875 0.72910860625 0.2383624796875 0.72910860625 0.2244197140625
0 0.5476383203124999 0.28022654999999996 0.22930840156249999 0.28022654999999996 0.22930840156249999 0.2930007953125 0.5476383203124999 0.2930007953125 0.5476383203124999 0.28022654999999996
4 0.8804661890625001 0.278489665625 0.55004610625 0.278489665625 0.55004610625 0.29821939531249997 0.8804661890625001 0.29821939531249997 0.8804661890625001 0.278489665625
3 0.24448770468749997 0.136625596875 0.1895901640625 0.136625596875 0.1895901640625 0.159860890625 0.24448770468749997 0.159860890625 0.24448770468749997 0.136625596875
3 0.51773565625 0.1395349765625 0.4668545078125 0.1395349765625 0.4668545078125 0.157984896875 0.51773565625 0.157984896875 0.51773565625 0.1395349765625
3 0.5241137296875 0.1598847375 0.46385758125 0.1598847375 0.46385758125 0.1800675671875 0.5241137296875 0.1800675671875 0.5241137296875 0.1598847375
3 0.5183247953125 0.18197535781250002 0.46685963125 0.18197535781250002 0.46685963125 0.19732511875 0.5183247953125 0.19732511875 0.5183247953125 0.18197535781250002
3 0.2433094265625 0.18430047656249998 0.053206967187499996 0.18430047656249998 0.053206967187499996 0.1981955484375 0.2433094265625 0.1981955484375 0.2433094265625 0.18430047656249998
3 0.2238012296875 0.2755802859375 0.0599487703125 0.2755802859375 0.0599487703125 0.295023846875 0.2238012296875 0.295023846875 0.2238012296875 0.2755802859375
3 0.16870901562500001 0.3540699515625 0.05770491875 0.3540699515625 0.05770491875 0.37682034999999997 0.16870901562500001 0.37682034999999997 0.16870901562500001 0.3540699515625
1 0.20546618906249997 0.3546462640625 0.171603484375 0.3546462640625 0.171603484375 0.374860890625 0.20546618906249997 0.374860890625 0.20546618906249997 0.3546462640625
1 0.34836577812499997 0.35465023906250004 0.3192366796875 0.35465023906250004 0.3192366796875 0.3750953890625 0.34836577812499997 0.3750953890625 0.34836577812499997 0.35465023906250004
1 0.4870184421875 0.35726550156250003 0.462366803125 0.35726550156250003 0.462366803125 0.374578696875 0.4870184421875 0.374578696875 0.4870184421875 0.35726550156250003
3 0.2927612703125 0.3558108109375 0.2053329921875 0.3558108109375 0.2053329921875 0.37582670937499996 0.2927612703125 0.37582670937499996 0.2927612703125 0.3558108109375
3 0.43018954843749996 0.35465023906250004 0.3484579921875 0.35465023906250004 0.3484579921875 0.3735055640625 0.43018954843749996 0.3735055640625 0.43018954843749996 0.35465023906250004
3 0.5681147546875 0.3546462640625 0.4855942625 0.3546462640625 0.4855942625 0.3748449921875 0.5681147546875 0.3748449921875 0.5681147546875 0.3546462640625
0 0.9347950812500001 0.4395310015625 0.684180328125 0.4395310015625 0.684180328125 0.499181240625 0.9347950812500001 0.499181240625 0.9347950812500001 0.4395310015625
4 0.7689651640624999 0.88255166875 0.0494569671875 0.88255166875 0.0494569671875 0.945079490625 0.7689651640624999 0.945079490625 0.7689651640624999 0.88255166875
0 0.45915983593750004 0.8151112875000001 0.0530327875 0.8151112875000001 0.0530327875 0.8363195546875 0.45915983593750004 0.8363195546875 0.45915983593750004 0.8151112875000001
0 0.4554559421875 0.8372019078124999 0.049462090624999996 0.8372019078124999 0.049462090624999996 0.86176470625 0.4554559421875 0.86176470625 0.4554559421875 0.8372019078124999
1 0.475 0.365625 0.01953125 0.01484375
1 0.0625 0.425 0.0796875 0.425 0.0796875 0.4375 0.0625 0.4375 0.0625 0.4265625
1 0.3984375 0.44375 0.4015625 0.4453125 0.4015625 0.4578125 0.3859375 0.4578125 0.384375 0.45625 0.384375 0.4453125 0.396875 0.44375
1 0.384375 0.4625 0.4015625 0.4625 0.4015625 0.475 0.384375 0.475 0.384375 0.4640625
1 0.0984375 0.4625 0.115625 0.4609375 0.11875 0.4640625 0.11875 0.4703125 0.115625 0.475 0.1 0.4734375 0.0984375 0.4640625
1 0.325 0.359375 0.3375 0.3578125 0.3421875 0.359375 0.3421875 0.371875 0.325 0.371875 0.325 0.3609375
1 0.1953125 0.3578125 0.1984375 0.359375 0.1984375 0.371875 0.18125 0.371875 0.1796875 0.3703125 0.1828125 0.3578125 0.19375 0.3578125
1 0.24453125 0.70390625 0.01953125 0.01484375
1 0.3453125 0.696875 0.359375 0.696875 0.3625 0.6984375 0.3640625 0.70625 0.359375 0.7109375 0.3453125 0.7109375 0.3453125 0.6984375
1 0.10859375 0.4859375 0.0203125 0.0140625
1 0.6859375 0.425 0.6921875 0.4234375 0.7015625 0.425 0.7015625 0.4359375 0.6984375 0.4375 0.6875 0.4375 0.6859375 0.4265625
1 0.0984375 0.44375 0.115625 0.4421875 0.11875 0.4453125 0.1171875 0.45625 0.1 0.45625 0.0984375 0.4453125
1 0.3546875 0.425 0.371875 0.425 0.371875 0.4359375 0.36875 0.4375 0.3546875 0.4375 0.3546875 0.4265625
1 0.384375 0.4796875 0.4015625 0.4796875 0.4015625 0.4921875 0.3984375 0.490625 0.3859375 0.4921875 0.384375 0.48125