3 0 0.23040833125 0.0005778906250000001 0.2331270921875 0.8560361171875 0.051293832812499995 0.8502764015625001 0.024196503124999998 0 0.20492833125 0 0.23040833125
3 0.0275841125 0.369421384375 0.8829120515625 0.18761581875 0.8775473343750001 0.1623768109375 0.0222193953125 0.3441823765625 0.0275841125 0.369421384375
3 0.0794238171875 0.6303589281249999 0.939221571875 0.4476032734375 0.933471771875 0.42055259375 0.0736740171875 0.6033082484375 0.0794238171875 0.6303589281249999
3 0.1322007015625 0.8590658265625001 0.9880197203125001 0.677155878125 0.982445109375 0.6509293921875 0.12662609062500002 0.8328393406249999 0.1322007015625 0.8590658265625001
0 0.4686692625 0.151981321875 0.6757839984375 0.107957725 0.6727281265625 0.093580975 0.4656133890625 0.137604571875 0.4686692625 0.151981321875
0 0.473300690625 0.1958725921875 0.6878417328124999 0.1502704859375 0.684362765625 0.13390323125 0.4698217234375 0.1795053375 0.473300690625 0.1958725921875
0 0.23441337031249998 0.2021112046875 0.4061103453125 0.1656158859375 0.4016546234375 0.14465335937499998 0.22995764843750002 0.181148678125 0.23441337031249998 0.2021112046875
0 0.23306934687499997 0.223310984375 0.41183183437500004 0.1853138453125 0.4090470078125 0.172212265625 0.2302845203125 0.2102094046875 0.23306934687499997 0.223310984375
0 0.2426689765625 0.23927525468750002 0.41109877812500006 0.2034743953125 0.408520540625 0.1913447421875 0.240090740625 0.22714560156250002 0.2426689765625 0.23927525468750002
0 0.2215004671875 0.2917142453125 0.40985401250000003 0.25167846250000003 0.4069551484375 0.2380403796875 0.218601603125 0.2780761625 0.2215004671875 0.2917142453125
0 0.4103651359375 0.3074287890625 0.7217387828125 0.24124427656249997 0.7190828671875 0.2287491796875 0.40770922187499997 0.294933690625 0.4103651359375 0.3074287890625
4 0.08589536406250001 0.3817321546875 0.409094975 0.31303395625 0.4049929328125 0.29373536875 0.081793321875 0.36243356718749997 0.08589536406250001 0.3817321546875
3 0.679209840625 0.114169753125 0.7329077390625 0.1027559125 0.72807685 0.080028365625 0.6743789515625 0.09144220625 0.679209840625 0.114169753125
3 0.411542971875 0.1691461984375 0.46131224531250004 0.1585674125 0.457476290625 0.1405206671875 0.4077070171875 0.151099453125 0.411542971875 0.1691461984375
3 0.4098955203125 0.19207238437500002 0.4688349265625 0.1795444265625 0.46463868125 0.159802640625 0.4056992734375 0.1723305984375 0.4098955203125 0.19207238437500002
3 0.4191459984375 0.2077492296875 0.4694865265625 0.1970490203125 0.46629513125 0.1820346890625 0.41595460468749995 0.1927348984375 0.4191459984375 0.2077492296875
3 0.6883325953125 0.15142172812500002 0.874280859375 0.1118972046875 0.8713919109375 0.0983057734375 0.685443646875 0.13783029687499998 0.6883325953125 0.15142172812500002
3 0.7275462265625 0.2420781140625 0.8878181156249999 0.20801127187500001 0.883775571875 0.1889926 0.7235036828125 0.22305944218749998 0.7275462265625 0.2420781140625
3 0.7984409921875 0.3106328515625 0.9070193828124999 0.287553803125 0.902289309375 0.26530055468749997 0.79371091875 0.2883796046875 0.7984409921875 0.3106328515625
1 0.76207965625 0.3163584578125 0.7952023796875001 0.30931800625 0.7909995234375 0.2895451171875 0.7578768 0.29658556875 0.76207965625 0.3163584578125
1 0.622351521875 0.34629832656250004 0.6508440796875 0.340242046875 0.64659329375 0.320243671875 0.6181007359375 0.32629995312500004 0.622351521875 0.34629832656250004
1 0.48662132500000005 0.3746204359375 0.510734265625 0.36949507187499997 0.50713465 0.3525602109375 0.483021709375 0.357685575 0.48662132500000005 0.3746204359375
3 0.6768929875 0.3354528390625 0.7624107484375 0.317275478125 0.758249209375 0.297696975 0.6727314484375 0.3158743359375 0.6768929875 0.3354528390625
3 0.541985253125 0.3617553625 0.6219307796875 0.344762415625 0.6180105375 0.32631912500000004 0.5380650109375 0.3433120703125 0.541985253125 0.3617553625
3 0.40735252656250004 0.3917417828125 0.4880697484375 0.3745848078125 0.483870196875 0.3548274703125 0.40315297499999997 0.37198444531249997 0.40735252656250004 0.3917417828125
0 0.0745360046875 0.5895981124999999 0.319674225 0.5374923765624999 0.3072722421875 0.4791456375 0.0621340234375 0.531251375 0.0745360046875 0.5895981124999999
4 1 0.7848198187500001 0.316449334375 0.9301129984375001 0.3294496 0.9912744375000001 1 0.8487445499999999 1 0.7848198187500001
0 1 0.7158727796875 0.6054630296875 0.7997342015625 0.609872475 0.8204790171875 1 0.7375548515625 1 0.7158727796875
0 1 0.7384569187500001 0.6136788828124999 0.8205720062499999 0.618785775 0.8445980484375 1 0.7635684640625 1 0.7384569187500001
1 0.5015625 0.3546875 0.5046875 0.3578125 0.50625 0.3671875 0.49375 0.371875 0.4875 0.3703125 0.4859375 0.3609375 0.49375 0.35625 0.5 0.35625
1 0.8953125 0.340625 0.9125 0.3375 0.9140625 0.3453125 0.9125 0.35 0.8984375 0.353125 0.8953125 0.3421875
1 0.5984375 0.421875 0.6015625 0.4234375 0.603125 0.434375 0.5984375 0.4375 0.5859375 0.4390625 0.584375 0.4265625 0.590625 0.4234375 0.596875 0.4234375
1 0.5875 0.44375 0.6046875 0.440625 0.60625 0.4453125 0.60625 0.453125 0.59375 0.45625 0.590625 0.45625 0.5875 0.4453125
1 0.884375 0.38125 0.8859375 0.390625 0.8796875 0.3953125 0.871875 0.396875 0.865625 0.3921875 0.8640625 0.3875 0.865625 0.384375 0.8796875 0.3796875 0.8828125 0.38125
1 0.640625 0.3265625 0.64375 0.3390625 0.6265625 0.3421875 0.625 0.33125 0.628125 0.328125 0.6296875 0.3296875 0.6390625 0.328125
1 0.7796875 0.2953125 0.7859375 0.3078125 0.78125 0.3109375 0.7671875 0.3125 0.765625 0.3 0.778125 0.296875
1 0.796875 0.6390625 0.8 0.6421875 0.8015625 0.65 0.8 0.653125 0.79375 0.6546875 0.784375 0.6546875 0.7828125 0.6421875 0.7953125 0.6390625
1 0.690625 0.6609375 0.69375 0.675 0.684375 0.678125 0.6796875 0.678125 0.675 0.675 0.6765625 0.6734375 0.675 0.6671875 0.678125 0.6640625 0.6890625 0.6625
1 0.8875 0.3984375 0.8890625 0.4078125 0.8875 0.4109375 0.88125 0.4125 0.875 0.4109375 0.871875 0.4125 0.86875 0.40625 0.8703125 0.4015625 0.8734375 0.4 0.8859375 0.3984375
1 0.2953125 0.465625 0.3015625 0.4671875 0.3046875 0.4765625 0.2953125 0.48125 0.2890625 0.4796875 0.2859375 0.4703125 0.2875 0.4671875 0.29375 0.4671875
1 0.8796875 0.3625 0.8828125 0.3734375 0.8703125 0.378125 0.8640625 0.378125 0.8609375 0.36875 0.8640625 0.3640625 0.878125 0.3625
1 0.6109375 0.4109375 0.609375 0.4015625 0.61875 0.3984375 0.6265625 0.3984375 0.628125 0.409375 0.61875 0.4125 0.6125 0.4109375
1 0.6078125 0.4578125 0.6109375 0.4671875 0.609375 0.4703125 0.6015625 0.471875 0.596875 0.4703125 0.5953125 0.4734375 0.59375 0.4734375 0.590625 0.4609375 0.60625 0.4578125