3 0.8772280734375 0.9464595812500001 0.9077501140625 0.0724226734375 0.8800642890624999 0.0714558640625 0.849542246875 0.9454927718749999 0.8772280734375 0.9464595812500001
3 0.736416134375 0.9434645968750001 0.766933528125 0.06956080625 0.741146384375 0.0686602984375 0.710628990625 0.9425640906250001 0.736416134375 0.9434645968750001
3 0.47229196562500003 0.9377884218749999 0.5029688375 0.059317740625000004 0.4753306765625 0.0583525953125 0.44465380468750004 0.9368232765625001 0.47229196562500003 0.9377884218749999
3 0.2370529359375 0.925498465625 0.26758785 0.0510929296875 0.24079178125 0.050157190625 0.21025686718749997 0.9245627265625 0.2370529359375 0.925498465625
0 0.862861 0.4709348953125 0.8702506812499999 0.2593220796875 0.8555617015625 0.258809128125 0.84817201875 0.47042194375 0.862861 0.4709348953125
0 0.8208660312499999 0.4740664875 0.8285206781250001 0.2548660828125 0.8117979609375 0.2542821125 0.804143315625 0.4734825171875 0.8208660312499999 0.4740664875
0 0.8608996156250001 0.71057185 0.867025621875 0.5351459921874999 0.8456078343750001 0.5343980671875 0.839481828125 0.709823925 0.8608996156250001 0.71057185
0 0.8322236265624999 0.7152962875 0.8386017234375001 0.5326514687499999 0.8252156062499999 0.5321840156250001 0.818837509375 0.7148288328125 0.8322236265624999 0.7152962875
0 0.8138418953125001 0.7085799859375 0.81985133125 0.5364922578125 0.80745825 0.5360594812499999 0.8014488140625 0.7081472093750001 0.8138418953125001 0.7085799859375
0 0.767416634375 0.7385866531249999 0.7741369328125 0.54614248125 0.7602026609375 0.5456558859375 0.7534823625 0.7381000578125 0.767416634375 0.7385866531249999
0 0.7179770171875 0.5552792828124999 0.7290865703125 0.23714328281250002 0.71632010625 0.2366974671875 0.7052105531249999 0.55483346875 0.7179770171875 0.5552792828124999
4 0.7080973171875 0.8879650187499999 0.7196288125 0.55774621875 0.6999111015625 0.5570576609375 0.68837960625 0.8872764609375 0.7080973171875 0.8879650187499999
3 0.8720702953125 0.2573249390625 0.8739861921875001 0.202460840625 0.8507650531250001 0.201649940625 0.84884915625 0.2565140390625 0.8720702953125 0.2573249390625
3 0.859626471875 0.5303049 0.8614021984375 0.479454746875 0.8429635171875001 0.47881085468749995 0.841187790625 0.5296610078125 0.859626471875 0.5303049
3 0.8390665171875 0.5359688921875 0.841169425 0.47574945 0.8209988906250001 0.4750450796875 0.8188959812500001 0.5352645218750001 0.8390665171875 0.5359688921875
3 0.8171913843749999 0.5294125328125 0.8189874921875001 0.47797871875000003 0.8036470828125 0.4774430203125 0.8018509734375 0.5288768328125 0.8171913843749999 0.5294125328125
3 0.8244655796875 0.25448355 0.831100059375 0.0644968953125 0.817213453125 0.064011965625 0.8105789718749999 0.25399861874999996 0.8244655796875 0.25448355
3 0.7339222015625 0.2318016171875 0.7396405703125 0.06804897343750001 0.720208853125 0.0673704015625 0.7144904859375 0.231123046875 0.7339222015625 0.2318016171875
3 0.657403040625 0.17400371406249998 0.661277028125 0.0630672375 0.6385404875 0.0622732609375 0.6346665015624999 0.1732097375 0.657403040625 0.17400371406249998
1 0.655544271875 0.21071838281250002 0.6567260640625 0.17687630625 0.6365237515625 0.1761708265625 0.635341959375 0.21001290312499998 0.655544271875 0.21071838281250002
1 0.6505531765625 0.3535307828125 0.6515697671875 0.3244194296875 0.631137071875 0.32370590312499997 0.6301204796875 0.3528172578125 0.6505531765625 0.3535307828125
1 0.6431005984375 0.49200771249999997 0.643960928125 0.46737109062500004 0.6266582796875 0.46676686875 0.62579795 0.49140349062500005 0.6431005984375 0.49200771249999997
3 0.6513338796875 0.29791964531250004 0.6543850828125 0.21054462499999999 0.634381378125 0.20984608124999998 0.631330175 0.2972211 0.6513338796875 0.29791964531250004
3 0.6476975671874999 0.43530470781249997 0.6505499578125 0.353622940625 0.63170611875 0.3529649 0.628853728125 0.43464666718749995 0.6476975671874999 0.43530470781249997
3 0.6428880203125 0.5731460328125 0.64576794375 0.49067581093749996 0.6255815203124999 0.489970884375 0.622701596875 0.5724411078125 0.6428880203125 0.5731460328125
0 0.5452580328125001 0.936640553125 0.5540043609375 0.68617846875 0.49439045937500004 0.6840967046875 0.48564413125000006 0.9345587906249999 0.5452580328125001 0.936640553125
4 0.10829462187500001 0.7554504578125 0.133405096875 0.036380565625 0.070915365625 0.034198374999999996 0.045804890625 0.7532682671875001 0.10829462187500001 0.7554504578125
0 0.1865059703125 0.4481874890625 0.2006796 0.0423078421875 0.179484253125 0.041567684375000004 0.1653106234375 0.44744733124999997 0.1865059703125 0.4481874890625
0 0.164558071875 0.44371489999999997 0.17872705312499998 0.037968368749999995 0.1541792171875 0.037111140625 0.1400102359375 0.44285767031249995 0.164558071875 0.44371489999999997
1 0.6359375 0.4703125 0.64375 0.4734375 0.64375 0.484375 0.6421875 0.4890625 0.6390625 0.490625 0.6296875 0.4875 0.6296875 0.471875 0.634375 0.4703125
1 0.578125 0.065625 0.590625 0.065625 0.590625 0.0828125 0.578125 0.0828125 0.578125 0.0671875
1 0.553125 0.39453125 0.0140625 0.01875
1 0.5296875 0.3859375 0.5421875 0.3859375 0.5421875 0.403125 0.5296875 0.403125 0.5296875 0.3875
1 0.5453125 0.11015625 0.015625 0.0203125
1 0.646875 0.33125 0.6484375 0.34375 0.646875 0.3484375 0.634375 0.346875 0.634375 0.33125 0.6359375 0.3296875 0.6453125 0.33125
1 0.640625 0.1859375 0.6546875 0.1890625 0.6515625 0.2046875 0.640625 0.2046875 0.6390625 0.203125 0.640625 0.1875
1 0.30546875 0.2375 0.015625 0.01875
1 0.2953125 0.3390625 0.309375 0.3390625 0.309375 0.353125 0.3078125 0.35625 0.3 0.3578125 0.2953125 0.353125 0.2953125 0.340625
1 0.5234375 0.11875 0.521875 0.103125 0.53125 0.1 0.534375 0.1015625 0.534375 0.11875 0.5296875 0.1203125 0.525 0.11875
1 0.5625 0.6953125 0.015625 0.01875
1 0.5640625 0.1109375 0.015625 0.0203125
1 0.56875 0.3578125 0.58125 0.3578125 0.5796875 0.375 0.56875 0.375 0.5671875 0.371875 0.56875 0.359375
1 0.51796875 0.39375 0.0140625 0.01875