0 0.09878575 0.2302790234375 0.0937862546875 0.13488297968750002 0.0754496765625 0.135843959375 0.080449171875 0.231240003125 0.09878575 0.2302790234375
3 0.2296577359375 0.3290982296875 0.219225178125 0.1300331796875 0.2027421171875 0.1308970203125 0.213174675 0.3299620703125 0.2296577359375 0.3290982296875
3 0.43321354687499997 0.3562456265625 0.42079337812500006 0.119254684375 0.40272158906250005 0.1202017859375 0.41514175781249996 0.35719272968750004 0.43321354687499997 0.3562456265625
3 0.5777838203125001 0.3218123609375 0.566779159375 0.1118309203125 0.5507500203125 0.112670971875 0.5617546812499999 0.3226524125 0.5777838203125001 0.3218123609375
3 0.747713621875 0.21460410468750002 0.74175206875 0.10085090000000001 0.7257323859375 0.10169045624999999 0.7316939390625 0.21544366093749998 0.747713621875 0.21460410468750002
3 0.1519456625 0.3970145703125 0.14126104687500002 0.19313994375000001 0.12548723906249998 0.1939666140625 0.13617185468749998 0.397841240625 0.1519456625 0.3970145703125
3 0.623349859375 0.3174117828125 0.615428915625 0.1662711609375 0.6015842796875 0.166996728125 0.6095052234375 0.31813735 0.623349859375 0.3174117828125
3 0.681417446875 0.35387739375 0.6714665609375 0.1640031609375 0.6566006 0.164782253125 0.6665514859375 0.3546564859375 0.681417446875 0.35387739375
3 0.8019462203125001 0.314684809375 0.793783478125 0.158930421875 0.77494569375 0.1599176671875 0.7831084359375 0.31567205625 0.8019462203125001 0.314684809375
3 0.8303101859375 0.3451968265625 0.8204753874999999 0.15753769374999999 0.8050325671874999 0.1583470171875 0.8148673656250001 0.34600615 0.8303101859375 0.3451968265625
3 0.8547081609375 0.2758776328125 0.84860550625 0.15943204375 0.82958804375 0.16042870625 0.8356906984375 0.27687429531249996 0.8547081609375 0.2758776328125
3 0.30157068125 0.3029703578125 0.2953557859375 0.18438310156249998 0.2784755421875 0.18526775625 0.2846904375 0.3038550140625 0.30157068125 0.3029703578125