0 0.8048243140625001 0.875239146875 0.7817142515625 0.9679285484375001 0.7995305703125 0.9723706562500001 0.822640634375 0.879681253125 0.8048243140625001 0.875239146875
3 0.7085627515625 0.7424746046874999 0.6603384671875 0.93589164375 0.676353859375 0.9398847296874999 0.72457814375 0.7464676906250001 0.7085627515625 0.7424746046874999
3 0.521838490625 0.6569994593749999 0.46442651250000005 0.88726633125 0.48198555625 0.8916442921875 0.5393975359375001 0.6613774203125 0.521838490625 0.6569994593749999
3 0.37351793906249997 0.6476598984375 0.3226491171875 0.8516836 0.338223465625 0.8555667218749999 0.38909228749999997 0.6515430203125 0.37351793906249997 0.6476598984375
3 0.1796686 0.7005009984375 0.15211144375000002 0.81102671875 0.1676766046875 0.8149075484375 0.1952337625 0.704381828125 0.1796686 0.7005009984375
3 0.8027359921875 0.7002466968750001 0.7533465703125 0.89833685 0.7686728328125 0.9021581171875 0.8180622546875 0.7040679625 0.8027359921875 0.7002466968750001
3 0.3286563140625 0.638545971875 0.292041909375 0.7853983265625 0.3054937359375 0.7887522437500001 0.342108140625 0.6418998890625 0.3286563140625 0.638545971875
3 0.2837875171875 0.586696415625 0.23778974375 0.7711834046875 0.25223391875 0.774784740625 0.298231690625 0.590297753125 0.2837875171875 0.586696415625
3 0.15706647499999998 0.5889372671875 0.11933436875 0.7402724843749999 0.1376376734375 0.7448360109375 0.17536978125 0.59350079375 0.15706647499999998 0.5889372671875
3 0.1388627296875 0.551465659375 0.093401575 0.733800396875 0.108406240625 0.7375414796875 0.153867396875 0.5552067421875 0.1388627296875 0.551465659375
3 0.09526385937500001 0.61062265625 0.0670544625 0.7237643703125001 0.0855323484375 0.728371425 0.1137417453125 0.6152297109375 0.09526385937500001 0.61062265625
3 0.632153009375 0.7464355015625 0.603424784375 0.86165811875 0.6198260906249999 0.865747425 0.648554315625 0.75052480625 0.632153009375 0.7464355015625