0 0.2096507359375 0.0950899625 0.114123775 0.0950899625 0.114123775 0.11345170468750002 0.2096507359375 0.11345170468750002 0.2096507359375 0.0950899625
3 0.3151838234375 0.22246685624999998 0.1158455875 0.22246685624999998 0.1158455875 0.23897253749999997 0.3151838234375 0.23897253749999997 0.3151838234375 0.22246685624999998
3 0.3529473046875 0.42273200781250003 0.11563112812500001 0.42273200781250003 0.11563112812500001 0.44082859843750005 0.3529473046875 0.44082859843750005 0.3529473046875 0.42273200781250003
3 0.3261274515625 0.5709517046875 0.11585784375 0.5709517046875 0.11585784375 0.5870028406250001 0.3261274515625 0.5870028406250001 0.3261274515625 0.5709517046875
3 0.22795955937499998 0.7462689390625 0.1140502453125 0.7462689390625 0.1140502453125 0.76231060625 0.22795955937499998 0.76231060625 0.22795955937499998 0.7462689390625
3 0.3789399515625 0.14201704531249998 0.1747855390625 0.14201704531249998 0.1747855390625 0.1578125 0.3789399515625 0.1578125 0.3789399515625 0.14201704531249998
3 0.324117646875 0.6188731062499999 0.1727696078125 0.6188731062499999 0.1727696078125 0.6327367421875 0.324117646875 0.6327367421875 0.324117646875 0.6188731062499999
3 0.3635723046875 0.673929925 0.1734375 0.673929925 0.1734375 0.6888162875 0.3635723046875 0.6888162875 0.3635723046875 0.673929925
3 0.330741421875 0.792367425 0.174773284375 0.792367425 0.174773284375 0.8112310609375 0.330741421875 0.8112310609375 0.330741421875 0.792367425
3 0.36269607812500004 0.822495265625 0.1747794125 0.822495265625 0.1747794125 0.8379592796875001 0.36269607812500004 0.8379592796875001 0.36269607812500004 0.822495265625
3 0.294748775 0.84690814375 0.1781433828125 0.84690814375 0.1781433828125 0.8659517046874999 0.294748775 0.8659517046874999 0.294748775 0.84690814375
3 0.2928553921875 0.29525094687500003 0.1741053921875 0.29525094687500003 0.1741053921875 0.31215435625 0.2928553921875 0.31215435625 0.2928553921875 0.29525094687500003