0 0.066742971875 0.5129713421875 0.016032478125 0.833144796875 0.06847872968749999 0.8414514656250001 0.1191892234375 0.5212780125 0.066742971875 0.5129713421875
0 0.8211028265625 0.14216553437499999 0.7269987125 0.736315525 0.74635123125 0.7393806640625 0.8404553453125001 0.145230671875 0.8211028265625 0.14216553437499999
0 0.7935024265624999 0.135900725 0.698926659375 0.7330286265625 0.7205076484374999 0.73644671875 0.8150834171874999 0.1393188171875 0.7935024265624999 0.135900725
0 0.7683911343750001 0.1286828828125 0.6716963781249999 0.7391895515625 0.6964379703125 0.743108234375 0.793132728125 0.132601565625 0.7683911343750001 0.1286828828125
3 0.59086446875 0.5342066515624999 0.529910353125 0.9190557890625 0.547299840625 0.9218100124999999 0.60825395625 0.5369608765625 0.59086446875 0.5342066515624999
3 0.7744514578125 0.6515770203125 0.726703675 0.953044653125 0.7446981218750001 0.95589469375 0.7924459046875 0.6544270609375 0.7744514578125 0.6515770203125
3 0.7124535843750001 0.8515821906250001 0.6974090421875 0.9465696890625 0.7143849359375001 0.94925840625 0.7294294781249999 0.8542709078125 0.7124535843750001 0.8515821906250001
3 0.6336696828124999 0.848275315625 0.6201728875 0.9334907250000001 0.6365808609375 0.9360894921874999 0.6500776546875 0.8508740828124999 0.6336696828124999 0.848275315625
3 0.6155874015625 0.7914042718750001 0.5938774515625 0.928475503125 0.6085816609375 0.9308044203125 0.6302916109375001 0.793733190625 0.6155874015625 0.7914042718750001
3 0.5780401765625001 0.84596358125 0.56554755 0.924838921875 0.5814987171875 0.9273653375 0.59399134375 0.8484899968749999 0.5780401765625001 0.84596358125
3 0.46885788437500003 0.768039271875 0.44712856875 0.9052327625000001 0.462085875 0.9076017671875001 0.48381518906250004 0.7704082765625 0.46885788437500003 0.768039271875
3 0.44959588437500003 0.726906890625 0.42198264218750003 0.9012500390625 0.4351312421875 0.9033325734375 0.46274448437500004 0.728989425 0.44959588437500003 0.726906890625
3 0.40822316406250003 0.8197027953125 0.39556732499999997 0.8996086156249999 0.4095369421875 0.9018211859375 0.42219278125 0.821915365625 0.40822316406250003 0.8197027953125
3 0.29468026406250003 0.7413832499999999 0.273094796875 0.877668521875 0.2897990765625 0.88031421875 0.3113845421875 0.7440289484375 0.29468026406250003 0.7413832499999999
3 0.4219458546875 0.4722490421875 0.3551368578125 0.8940644453125 0.375415334375 0.897276240625 0.44222433125 0.4754608375 0.4219458546875 0.4722490421875
3 0.2277976 0.5932971328125001 0.18457410624999998 0.8661995265625 0.20443898906250002 0.8693458140624999 0.24766248124999998 0.5964434203125 0.2277976 0.5932971328125001
3 0.18101950625000002 0.6870004437499999 0.1532873140625 0.8620946187499999 0.166213684375 0.8641419546875 0.193945878125 0.68904778125 0.18101950625000002 0.6870004437499999
3 0.1437493984375 0.750237796875 0.12709486718750002 0.8553903625 0.141996615625 0.85775056875 0.1586511453125 0.7525980015625 0.1437493984375 0.750237796875
3 0.12743560468749998 0.6826404359375 0.1009980421875 0.8495606390624999 0.11588744375 0.8519188874999999 0.14232500625 0.6849986859375 0.12743560468749998 0.6826404359375
3 0.035104646875 0.5769082156249999 0.0045688046875 0.76970393125 0.018464345312499998 0.77190476875 0.0490001859375 0.5791090515625 0.035104646875 0.5769082156249999
0 0.14817345937499998 0.036514996875 0.1436295109375 0.049223224999999995 0.1252796515625 0.16507967968749998 0.1173060359375 0.19544669374999998 0.11936031093749999 0.19845764375 0.1161995140625 0.2024329953125 0.095910775 0.35050746718750003 0.09782673593749999 0.3543917046875 0.1422727109375 0.3614312546875 0.1455718234375 0.356582615625 0.15338151718749998 0.311269428125 0.19467371093750002 0.046565496875 0.19214044531250002 0.0425834875 0.14817345937499998 0.036514996875
3 0.09791056406250001 0.1613696875 0.0889491234375 0.21794999375000002 0.1090115421875 0.22112756875 0.11797298281249999 0.1645472625 0.09791056406250001 0.1613696875