0 0.419412025 0.8727937499999999 0.09524756875 0.8727937499999999 0.09524756875 0.92589375 0.419412025 0.92589375 0.419412025 0.8727937499999999
0 0.903660478125 0.219234375 0.30210433281250004 0.219234375 0.30210433281250004 0.238828125 0.903660478125 0.238828125 0.903660478125 0.219234375
0 0.9055305046875001 0.24521874999999999 0.300959328125 0.24521874999999999 0.300959328125 0.26706875 0.9055305046875001 0.26706875 0.9055305046875001 0.24521874999999999
0 0.9087312109375001 0.26795 0.2906145 0.26795 0.2906145 0.29300000000000004 0.9087312109375001 0.29300000000000004 0.9087312109375001 0.26795
3 0.4804288234375 0.387296875 0.09078249375 0.387296875 0.09078249375 0.404903125 0.4804288234375 0.404903125 0.4804288234375 0.387296875
3 0.3932228109375 0.186996875 0.08799734687500001 0.186996875 0.08799734687500001 0.20521562499999998 0.3932228109375 0.20521562499999998 0.3932228109375 0.186996875
3 0.18598143281249999 0.21797499999999997 0.089809903125 0.21797499999999997 0.089809903125 0.2351625 0.18598143281249999 0.2351625 0.18598143281249999 0.21797499999999997
3 0.1769230765625 0.29688125 0.09064544687500001 0.29688125 0.09064544687500001 0.31349375 0.1769230765625 0.31349375 0.1769230765625 0.29688125
3 0.23026525156250002 0.3253625 0.0914854109375 0.3253625 0.0914854109375 0.34025 0.23026525156250002 0.34025 0.23026525156250002 0.3253625
3 0.170503978125 0.35265 0.09064544687500001 0.35265 0.09064544687500001 0.3688 0.170503978125 0.3688 0.170503978125 0.35265
3 0.2303890359375 0.47368437500000005 0.0914854109375 0.47368437500000005 0.0914854109375 0.48882812500000006 0.2303890359375 0.48882812500000006 0.2303890359375 0.47368437500000005
3 0.26800176875 0.5009750000000001 0.0914854109375 0.5009750000000001 0.0914854109375 0.5142875 0.26800176875 0.5142875 0.26800176875 0.5009750000000001
3 0.169876215625 0.526490625 0.088974359375 0.526490625 0.088974359375 0.540634375 0.169876215625 0.540634375 0.169876215625 0.526490625
3 0.2294694953125 0.64811875 0.0914854109375 0.64811875 0.0914854109375 0.66503125 0.2294694953125 0.66503125 0.2294694953125 0.64811875
3 0.5151989390625 0.5609031250000001 0.088125553125 0.5609031250000001 0.088125553125 0.581434375 0.5151989390625 0.581434375 0.5151989390625 0.5609031250000001
3 0.3652696734375 0.73414375 0.0889655171875 0.73414375 0.0889655171875 0.75425625 0.3652696734375 0.75425625 0.3652696734375 0.73414375
3 0.2654022984375 0.7727125 0.088125553125 0.7727125 0.088125553125 0.7857999999999999 0.2654022984375 0.7857999999999999 0.2654022984375 0.7727125
3 0.1971131734375 0.79763125 0.0906498671875 0.79763125 0.0906498671875 0.8127187499999999 0.1971131734375 0.8127187499999999 0.1971131734375 0.79763125
3 0.261326259375 0.82433125 0.092325375 0.82433125 0.092325375 0.83940625 0.261326259375 0.83940625 0.261326259375 0.82433125
3 0.351312996875 0.9330718750000001 0.1561140578125 0.9330718750000001 0.1561140578125 0.947140625 0.351312996875 0.947140625 0.351312996875 0.9330718750000001
0 0.7382847031249999 0.923125 0.7409372234375 0.9256249999999999 0.77217771875 0.9225 0.8894783374999999 0.9225 0.9027409375 0.9199999999999999 0.9036251109375 0.875625 0.9000884171875001 0.8724999999999999 0.6321839078125 0.871875 0.586206896875 0.8724999999999999 0.58090185625 0.875 0.58090185625 0.9199999999999999 0.58443855 0.9225 0.7338638375000001 0.9256249999999999 0.7382847031249999 0.923125
3 0.771560565625 0.9298 0.714274978125 0.9298 0.714274978125 0.9501125 0.771560565625 0.9501125 0.771560565625 0.9298