0 0.3376171421875 0.8451107203125 0.021761 0.772189584375 0.0098161 0.8239286343750001 0.3256722421875 0.8968497703124999 0.3376171421875 0.8451107203125
0 0.9564732093750001 0.31723422968750004 0.370334909375 0.181913540625 0.365927275 0.20100510468750002 0.952065575 0.33632579375 0.9564732093750001 0.31723422968750004
0 0.9524500953124999 0.3429732921875 0.3633740390625 0.2069743671875 0.3584588578125 0.228264353125 0.9475349140624999 0.36426327812500003 0.9524500953124999 0.3429732921875
0 0.9504553484375 0.36584194375 0.3481809296875 0.22679593750000002 0.3425459046875 0.2512039078125 0.944820325 0.3902499140625 0.9504553484375 0.36584194375
3 0.50628311875 0.3857828921875 0.12662339843749998 0.2981315390625 0.1226628546875 0.3152865421875 0.5023225734375 0.40293789531249996 0.50628311875 0.3857828921875
3 0.46636988593749995 0.1709994828125 0.16896733125000002 0.10233869375 0.16486900468750001 0.1200904984375 0.462271559375 0.1887512875 0.46636988593749995 0.1709994828125
3 0.2574715296875 0.15456447499999998 0.1637648703125 0.1329305875 0.1598985234375 0.14967757343750002 0.2536051828125 0.1713114609375 0.2574715296875 0.15456447499999998
3 0.23089529375 0.2294106765625 0.14682895468749999 0.2100024328125 0.1430919546875 0.22618915468749998 0.22715829531249998 0.2455973984375 0.23089529375 0.2294106765625
3 0.276463425 0.26916133124999997 0.141240503125 0.2379426609375 0.13789154374999998 0.2524485953125 0.2731144671875 0.283667265625 0.276463425 0.26916133124999997
3 0.21209547812500001 0.28230609375000004 0.13428371562500002 0.2643418328125 0.13065075625 0.280077909375 0.20846251875 0.2980421703125 0.21209547812500001 0.28230609375000004
3 0.243218875 0.413709571875 0.107875340625 0.38246305468749997 0.10446873906250001 0.39721867187500004 0.23981227187499998 0.4284651890625 0.243218875 0.413709571875
3 0.27372854062499996 0.4487617640625 0.10173628593749999 0.40905422343750003 0.098741625 0.422025525 0.27073387968749996 0.461733065625 0.27372854062499996 0.4487617640625
3 0.1723781734375 0.451549978125 0.09354982656250001 0.4333510203125 0.090368175 0.4471322671875 0.169196521875 0.465331225 0.1723781734375 0.451549978125
3 0.20308370625 0.5834663531250001 0.06863614375 0.5524266890625 0.06483165937499999 0.568905721875 0.1992792203125 0.5999453875 0.20308370625 0.5834663531250001
3 0.50110916875 0.5627612 0.08498164687500001 0.466690590625 0.08036312031250001 0.48669562656250004 0.4964906421875 0.582766234375 0.50110916875 0.5627612
3 0.31605192031249996 0.69783493125 0.046829420312499995 0.6356800203125 0.0423050921875 0.6552770390625 0.3115275921875 0.71743195 0.31605192031249996 0.69783493125
3 0.2100680578125 0.7129498953125 0.037334904687499997 0.6730713046875 0.034390857812499995 0.6858233734375 0.20712401093750002 0.7257019640625 0.2100680578125 0.7129498953125
3 0.1379236796875 0.72186826875 0.0341890203125 0.6979192359375 0.030795071875000003 0.7126200453125 0.13452973125 0.7365690781249999 0.1379236796875 0.72186826875
3 0.19448479531250001 0.7623287515625 0.0298153921875 0.724311825 0.0264242546875 0.739000453125 0.1910936578125 0.7770173796875001 0.19448479531250001 0.7623287515625
3 0.25770386093750003 0.8885249734375 0.0675078578125 0.844614765625 0.0643430765625 0.8583229343750001 0.2545390796875 0.9022331421875001 0.25770386093750003 0.8885249734375
0 0.5002031515625001 0.88234518125 0.4944717015625 0.8835877328124999 0.48434890468749997 0.9274343843749999 0.487232575 0.93066589375 0.6321251296875 0.9673241750000001 0.6369950671875 0.965882728125 0.639017225 0.968915340625 0.6701600015625 0.9728980171874999 0.7844542125 0.9992849156249999 0.7979392703125 0.9998324249999999 0.8087829859375001 0.95679365 0.806039909375 0.9529531609375 0.54514236875 0.8920787765625 0.5002031515625001 0.88234518125
3 0.6679165234375 0.9798720890625001 0.6120991609375 0.9669856359375 0.6075298421875 0.986777528125 0.6633472046875 0.99966398125 0.6679165234375 0.9798720890625001