3 0.4582611609375 0.19081837343750002 0.43539858750000004 0.1884154203125 0.4330166609375 0.2026192515625 0.43715198906249997 0.20556766249999997 0.4556179125 0.20750850937499998 0.4582611609375 0.19081837343750002
3 0.34218438125 0.195586165625 0.3555049859375 0.19572933125 0.35870091249999997 0.1822394984375 0.34847560781250003 0.17802256249999998 0.33691366093749997 0.1780642375 0.33293903125 0.1820455859375 0.3336524046875 0.192175646875 0.34218438125 0.195586165625
3 0.4146813984375 0.199435253125 0.4219773578125 0.19768831874999998 0.4226306609375 0.19147255624999998 0.39550209999999997 0.18736434375 0.381236834375 0.1877503328125 0.37895553125000003 0.1925381 0.38309085781249996 0.1954865109375 0.4146813984375 0.199435253125
3 0.3127444828125 0.18809280781249998 0.32538174999999997 0.18627882499999998 0.325221053125 0.179349065625 0.271647271875 0.1730897921875 0.259889334375 0.174996196875 0.2567940328125 0.179069965625 0.2599193703125 0.1831691078125 0.3127444828125 0.18809280781249998
3 0.7947539453125 0.4641732890625 0.8749400218750001 0.4726011859375 0.8765869984375 0.45693124999999996 0.796400921875 0.448503353125 0.7947539453125 0.4641732890625
3 0.7922305203125 0.49304581093750005 0.8712646749999999 0.5013526359375 0.8725477625 0.48914487968750003 0.7935136078125 0.4808380546875 0.7922305203125 0.49304581093750005
3 0.619146825 0.446017890625 0.697398375 0.45424245937499996 0.6988376015625 0.44054913593749995 0.6205860515625 0.4323245671875 0.619146825 0.446017890625
3 0.6069681234375001 0.474639159375 0.6949362671875 0.48388498437500005 0.69637810625 0.47016679687499996 0.6084099625 0.4609209734375 0.6069681234375001 0.474639159375
3 0.760987865625 0.5404302671875 0.8672812406249999 0.55160215 0.8708214890624999 0.5179189375 0.7645281140625 0.506747053125 0.760987865625 0.5404302671875
3 0.8578572390625 0.3426316875 0.9255568328124999 0.3497472015625 0.9268281609375 0.337651328125 0.8591285671875 0.3305358140625 0.8578572390625 0.3426316875
0 0.1421875 0.2140625 0.1578125 0.2171875 0.171875 0.2171875 0.1875 0.2203125 0.2015625 0.2203125 0.2171875 0.2234375 0.23125 0.2234375 0.246875 0.2265625 0.2609375 0.2265625 0.2765625 0.2296875 0.509375 0.253125 0.5125 0.25625 0.5125 0.2609375 0.5109375 0.2765625 0.5078125 0.2828125 0.48125 0.2796875 0.46875 0.28125 0.4375 0.275 0.4171875 0.275 0.4078125 0.271875 0.378125 0.2703125 0.346875 0.265625 0.334375 0.2671875 0.33125 0.2640625 0.303125 0.2609375 0.2953125 0.2625 0.2875 0.259375 0.2734375 0.2578125 0.2609375 0.259375 0.2578125 0.25625 0.2453125 0.2578125 0.2140625 0.253125 0.2 0.253125 0.184375 0.2484375 0.1265625 0.24375 0.121875 0.2421875 0.1234375 0.215625 0.140625 0.2140625
0 0.1078125 0.334375 0.1203125 0.3328125 0.240625 0.346875 0.2734375 0.3484375 0.290625 0.353125 0.2984375 0.3515625 0.3296875 0.35625 0.340625 0.3546875 0.3453125 0.3578125 0.3734375 0.359375 0.3890625 0.3625 0.4171875 0.3625 0.4203125 0.365625 0.4484375 0.3703125 0.4921875 0.371875 0.5078125 0.375 0.5359375 0.3765625 0.5390625 0.3796875 0.553125 0.38125 0.5578125 0.3796875 0.58125 0.38125 0.5859375 0.384375 0.596875 0.3859375 0.6109375 0.384375 0.621875 0.3859375 0.6265625 0.3890625 0.640625 0.3875 0.671875 0.39375 0.6734375 0.3921875 0.6875 0.39375 0.6953125 0.3921875 0.7015625 0.3953125 0.715625 0.3953125 0.73125 0.3984375 0.7453125 0.396875 0.7609375 0.403125 0.775 0.4015625 0.8203125 0.4078125 0.89375 0.4140625 0.9078125 0.415625 0.915625 0.4203125 0.9140625 0.4453125 0.8921875 0.446875 0.8765625 0.44375 0.8625 0.44375 0.859375 0.440625 0.846875 0.4390625 0.8328125 0.4390625 0.8171875 0.4359375 0.803125 0.4375 0.7890625 0.4359375 0.7875 0.4328125 0.771875 0.43125 0.7625 0.4328125 0.7578125 0.4296875 0.7421875 0.428125 0.7390625 0.4296875 0.7171875 0.4265625 0.7140625 0.428125 0.70625 0.425 0.684375 0.425 0.66875 0.421875 0.5953125 0.415625 0.5921875 0.4125 0.5796875 0.4109375 0.5640625 0.409375 0.5515625 0.4109375 0.534375 0.40625 0.521875 0.4078125 0.5078125 0.40625 0.5046875 0.403125 0.4921875 0.4046875 0.4609375 0.4015625 0.41875 0.396875 0.415625 0.39375 0.4015625 0.3953125 0.3703125 0.3890625 0.3625 0.390625 0.3421875 0.3890625 0.3265625 0.384375 0.3171875 0.3859375 0.3109375 0.3828125 0.296875 0.38125 0.2828125 0.3828125 0.2578125 0.3796875 0.2515625 0.3765625 0.2140625 0.375 0.2078125 0.371875 0.19375 0.3734375 0.178125 0.36875 0.15 0.36875 0.14375 0.365625 0.134375 0.3671875 0.1234375 0.3640625 0.1203125 0.365625 0.115625 0.3625 0.10625 0.3609375 0.1078125 0.3359375
0 0.5421875 0.25625 0.70625 0.2734375 0.7109375 0.2765625 0.721875 0.275 0.7375 0.278125 0.9140625 0.2953125 0.9234375 0.2984375 0.9234375 0.3125 0.9203125 0.3265625 0.8234375 0.315625 0.809375 0.3171875 0.79375 0.3125 0.778125 0.3109375 0.765625 0.3125 0.759375 0.309375 0.7515625 0.3109375 0.7484375 0.3078125 0.7359375 0.309375 0.7328125 0.30625 0.7203125 0.3078125 0.7171875 0.3046875 0.70625 0.30625 0.68125 0.303125 0.6734375 0.3 0.671875 0.3015625 0.646875 0.3 0.63125 0.2984375 0.615625 0.29375 0.5421875 0.2875 0.534375 0.2859375 0.5328125 0.2828125 0.534375 0.2640625 0.5359375 0.259375 0.540625 0.25625
0 0.075 0.6484375 0.0890625 0.646875 0.134375 0.653125 0.1640625 0.6546875 0.1796875 0.6578125 0.2671875 0.665625 0.275 0.66875 0.2828125 0.6671875 0.2875 0.6703125 0.2921875 0.66875 0.3046875 0.671875 0.3125 0.6703125 0.315625 0.6734375 0.3265625 0.671875 0.35625 0.675 0.3609375 0.678125 0.3640625 0.6765625 0.3859375 0.678125 0.3890625 0.68125 0.4015625 0.6796875 0.4125 0.6828125 0.415625 0.68125 0.4453125 0.684375 0.453125 0.6875 0.4765625 0.690625 0.490625 0.6890625 0.50625 0.6921875 0.6234375 0.703125 0.6328125 0.70625 0.6375 0.7046875 0.640625 0.7078125 0.6421875 0.70625 0.6453125 0.7078125 0.665625 0.70625 0.6734375 0.709375 0.7734375 0.71875 0.7890625 0.721875 0.8015625 0.7203125 0.8046875 0.7234375 0.8765625 0.7296875 0.8828125 0.7328125 0.884375 0.74375 0.88125 0.746875 0.88125 0.7578125 0.878125 0.7609375 0.875 0.759375 0.8640625 0.7609375 0.859375 0.7578125 0.8484375 0.759375 0.8453125 0.75625 0.8390625 0.7578125 0.8203125 0.75625 0.815625 0.753125 0.8 0.7515625 0.7875 0.753125 0.78125 0.75 0.75625 0.746875 0.7421875 0.7484375 0.7265625 0.7453125 0.7125 0.7453125 0.7109375 0.7421875 0.6984375 0.74375 0.6671875 0.7375 0.6515625 0.7359375 0.64375 0.7375 0.59375 0.7328125 0.578125 0.728125 0.5640625 0.7296875 0.5078125 0.7234375 0.503125 0.7203125 0.4890625 0.721875 0.4734375 0.7171875 0.440625 0.7140625 0.4359375 0.715625 0.428125 0.7125 0.4265625 0.7140625 0.4 0.7125 0.3765625 0.709375 0.36875 0.70625 0.35625 0.7078125 0.35 0.7046875 0.3359375 0.703125 0.328125 0.7046875 0.325 0.7015625 0.315625 0.703125 0.2953125 0.696875 0.29375 0.6984375 0.28125 0.6984375 0.2765625 0.6953125 0.253125 0.696875 0.25 0.69375 0.2359375 0.6921875 0.2203125 0.690625 0.2078125 0.6921875 0.178125 0.6890625 0.175 0.6859375 0.165625 0.6875 0.1578125 0.684375 0.1484375 0.6859375 0.14375 0.6828125 0.1359375 0.684375 0.13125 0.68125 0.11875 0.6828125 0.0890625 0.6796875 0.071875 0.6734375 0.075 0.65
0 0.096875 0.4828125 0.440625 0.5203125 0.4546875 0.5203125 0.4703125 0.5234375 0.484375 0.5234375 0.5 0.5265625 0.5140625 0.5265625 0.5421875 0.53125 0.5578125 0.53125 0.871875 0.565625 0.8859375 0.565625 0.9 0.56875 0.8984375 0.5953125 0.8703125 0.596875 0.8546875 0.59375 0.840625 0.59375 0.8234375 0.5890625 0.8109375 0.590625 0.7796875 0.5859375 0.765625 0.5859375 0.7546875 0.584375 0.75 0.58125 0.7359375 0.5828125 0.7296875 0.5796875 0.728125 0.58125 0.70625 0.5796875 0.703125 0.5765625 0.690625 0.575 0.675 0.5734375 0.6625 0.575 0.621875 0.56875 0.6171875 0.5703125 0.6125 0.5671875 0.603125 0.56875 0.5859375 0.5640625 0.5734375 0.565625 0.5609375 0.5640625 0.55625 0.5609375 0.5171875 0.559375 0.515625 0.5578125 0.5125 0.559375 0.4984375 0.5578125 0.4953125 0.5546875 0.4921875 0.55625 0.4671875 0.553125 0.4640625 0.5546875 0.4515625 0.55 0.4375 0.5484375 0.421875 0.546875 0.409375 0.5484375 0.378125 0.5421875 0.3640625 0.5421875 0.3484375 0.5390625 0.334375 0.540625 0.31875 0.5359375 0.3125 0.5375 0.303125 0.534375 0.2734375 0.53125 0.2640625 0.5328125 0.259375 0.5296875 0.25 0.53125 0.24375 0.528125 0.23125 0.5296875 0.1703125 0.521875 0.15625 0.521875 0.140625 0.5171875 0.1390625 0.51875 0.1125 0.5171875 0.1109375 0.5140625 0.1015625 0.515625 0.0890625 0.5109375 0.0921875 0.4859375 0.0953125 0.484375
0 0.1484375 0.084375 0.1640625 0.0875 0.178125 0.0875 0.19375 0.090625 0.2234375 0.0921875 0.2390625 0.0953125 0.534375 0.125 0.540625 0.128125 0.55 0.1265625 0.625 0.1359375 0.9359375 0.1671875 0.9421875 0.1703125 0.9390625 0.196875 0.9203125 0.196875 0.8453125 0.1875 0.83125 0.1890625 0.828125 0.1859375 0.815625 0.184375 0.8015625 0.1859375 0.7609375 0.18125 0.75625 0.178125 0.728125 0.178125 0.725 0.175 0.7125 0.1765625 0.684375 0.1734375 0.68125 0.1703125 0.671875 0.171875 0.653125 0.1703125 0.6484375 0.1671875 0.6375 0.165625 0.621875 0.1640625 0.6078125 0.165625 0.5921875 0.1625 0.578125 0.1625 0.5625 0.1578125 0.5484375 0.159375 0.5328125 0.1546875 0.51875 0.15625 0.503125 0.1515625 0.4703125 0.1484375 0.459375 0.15 0.4359375 0.146875 0.428125 0.14375 0.4140625 0.1421875 0.4 0.14375 0.3734375 0.140625 0.36875 0.1375 0.35625 0.1390625 0.3515625 0.1359375 0.3390625 0.134375 0.3265625 0.1359375 0.3203125 0.1328125 0.3109375 0.134375 0.2859375 0.1296875 0.275 0.1296875 0.265625 0.1265625 0.259375 0.128125 0.25 0.125 0.246875 0.1265625 0.221875 0.125 0.2078125 0.1234375 0.203125 0.1203125 0.1828125 0.1203125 0.1765625 0.1171875 0.16875 0.11875 0.1609375 0.115625 0.1484375 0.1171875 0.146875 0.1140625 0.14375 0.115625 0.1359375 0.1140625 0.13125 0.109375 0.134375 0.0875 0.1390625 0.084375 0.146875 0.084375
3 0.321192290625 0.7499852 0.45289829375 0.763828059375 0.4544962734375 0.7486243046875 0.32279027031249996 0.734781446875 0.321192290625 0.7499852
3 0.2796049671875 0.6071399953125 0.3166511296875 0.611033703125 0.3180785953125 0.5974522640625 0.28103243437500003 0.5935585546875 0.2796049671875 0.6071399953125
3 0.133601575 0.5911974 0.16305032656250001 0.5942925875 0.16452744375 0.58023875 0.1350786921875 0.5771435625 0.133601575 0.5911974
3 0.12521384687499998 0.7292393515625 0.1874000421875 0.735775384375 0.1890953625 0.7196454812499999 0.1269091671875 0.7131094499999999 0.12521384687499998 0.7292393515625
3 0.5519185906249999 0.7717500203125 0.6420938515625 0.7812278218750001 0.6434337765625 0.7684792953125 0.553258515625 0.75900149375 0.5519185906249999 0.7717500203125
3 0.7745919203125 0.376315740625 0.9193999343750001 0.3915356765625 0.9208156421875 0.37806612031250003 0.776007628125 0.3628461859375 0.7745919203125 0.376315740625
3 0.3645646265625 0.313006278125 0.5059168765625001 0.327862996875 0.5073763546875 0.3139769859375 0.3660241046875 0.299120265625 0.3645646265625 0.313006278125
3 0.3614873453125 0.33302238906250003 0.5033232265625001 0.347929940625 0.50468144375 0.335007371875 0.3628455609375 0.3200998203125 0.3614873453125 0.33302238906250003
1 0.4484375 0.1890625 0.45625 0.190625 0.4578125 0.19375 0.45625 0.20625 0.453125 0.2078125 0.4421875 0.2078125 0.43125 0.203125 0.43125 0.19375 0.434375 0.1890625 0.44375 0.190625 0.446875 0.1890625
1 0.3375 0.178125 0.35625 0.18125 0.3578125 0.1921875 0.3546875 0.196875 0.3390625 0.196875 0.3359375 0.19375 0.33125 0.19375 0.3328125 0.1921875 0.33125 0.18125 0.3359375 0.178125
1 0.21875 0.1640625 0.225 0.1671875 0.23125 0.1671875 0.2328125 0.171875 0.2296875 0.1828125 0.225 0.184375 0.2109375 0.1828125 0.2046875 0.1796875 0.20625 0.1671875 0.2171875 0.1640625
1 0.8828125 0.4734375 0.8828125 0.4609375 0.8875 0.4578125 0.90625 0.459375 0.909375 0.4625 0.9078125 0.475 0.90625 0.4765625 0.9046875 0.475 0.890625 0.4765625 0.884375 0.4734375
1 0.9015625 0.4890625 0.90625 0.4921875 0.903125 0.50625 0.8890625 0.50625 0.8796875 0.503125 0.88125 0.4890625 0.884375 0.4875 0.9 0.4890625
1 0.9 0.5265625 0.903125 0.5328125 0.9 0.54375 0.8765625 0.5421875 0.875 0.5375 0.8765625 0.528125 0.8796875 0.525 0.8984375 0.5265625
1 0.7125 0.4375 0.728125 0.440625 0.7328125 0.4453125 0.73125 0.45625 0.7296875 0.4578125 0.7140625 0.4578125 0.7109375 0.4546875 0.70625 0.4546875 0.7046875 0.453125 0.70625 0.440625 0.7109375 0.4390625
1 0.703125 0.4703125 0.70625 0.46875 0.725 0.4703125 0.7296875 0.475 0.7296875 0.4828125 0.7265625 0.4875 0.7109375 0.4875 0.7015625 0.484375 0.703125 0.471875
1 0.709375 0.50625 0.721875 0.5078125 0.725 0.5109375 0.7234375 0.525 0.7 0.5234375 0.6984375 0.5109375 0.703125 0.50625 0.7078125 0.50625
1 0.5203125 0.4203125 0.53125 0.41875 0.5359375 0.421875 0.5453125 0.4234375 0.54375 0.4375 0.534375 0.4390625 0.51875 0.434375 0.5203125 0.421875
1 0.540625 0.453125 0.5421875 0.4578125 0.5390625 0.46875 0.51875 0.4671875 0.515625 0.4625 0.51875 0.45 0.5328125 0.45 0.5390625 0.453125
1 0.4421875 0.478125 0.4515625 0.4796875 0.453125 0.4828125 0.4515625 0.496875 0.428125 0.4953125 0.4296875 0.4796875 0.440625 0.478125
1 0.2671875 0.3921875 0.2765625 0.3953125 0.2734375 0.409375 0.2515625 0.4078125 0.2484375 0.4015625 0.2515625 0.3921875 0.265625 0.3921875
1 0.265625 0.421875 0.275 0.4265625 0.2703125 0.440625 0.25 0.4390625 0.246875 0.4328125 0.25 0.421875 0.2640625 0.421875
1 0.325 0.5984375 0.3296875 0.596875 0.3453125 0.5984375 0.3515625 0.6046875 0.3484375 0.615625 0.3453125 0.6171875 0.33125 0.615625 0.3234375 0.6125 0.325 0.6
1 0.1828125 0.5796875 0.1953125 0.584375 0.1921875 0.6 0.1734375 0.5984375 0.16875 0.5953125 0.16875 0.5890625 0.171875 0.5828125 0.1765625 0.5796875 0.18125 0.5796875
1 0.8734375 0.790625 0.878125 0.79375 0.878125 0.8046875 0.875 0.809375 0.85 0.8046875 0.853125 0.7890625 0.8703125 0.7890625 0.871875 0.790625
1 0.8703125 0.8140625 0.875 0.8171875 0.875 0.828125 0.871875 0.8328125 0.85 0.8296875 0.8484375 0.8265625 0.8484375 0.81875 0.8515625 0.8171875 0.853125 0.8125 0.86875 0.8140625
1 0.6484375 0.76875 0.6609375 0.7671875 0.671875 0.7703125 0.675 0.7734375 0.675 0.778125 0.6703125 0.7875 0.6515625 0.7859375 0.6484375 0.78125 0.65 0.7703125
1 0.475 0.7578125 0.028125 0.0234375
1 0.4703125 0.771875 0.484375 0.775 0.4859375 0.7828125 0.4828125 0.790625 0.4578125 0.7875 0.459375 0.775 0.4640625 0.771875 0.46875 0.771875
1 0.2046875 0.7203125 0.215625 0.721875 0.21875 0.725 0.21875 0.7359375 0.215625 0.7390625 0.1953125 0.7375 0.1921875 0.734375 0.19375 0.721875 0.203125 0.7203125