3 0.1895500546875 0.53092313125 0.1863506734375 0.5536879140625001 0.2004627234375 0.5565640968750001 0.20355365937499997 0.5525341859374999 0.20613777500000002 0.5341472453125 0.1895500546875 0.53092313125
3 0.1902639203125 0.6470955921875 0.19087188125000001 0.6337880984375001 0.1775018015625 0.6301233296875 0.1729305765625 0.6401952375 0.172568721875 0.6517515953124999 0.17640893124999998 0.6558627515625 0.18655771875 0.655503346875 0.1902639203125 0.6470955921875
3 0.196640771875 0.5747770703125 0.1951495265625 0.5674245875 0.1889603515625 0.56655475625 0.18390786875 0.5935234171875 0.183795771875 0.6077934625 0.18850100625 0.610240465625 0.1915919421875 0.60621055625 0.196640771875 0.5747770703125
3 0.181747690625 0.6762560421875 0.180375846875 0.6635631671875 0.1734447 0.6634819203125 0.1653195421875 0.7168046203125 0.1668144390625 0.728621928125 0.1707777015625 0.731857515625 0.1749834203125 0.7288771406250001 0.181747690625 0.6762560421875
3 0.47448187812500003 0.204175278125 0.48570309375000004 0.1243321765625 0.47010018281250004 0.12213933125000001 0.45887896718750004 0.20198243124999998 0.47448187812500003 0.204175278125
3 0.5032487453125001 0.2077048 0.5143087625 0.1290086953125 0.502153221875 0.1273003453125 0.49109320468749995 0.2059964515625 0.5032487453125001 0.2077048
3 0.4502089390625 0.3790418078125 0.4611594375 0.301124959375 0.447524684375 0.2992087203125 0.43657418437500006 0.3771255671875 0.4502089390625 0.3790418078125
3 0.4783877421875 0.39221195781249996 0.49069797812499993 0.3046200765625 0.4770384671875 0.3027003578125 0.46472823124999996 0.3902922390625 0.4783877421875 0.39221195781249996
3 0.5495139828125 0.2405821171875 0.564388646875 0.1347433859375 0.5308495046874999 0.13002976718749998 0.515974840625 0.235868496875 0.5495139828125 0.2405821171875
3 0.3552165890625 0.1368686828125 0.36469045 0.0694586578125 0.35264631562500004 0.06776596562500001 0.3431724546875 0.1351759890625 0.3552165890625 0.1368686828125
0 0.259375 0.4796875 0.28125 0.4828125 0.2828125 0.4890625 0.278125 0.5140625 0.2796875 0.5234375 0.275 0.5359375 0.2703125 0.56875 0.271875 0.575 0.26875 0.5796875 0.26875 0.590625 0.259375 0.646875 0.2609375 0.65625 0.25625 0.66875 0.253125 0.6921875 0.2546875 0.696875 0.2515625 0.703125 0.2484375 0.725 0.25 0.73125 0.246875 0.7359375 0.2484375 0.7453125 0.24375 0.76875 0.2421875 0.790625 0.2375 0.803125 0.2296875 0.8671875 0.225 0.8703125 0.203125 0.8671875 0.2 0.8640625 0.2 0.85625 0.2515625 0.4890625 0.253125 0.4828125 0.2578125 0.4796875
0 0.4328125 0.0828125 0.459375 0.0859375 0.4578125 0.0890625 0.4609375 0.0984375 0.4484375 0.165625 0.4484375 0.1765625 0.4453125 0.1890625 0.446875 0.1984375 0.4453125 0.209375 0.4421875 0.2125 0.440625 0.2359375 0.4359375 0.2546875 0.4375 0.265625 0.4359375 0.2765625 0.4328125 0.28125 0.434375 0.2875 0.43125 0.2921875 0.43125 0.309375 0.4234375 0.3546875 0.41875 0.3984375 0.4140625 0.4109375 0.4109375 0.4328125 0.4125 0.4421875 0.4109375 0.453125 0.4078125 0.4578125 0.409375 0.465625 0.40625 0.4875 0.403125 0.4921875 0.4046875 0.4984375 0.396875 0.54375 0.39375 0.5765625 0.390625 0.58125 0.3921875 0.584375 0.390625 0.5984375 0.384375 0.621875 0.384375 0.6421875 0.3828125 0.6546875 0.378125 0.6671875 0.378125 0.6796875 0.3734375 0.7 0.375 0.709375 0.371875 0.73125 0.3671875 0.74375 0.3671875 0.7546875 0.3640625 0.7671875 0.365625 0.7765625 0.3609375 0.7890625 0.3625 0.7984375 0.3609375 0.809375 0.35625 0.821875 0.35625 0.84375 0.353125 0.8515625 0.3546875 0.8546875 0.3515625 0.85625 0.353125 0.8609375 0.35 0.871875 0.3515625 0.8765625 0.3484375 0.8796875 0.3484375 0.8859375 0.3453125 0.890625 0.31875 0.8859375 0.328125 0.8078125 0.340625 0.7296875 0.3390625 0.721875 0.3421875 0.71875 0.3421875 0.7078125 0.3453125 0.7046875 0.34375 0.696875 0.35 0.6625 0.3484375 0.6546875 0.3515625 0.6515625 0.359375 0.5953125 0.3578125 0.5859375 0.3640625 0.56875 0.3640625 0.5578125 0.3671875 0.5515625 0.36875 0.51875 0.3765625 0.4640625 0.3828125 0.440625 0.38125 0.4390625 0.3828125 0.41875 0.3875 0.40625 0.3859375 0.396875 0.3890625 0.375 0.3921875 0.371875 0.390625 0.3671875 0.3921875 0.353125 0.3984375 0.3296875 0.396875 0.31875 0.40625 0.2625 0.4046875 0.253125 0.4078125 0.2421875 0.4109375 0.2390625 0.409375 0.2296875 0.4234375 0.140625 0.4234375 0.1296875 0.4296875 0.0875 0.4328125 0.084375
0 0.321875 0.0703125 0.3375 0.0734375 0.340625 0.075 0.340625 0.078125 0.3265625 0.16875 0.328125 0.175 0.3265625 0.1890625 0.3234375 0.1921875 0.321875 0.2015625 0.3203125 0.2140625 0.321875 0.2234375 0.3203125 0.2328125 0.3171875 0.2359375 0.31875 0.24375 0.315625 0.246875 0.315625 0.259375 0.3125 0.26875 0.3140625 0.275 0.3109375 0.2796875 0.3125 0.284375 0.3109375 0.3015625 0.309375 0.3109375 0.30625 0.3140625 0.3078125 0.3234375 0.3046875 0.3296875 0.30625 0.334375 0.3015625 0.3671875 0.296875 0.3796875 0.2953125 0.4015625 0.2859375 0.459375 0.2734375 0.459375 0.259375 0.45625 0.2578125 0.44375 0.2703125 0.365625 0.2796875 0.2890625 0.2828125 0.28125 0.284375 0.2546875 0.2984375 0.165625 0.309375 0.078125 0.3125 0.0703125 0.3203125 0.0703125
0 0.7453125 0.125 0.746875 0.1265625 0.75625 0.125 0.759375 0.128125 0.7671875 0.128125 0.7734375 0.13125 0.7703125 0.14375 0.771875 0.146875 0.76875 0.1546875 0.7703125 0.1625 0.7671875 0.165625 0.76875 0.1734375 0.765625 0.1765625 0.7671875 0.1875 0.7625 0.2 0.7609375 0.2265625 0.75625 0.24375 0.75625 0.2640625 0.753125 0.2875 0.7515625 0.296875 0.7484375 0.3 0.75 0.3046875 0.7484375 0.3203125 0.7453125 0.325 0.740625 0.3546875 0.7421875 0.3640625 0.7390625 0.3671875 0.740625 0.3765625 0.734375 0.4203125 0.73125 0.4265625 0.73125 0.4421875 0.725 0.475 0.725 0.4875 0.7234375 0.4984375 0.7203125 0.503125 0.7203125 0.5203125 0.715625 0.5328125 0.7125 0.5546875 0.7140625 0.565625 0.7109375 0.56875 0.7125 0.571875 0.709375 0.578125 0.7109375 0.5875 0.7046875 0.63125 0.7015625 0.6328125 0.7 0.64375 0.7015625 0.653125 0.696875 0.665625 0.6984375 0.6671875 0.696875 0.671875 0.6984375 0.6765625 0.6953125 0.6828125 0.696875 0.6875 0.6890625 0.7109375 0.690625 0.7203125 0.6859375 0.7328125 0.6890625 0.7359375 0.6875 0.7375 0.6875 0.753125 0.684375 0.75625 0.6796875 0.7890625 0.68125 0.7984375 0.6765625 0.8296875 0.6734375 0.8328125 0.675 0.840625 0.671875 0.84375 0.6734375 0.8546875 0.6671875 0.878125 0.66875 0.8875 0.6609375 0.93125 0.65625 0.934375 0.6328125 0.93125 0.63125 0.928125 0.65625 0.7421875 0.6609375 0.7296875 0.659375 0.721875 0.6625 0.71875 0.6609375 0.7078125 0.6671875 0.684375 0.665625 0.675 0.66875 0.653125 0.671875 0.6453125 0.6703125 0.6421875 0.6734375 0.6203125 0.6765625 0.6171875 0.675 0.6078125 0.68125 0.5640625 0.6859375 0.5515625 0.6890625 0.5296875 0.6875 0.51875 0.7 0.440625 0.70625 0.3859375 0.7109375 0.36875 0.709375 0.3640625 0.7125 0.3625 0.7109375 0.3421875 0.715625 0.328125 0.71875 0.2953125 0.73125 0.2171875 0.7296875 0.2109375 0.734375 0.1953125 0.7421875 0.1296875 0.7453125 0.1265625
0 0.5828125 0.103125 0.609375 0.10625 0.6078125 0.121875 0.609375 0.13125 0.6046875 0.15 0.60625 0.153125 0.603125 0.1734375 0.6 0.1765625 0.6015625 0.1859375 0.59375 0.2421875 0.5890625 0.259375 0.590625 0.2640625 0.5875 0.2734375 0.5859375 0.2984375 0.5828125 0.3015625 0.5796875 0.321875 0.5796875 0.3421875 0.5765625 0.3640625 0.5734375 0.3703125 0.575 0.371875 0.571875 0.38125 0.5734375 0.3859375 0.5703125 0.390625 0.571875 0.3984375 0.565625 0.421875 0.5671875 0.4296875 0.565625 0.4421875 0.5625 0.4453125 0.5609375 0.4546875 0.5625 0.4625 0.559375 0.465625 0.5578125 0.4984375 0.553125 0.5140625 0.5546875 0.5171875 0.5515625 0.5328125 0.553125 0.5390625 0.5484375 0.546875 0.546875 0.5546875 0.5421875 0.5875 0.54375 0.5984375 0.5390625 0.6109375 0.5328125 0.6546875 0.534375 0.65625 0.5328125 0.6578125 0.534375 0.6609375 0.5328125 0.675 0.5296875 0.6765625 0.53125 0.6875 0.528125 0.690625 0.5234375 0.721875 0.5234375 0.7375 0.5203125 0.74375 0.521875 0.7515625 0.51875 0.7546875 0.5203125 0.7640625 0.5078125 0.853125 0.5046875 0.85625 0.50625 0.8640625 0.503125 0.8875 0.5 0.890625 0.5015625 0.8984375 0.4984375 0.9015625 0.496875 0.9109375 0.478125 0.909375 0.46875 0.9046875 0.5046875 0.6515625 0.5046875 0.640625 0.5171875 0.5625 0.5171875 0.5515625 0.53125 0.4625 0.53125 0.4515625 0.5453125 0.3625 0.5453125 0.3515625 0.5578125 0.2734375 0.5578125 0.2625 0.571875 0.1734375 0.571875 0.1625 0.5796875 0.1078125 0.5828125 0.1046875
0 0.184375 0.046875 0.2109375 0.05 0.2125 0.05625 0.1984375 0.1484375 0.2 0.1578125 0.196875 0.1609375 0.1953125 0.1703125 0.19375 0.1828125 0.1953125 0.1921875 0.190625 0.225 0.1859375 0.2375 0.1859375 0.2578125 0.18125 0.2703125 0.1828125 0.28125 0.1796875 0.303125 0.1765625 0.30625 0.175 0.315625 0.1765625 0.3171875 0.175 0.3359375 0.171875 0.340625 0.16875 0.359375 0.16875 0.38125 0.1640625 0.4140625 0.1578125 0.4375 0.159375 0.446875 0.15625 0.45 0.1546875 0.459375 0.15625 0.4703125 0.15 0.49375 0.1484375 0.5046875 0.15 0.5140625 0.146875 0.51875 0.1484375 0.525 0.1453125 0.546875 0.140625 0.559375 0.1390625 0.571875 0.140625 0.58125 0.1359375 0.6140625 0.1328125 0.6171875 0.134375 0.6234375 0.1328125 0.634375 0.1296875 0.6375 0.128125 0.6484375 0.1296875 0.659375 0.1265625 0.6671875 0.1234375 0.7 0.1203125 0.7046875 0.121875 0.7125 0.11875 0.715625 0.1203125 0.725 0.115625 0.7375 0.1171875 0.7484375 0.1125 0.78125 0.109375 0.784375 0.1078125 0.79375 0.109375 0.796875 0.109375 0.803125 0.10625 0.80625 0.1078125 0.8140625 0.103125 0.8265625 0.1046875 0.8359375 0.1015625 0.840625 0.103125 0.84375 0.1 0.8515625 0.096875 0.8546875 0.078125 0.853125 0.071875 0.85 0.071875 0.8359375 0.1171875 0.5234375 0.1171875 0.5125 0.125 0.4578125 0.1296875 0.4453125 0.128125 0.4359375 0.1640625 0.1890625 0.1625 0.1828125 0.165625 0.178125 0.18125 0.0578125 0.184375 0.0484375
3 0.7435926171875 0.6874231421875 0.7620235156249999 0.5562804796874999 0.7468847921874999 0.5541528703124999 0.72845389375 0.6852955328125 0.7435926171875 0.6874231421875
3 0.5993830531250001 0.72399990625 0.60456728125 0.6871122 0.5910439328125 0.6852116171875 0.5858597046875 0.7220993234375 0.5993830531250001 0.72399990625
3 0.5783547234374999 0.8693579687499999 0.5824757734375 0.8400351765625 0.5684820484374999 0.8380684875 0.5643609984375 0.8673912796875 0.5783547234374999 0.8693579687499999
3 0.71601985625 0.88255818125 0.7247221749999999 0.8206379734375 0.7086612640625 0.818380759375 0.699958946875 0.88030096875 0.71601985625 0.88255818125
3 0.7733964109375 0.45759697499999996 0.7860155093750001 0.3678074171875 0.7733215109375 0.3660233921875 0.7607024109375 0.45581295 0.7733964109375 0.45759697499999996
3 0.38597420625 0.2212588359375 0.406238596875 0.0770702015625 0.392826653125 0.0751852765625 0.3725622625 0.219373909375 0.38597420625 0.2212588359375
3 0.3083935625 0.6288268828125 0.3281743546875 0.4880792328125 0.3143477375 0.48613602812499995 0.2945669453125 0.626883678125 0.3083935625 0.6288268828125
3 0.32829008593750003 0.6326008421875 0.34813855625 0.49137162968750003 0.33527126093750004 0.4895632484375 0.3154227890625 0.6307924625 0.32829008593750003 0.6326008421875
1 0.2 0.5328125 0.2046875 0.534375 0.20625 0.5375 0.2046875 0.5515625 0.2 0.559375 0.196875 0.5578125 0.190625 0.559375 0.1859375 0.5546875 0.1875 0.55 0.1859375 0.5421875 0.1890625 0.5390625 0.1890625 0.534375 0.1984375 0.5328125
1 0.18125 0.63125 0.190625 0.634375 0.1921875 0.640625 0.190625 0.6515625 0.1875 0.6578125 0.184375 0.659375 0.171875 0.65625 0.175 0.6328125 0.1796875 0.63125
1 0.1609375 0.75625 0.1703125 0.7578125 0.1734375 0.7609375 0.1734375 0.7734375 0.16875 0.784375 0.1609375 0.784375 0.1546875 0.78125 0.1546875 0.765625 0.159375 0.7578125
1 0.478125 0.090625 0.4890625 0.0921875 0.490625 0.1 0.4859375 0.1171875 0.4765625 0.1171875 0.471875 0.115625 0.4703125 0.1125 0.471875 0.109375 0.4703125 0.1015625 0.4734375 0.0984375 0.4734375 0.0921875 0.4765625 0.090625
1 0.5046875 0.0953125 0.5203125 0.0984375 0.5171875 0.11875 0.515625 0.121875 0.5109375 0.121875 0.5015625 0.1203125 0.5 0.1171875 0.5015625 0.1015625 0.5046875 0.096875
1 0.5578125 0.103125 0.5546875 0.125 0.5515625 0.1265625 0.54375 0.1265625 0.5375 0.121875 0.5390625 0.1046875 0.5421875 0.1 0.553125 0.1 0.55625 0.103125
1 0.45546875 0.278125 0.021875 0.0296875
1 0.4875 0.2703125 0.4953125 0.275 0.49375 0.290625 0.490625 0.2984375 0.4765625 0.296875 0.475 0.2921875 0.478125 0.275 0.48125 0.2703125 0.4859375 0.2703125
1 0.5171875 0.2765625 0.528125 0.2765625 0.5328125 0.2796875 0.5296875 0.3015625 0.5203125 0.303125 0.5125 0.2984375 0.5140625 0.2828125 0.5171875 0.278125
1 0.425 0.453125 0.4390625 0.45625 0.4375 0.4578125 0.4390625 0.4671875 0.4359375 0.478125 0.4296875 0.4796875 0.4203125 0.4765625 0.41875 0.4671875 0.421875 0.4640625 0.421875 0.45625 0.425 0.4546875
1 0.46015625 0.46953125 0.021875 0.0296875
1 0.49375 0.5484375 0.4953125 0.55 0.490625 0.5734375 0.478125 0.571875 0.475 0.5671875 0.475 0.5609375 0.4765625 0.55 0.4796875 0.546875 0.4921875 0.5484375
1 0.3984375 0.721875 0.4015625 0.734375 0.3984375 0.7453125 0.3921875 0.7484375 0.3875 0.7484375 0.3828125 0.7453125 0.384375 0.7234375 0.3875 0.7203125 0.396875 0.721875
1 0.421875 0.7234375 0.43125 0.728125 0.4296875 0.746875 0.4234375 0.7515625 0.4125 0.7484375 0.4140625 0.728125 0.415625 0.725 0.4203125 0.7234375
1 0.5953125 0.653125 0.596875 0.6546875 0.603125 0.653125 0.609375 0.65625 0.6109375 0.659375 0.6078125 0.678125 0.5953125 0.6796875 0.5921875 0.678125 0.5890625 0.6703125 0.5953125 0.6546875
1 0.5734375 0.8078125 0.584375 0.809375 0.5890625 0.8125 0.5859375 0.83125 0.5828125 0.834375 0.5734375 0.834375 0.56875 0.8296875 0.5671875 0.825 0.571875 0.809375
1 0.803125 0.134375 0.8109375 0.1328125 0.8203125 0.1359375 0.81875 0.15625 0.815625 0.1609375 0.8015625 0.159375 0.8 0.1453125 0.803125 0.1359375
1 0.828125 0.1375 0.834375 0.1359375 0.84375 0.1390625 0.8421875 0.1578125 0.840625 0.1625 0.8375 0.1640625 0.825 0.1609375 0.8234375 0.1578125 0.828125 0.1390625
1 0.7890625 0.3375 0.7921875 0.340625 0.7921875 0.3453125 0.790625 0.35625 0.7859375 0.3625 0.7734375 0.3609375 0.771875 0.3484375 0.778125 0.3359375 0.7875 0.3375
1 0.75625 0.53359375 0.0234375 0.0296875
1 0.7734375 0.5265625 0.784375 0.525 0.7890625 0.528125 0.7875 0.546875 0.784375 0.553125 0.7734375 0.5515625 0.7703125 0.5484375 0.7703125 0.5359375 0.7734375 0.528125
1 0.7265625 0.790625 0.728125 0.79375 0.7265625 0.8125 0.721875 0.8171875 0.709375 0.815625 0.7078125 0.8125 0.7109375 0.7921875 0.715625 0.7890625 0.725 0.790625