0 0.33840895937500004 1 0.2395220390625 0.57167369375 0.1700250953125 0.5877183265625 0.26520781875 1 0.33840895937500004 1
0 0.060862268750000004 0.1148682875 0.164587271875 0.5641506390625 0.23100886250000002 0.54881600625 0.1272838578125 0.0995336546875 0.060862268750000004 0.1148682875
0 0.5483283328125 0.8315957140625001 0.5813084140625 0.974448140625 0.6531986546875 0.957850971875 0.6202185734375 0.81499854375 0.5483283328125 0.8315957140625001
0 0.48589654062500004 0.56116001875 0.5456414281249999 0.8199435625 0.6088293265625 0.8053554859375 0.5490844390625 0.5465719421874999 0.48589654062500004 0.56116001875
0 0.6710643984375 0.4630143078125 0.779350303125 0.9320520921875 0.8548030859375 0.9146324453125001 0.74651718125 0.4455946609375 0.6710643984375 0.4630143078125
3 0.2641975515625 1 0.2564947421875 0.9666354687500001 0.23726920156250003 0.9710740343750001 0.2439472875 1 0.2641975515625 1
3 0.10626937343750001 0.415792965625 0.142827559375 0.57414386875 0.16543903437500002 0.568923596875 0.1288808484375 0.4105726953125 0.10626937343750001 0.415792965625
3 0.373136525 1 0.35322077812499997 0.913735421875 0.333575040625 0.918270996875 0.35244366875 1 0.373136525 1
3 0.1961822875 0.3428146546875 0.24489074375 0.5537941546875 0.26471308437499996 0.5492178062499999 0.21600462812500001 0.3382383078125 0.1961822875 0.3428146546875
3 0.5419052875 0.9281487281249999 0.5532948 0.9774821234375001 0.578177775 0.9717374359375001 0.5667882625 0.9224040406249999 0.5419052875 0.9281487281249999
3 0.4992073171875 0.7425227984375 0.5196185328125 0.83093348125 0.544422340625 0.825207071875 0.5240111265625 0.7367963890625 0.4992073171875 0.7425227984375
3 0.7138876890625 0.74914925 0.7569250484375 0.93556453125 0.7783429203125001 0.9306198265625 0.7353055609375 0.74420454375 0.7138876890625 0.74914925
0 0.484375 0.271875 0.4875 0.2734375 0.490625 0.2796875 0.496875 0.3078125 0.496875 0.3203125 0.5 0.3234375 0.5046875 0.340625 0.5234375 0.421875 0.525 0.4296875 0.5234375 0.434375 0.528125 0.4546875 0.5328125 0.4625 0.53125 0.46875 0.546875 0.53125 0.490625 0.5453125 0.484375 0.54375 0.4265625 0.29375 0.428125 0.2828125 0.4328125 0.284375 0.4421875 0.2796875 0.475 0.271875 0.4828125 0.271875
0 0.53125 0.0078125 0.5390625 0.03125 0.584375 0.228125 0.58125 0.234375 0.5328125 0.2453125 0.521875 0.2453125 0.5203125 0.240625 0.503125 0.1671875 0.5015625 0.146875 0.496875 0.1390625 0.4703125 0.025 0.4703125 0.021875 0.475 0.0203125 0.5296875 0.0078125
0 0.6140625 0.825 0.6171875 0.8296875 0.6359375 0.909375 0.634375 0.915625 0.6375 0.928125 0.640625 0.93125 0.6453125 0.9515625 0.6359375 0.9578125 0.5953125 0.9671875 0.5828125 0.9671875 0.553125 0.8421875 0.55625 0.8375 0.5609375 0.8359375 0.6125 0.825
0 0.490625 0.5625 0.5484375 0.5484375 0.5546875 0.5578125 0.59375 0.7265625 0.5921875 0.7328125 0.5953125 0.734375 0.59375 0.7390625 0.5984375 0.7484375 0.596875 0.753125 0.6015625 0.7640625 0.603125 0.7796875 0.60625 0.78125 0.6109375 0.8078125 0.609375 0.8109375 0.6046875 0.8125 0.5921875 0.8125 0.584375 0.8171875 0.5640625 0.8203125 0.5515625 0.825 0.5484375 0.821875 0.534375 0.7546875 0.528125 0.740625 0.5296875 0.7375 0.5265625 0.7328125 0.528125 0.728125 0.5203125 0.69375 0.5140625 0.6796875 0.515625 0.6734375 0.4921875 0.578125 0.490625 0.5640625
0 0.2375 0.571875 0.240625 0.575 0.24375 0.5859375 0.3 0.8359375 0.3296875 0.9578125 0.33125 0.978125 0.3375 0.9984375 0.2734375 0.9984375 0.2703125 0.9921875 0.178125 0.5921875 0.1796875 0.584375 0.2359375 0.571875
0 0.171875 0.565625 0.06875 0.11875 0.06875 0.115625 0.075 0.1125 0.121875 0.1015625 0.1296875 0.1015625 0.1359375 0.11875 0.2015625 0.403125 0.2 0.409375 0.203125 0.4125 0.20625 0.4234375 0.209375 0.4375 0.209375 0.45 0.215625 0.4640625 0.2296875 0.525 0.228125 0.5296875 0.23125 0.5328125 0.2296875 0.5375 0.2328125 0.5453125 0.2328125 0.553125 0.175 0.5671875 0.1734375 0.565625
0 0.6765625 0 0.7421875 0 0.74375 0.0015625 0.7515625 0.0421875 0.7546875 0.0484375 0.7765625 0.15 0.83125 0.3796875 0.834375 0.39375 0.8328125 0.3984375 0.8359375 0.4 0.834375 0.4015625 0.8359375 0.4125 0.83125 0.415625 0.7828125 0.4265625 0.775 0.4265625 0.775 0.421875 0.771875 0.4203125 0.7640625 0.3875 0.765625 0.38125 0.7625 0.3671875 0.7546875 0.346875 0.7515625 0.3328125 0.753125 0.3265625 0.74375 0.2859375 0.740625 0.2828125 0.7421875 0.2796875 0.7359375 0.253125 0.7328125 0.2515625 0.734375 0.2453125 0.6765625 0.0015625
0 0.65 0.525 0.6546875 0.5328125 0.6578125 0.5453125 0.659375 0.553125 0.6578125 0.5578125 0.6625 0.565625 0.7046875 0.7484375 0.70625 0.76875 0.7109375 0.7765625 0.709375 0.7796875 0.7109375 0.7859375 0.69375 0.7921875 0.6875 0.790625 0.675 0.79375 0.671875 0.796875 0.665625 0.7984375 0.6609375 0.796875 0.6515625 0.8 0.646875 0.7953125 0.6453125 0.7890625 0.646875 0.784375 0.6453125 0.7765625 0.6203125 0.66875 0.615625 0.6609375 0.6171875 0.6546875 0.6078125 0.6140625 0.603125 0.60625 0.6046875 0.6015625 0.590625 0.5390625 0.6484375 0.5265625
0 0.3359375 0.5484375 0.340625 0.55 0.3453125 0.5671875 0.3921875 0.7765625 0.396875 0.7875 0.396875 0.796875 0.425 0.91875 0.4359375 0.9453125 0.4328125 0.959375 0.4359375 0.9625 0.4375 0.971875 0.440625 0.9734375 0.440625 0.978125 0.4453125 0.9875 0.446875 0.99375 0.4453125 0.9984375 0.378125 0.9984375 0.375 0.9875 0.3625 0.9328125 0.3640625 0.9265625 0.35625 0.90625 0.278125 0.5671875 0.2796875 0.5625 0.2859375 0.559375 0.3125 0.553125 0.31875 0.5546875 0.3265625 0.55 0.334375 0.5484375
0 0.8296875 0.434375 0.8421875 0.4359375 0.8453125 0.453125 0.85 0.4609375 0.8515625 0.48125 0.85625 0.4890625 0.8546875 0.4921875 0.8578125 0.4984375 0.85625 0.5015625 0.8609375 0.5109375 0.8609375 0.521875 0.865625 0.5296875 0.865625 0.5421875 0.878125 0.5953125 0.8828125 0.603125 0.884375 0.6234375 0.8921875 0.64375 0.8953125 0.6640625 0.9078125 0.7125 0.9078125 0.725 0.9109375 0.7265625 0.9125 0.7328125 0.9140625 0.7421875 0.9125 0.7453125 0.91875 0.765625 0.928125 0.8125 0.93125 0.8140625 0.9296875 0.81875 0.9390625 0.859375 0.94375 0.8671875 0.9421875 0.8734375 0.9453125 0.8828125 0.940625 0.8859375 0.8859375 0.8984375 0.8796875 0.8875 0.88125 0.884375 0.8796875 0.875 0.85 0.746875 0.8453125 0.7390625 0.840625 0.71875 0.8421875 0.7125 0.8359375 0.6859375 0.8328125 0.6828125 0.834375 0.68125 0.8328125 0.671875 0.8109375 0.578125 0.8078125 0.575 0.809375 0.5703125 0.7984375 0.5234375 0.7953125 0.5203125 0.7953125 0.509375 0.78125 0.4546875 0.7828125 0.446875 0.7984375 0.44375 0.8 0.440625 0.80625 0.4390625 0.8125 0.440625 0.828125 0.4359375
0 0.7328125 0.45625 0.734375 0.4578125 0.740625 0.45625 0.74375 0.459375 0.8 0.703125 0.8 0.7109375 0.803125 0.7171875 0.8234375 0.8046875 0.8265625 0.81875 0.825 0.8234375 0.8328125 0.8453125 0.834375 0.853125 0.8328125 0.8578125 0.8375 0.865625 0.8421875 0.8859375 0.8453125 0.9 0.84375 0.9078125 0.790625 0.9203125 0.7828125 0.91875 0.7796875 0.90625 0.78125 0.89375 0.775 0.8734375 0.7703125 0.865625 0.771875 0.853125 0.765625 0.8453125 0.75625 0.8046875 0.7546875 0.778125 0.7484375 0.7703125 0.75 0.765625 0.7453125 0.7578125 0.7125 0.609375 0.709375 0.6046875 0.7078125 0.5890625 0.7015625 0.575 0.6984375 0.5484375 0.69375 0.5359375 0.69375 0.528125 0.6796875 0.4734375 0.68125 0.4703125 0.6953125 0.4671875 0.6984375 0.4640625 0.7046875 0.465625 0.71875 0.459375 0.73125 0.4578125
0 0.803125 0 0.86875 0 0.8734375 0.0140625 0.9578125 0.3796875 0.95625 0.3859375 0.953125 0.3875 0.9046875 0.3984375 0.896875 0.3984375 0.89375 0.3921875 0.878125 0.325 0.8796875 0.3203125 0.8765625 0.3171875 0.8734375 0.3 0.86875 0.2921875 0.8703125 0.2890625 0.8671875 0.284375 0.8578125 0.24375 0.859375 0.2421875 0.8578125 0.23125 0.8140625 0.0484375 0.8046875 0.0015625
0 0.3765625 0.5203125 0.371875 0.5140625 0.36875 0.5015625 0.35 0.4203125 0.35 0.4078125 0.34375 0.39375 0.3421875 0.378125 0.3390625 0.3734375 0.2734375 0.0890625 0.2703125 0.06875 0.3296875 0.0546875 0.3375 0.075 0.3421875 0.0953125 0.340625 0.1015625 0.346875 0.115625 0.3515625 0.1359375 0.35 0.1421875 0.35625 0.1625 0.365625 0.209375 0.36875 0.2125 0.36875 0.221875 0.371875 0.225 0.371875 0.2328125 0.375 0.2375 0.3734375 0.24375 0.3796875 0.2703125 0.384375 0.278125 0.3890625 0.2984375 0.3875 0.303125 0.390625 0.30625 0.39375 0.31875 0.4015625 0.353125 0.4015625 0.3609375 0.4078125 0.3796875 0.4078125 0.390625 0.4125 0.4 0.4171875 0.4203125 0.415625 0.4265625 0.41875 0.4375 0.421875 0.440625 0.4234375 0.4484375 0.421875 0.453125 0.434375 0.5015625 0.43125 0.5078125 0.378125 0.51875
0 0.6609375 0.85625 0.6625 0.8515625 0.6546875 0.8234375 0.65625 0.8140625 0.66875 0.8109375 0.6734375 0.8125 0.6828125 0.8078125 0.709375 0.8015625 0.715625 0.803125 0.7296875 0.8703125 0.7328125 0.871875 0.734375 0.878125 0.7328125 0.8828125 0.74375 0.93125 0.7375 0.934375 0.6890625 0.9453125 0.684375 0.9453125 0.6796875 0.9375 0.678125 0.91875 0.6625 0.85625
0 0.3859375 0.0390625 0.3921875 0.040625 0.4265625 0.03125 0.43125 0.03125 0.434375 0.0359375 0.453125 0.1171875 0.4546875 0.1375 0.4578125 0.15 0.4625 0.1578125 0.4640625 0.178125 0.4671875 0.1796875 0.46875 0.1859375 0.46875 0.1984375 0.471875 0.209375 0.475 0.2125 0.4734375 0.21875 0.4765625 0.23125 0.4796875 0.234375 0.4828125 0.2546875 0.4796875 0.2578125 0.425 0.2703125 0.4203125 0.265625 0.39375 0.1515625 0.3953125 0.1453125 0.390625 0.1375 0.3703125 0.05 0.3703125 0.0453125 0.375 0.0421875 0.384375 0.040625
0 0.5859375 0.521875 0.575 0.478125 0.575 0.46875 0.571875 0.4640625 0.565625 0.4375 0.5671875 0.43125 0.5625 0.4234375 0.5375 0.309375 0.5328125 0.290625 0.5296875 0.2875 0.5296875 0.2765625 0.5265625 0.2671875 0.5265625 0.2625 0.5296875 0.259375 0.55625 0.253125 0.5671875 0.253125 0.5703125 0.25 0.584375 0.2484375 0.5875 0.25 0.6046875 0.315625 0.60625 0.3234375 0.6046875 0.328125 0.609375 0.3359375 0.6109375 0.34375 0.609375 0.3484375 0.6171875 0.3828125 0.621875 0.390625 0.621875 0.403125 0.6265625 0.421875 0.6296875 0.425 0.63125 0.44375 0.6359375 0.4625 0.6390625 0.465625 0.646875 0.4984375 0.6453125 0.5046875 0.646875 0.509375 0.5859375 0.5234375
0 0.571875 0 0.6375 0 0.715625 0.3375 0.715625 0.3453125 0.71875 0.3515625 0.7359375 0.4265625 0.734375 0.4375 0.675 0.45 0.6640625 0.4046875 0.665625 0.39375 0.6625 0.390625 0.6609375 0.3796875 0.65625 0.371875 0.571875 0.0015625
0 0.23125 0.0765625 0.3078125 0.4109375 0.3125 0.4234375 0.3125 0.43125 0.3265625 0.4921875 0.33125 0.5109375 0.3359375 0.5203125 0.334375 0.525 0.3359375 0.5265625 0.3296875 0.53125 0.296875 0.5375 0.2765625 0.54375 0.2734375 0.5421875 0.259375 0.4859375 0.2578125 0.478125 0.259375 0.4734375 0.25625 0.471875 0.2515625 0.446875 0.246875 0.4390625 0.2453125 0.43125 0.246875 0.4265625 0.2390625 0.3984375 0.2375 0.3796875 0.234375 0.3765625 0.2296875 0.3578125 0.23125 0.3515625 0.228125 0.340625 0.225 0.3375 0.16875 0.09375 0.1703125 0.090625 0.209375 0.0828125 0.2171875 0.078125 0.2203125 0.0796875 0.2296875 0.078125
0 0.4375 0.5265625 0.440625 0.5296875 0.446875 0.5609375 0.4546875 0.5828125 0.453125 0.5890625 0.4578125 0.596875 0.4640625 0.6234375 0.4625 0.6296875 0.4671875 0.6375 0.4734375 0.6703125 0.4796875 0.690625 0.490625 0.7390625 0.490625 0.7515625 0.4953125 0.771875 0.4984375 0.784375 0.503125 0.7921875 0.5078125 0.8125 0.50625 0.825 0.5140625 0.840625 0.515625 0.846875 0.5140625 0.8484375 0.5171875 0.853125 0.53125 0.9140625 0.5328125 0.921875 0.53125 0.9265625 0.5375 0.9546875 0.54375 0.96875 0.540625 0.978125 0.4859375 0.990625 0.48125 0.9875 0.4765625 0.96875 0.475 0.95 0.471875 0.946875 0.471875 0.9359375 0.4671875 0.928125 0.46875 0.921875 0.4625 0.9078125 0.378125 0.5421875 0.3875 0.5359375 0.4078125 0.53125 0.4125 0.5328125 0.421875 0.528125 0.4359375 0.5265625
0 0.903125 0.4171875 0.915625 0.4140625 0.928125 0.4140625 0.9359375 0.409375 0.9453125 0.409375 0.9484375 0.40625 0.95625 0.4046875 0.9640625 0.4078125 0.9984375 0.55625 0.9984375 0.846875 0.9921875 0.81875 0.99375 0.8140625 0.990625 0.8 0.984375 0.7859375 0.9765625 0.7515625 0.978125 0.7484375 0.9765625 0.7390625 0.971875 0.73125 0.9546875 0.6515625 0.95 0.64375 0.9515625 0.6375 0.9484375 0.6359375 0.95 0.63125 0.928125 0.5359375 0.925 0.5328125 0.9265625 0.5296875 0.9015625 0.4265625 0.903125 0.41875
3 0.42430632187499995 0.4153264515625 0.4575029828125 0.5591169859375 0.48208146718749995 0.5534425953125 0.44888480625 0.4096520609375 0.42430632187499995 0.4153264515625
3 0.31141237187500004 0.3840258171875 0.3454880890625 0.5316239625 0.36761237812499997 0.5265161671875 0.33353666249999997 0.378918021875 0.31141237187500004 0.3840258171875
3 0.36154270781250003 0.139424821875 0.3940714296875 0.2803222015625 0.41609828281250005 0.27523690156249997 0.3835695609375 0.134339521875 0.36154270781250003 0.139424821875
3 0.4652690828125 0.1382540125 0.49280738749999997 0.2575355140625 0.5172458062499999 0.251893459375 0.4897075015625 0.132611959375 0.4652690828125 0.1382540125
3 0.535828965625 0.4326161046875 0.5584733109375 0.5306995375 0.57856969375 0.5260599218750001 0.5559253484375 0.42797648906249997 0.535828965625 0.4326161046875
3 0.6145907078125 0.3157960625 0.647052090625 0.4564017640625 0.6676782875 0.45163983124999996 0.635216903125 0.3110341296875 0.6145907078125 0.3157960625