3 0.35643284531249997 0.20899263750000002 0.3837687125 0.05396323125 0.36575557812500004 0.0507870296875 0.3384197109375 0.20581643593750001 0.35643284531249997 0.20899263750000002
4 0.2338283875 0.74910020625 0.3356266140625 0.17177378125 0.3013026015625 0.16572153125 0.199504375 0.7430479562500001 0.2338283875 0.74910020625
3 0.6675438390624999 0.2630218984375 0.6944911390625 0.11019616875 0.6789688765624999 0.10745917499999999 0.6520215765625 0.2602849046875 0.6675438390624999 0.2630218984375
5 0.725 0.11875 0.8859375 0.146875 0.884375 0.1484375 0.8859375 0.1609375 0.8828125 0.165625 0.878125 0.2 0.875 0.203125 0.871875 0.21875 0.8734375 0.2265625 0.865625 0.2640625 0.865625 0.2796875 0.8609375 0.290625 0.8625 0.296875 0.859375 0.3 0.8578125 0.315625 0.8546875 0.321875 0.85625 0.325 0.853125 0.3265625 0.853125 0.3421875 0.840625 0.4125 0.8375 0.4171875 0.8375 0.43125 0.834375 0.440625 0.8234375 0.5109375 0.8203125 0.525 0.8171875 0.5296875 0.8171875 0.5453125 0.8140625 0.546875 0.815625 0.5546875 0.80625 0.6 0.8046875 0.6171875 0.8 0.6265625 0.8015625 0.6328125 0.8 0.64375 0.796875 0.6453125 0.7953125 0.653125 0.796875 0.6609375 0.7921875 0.678125 0.790625 0.696875 0.7703125 0.8046875 0.771875 0.8125 0.7671875 0.821875 0.76875 0.8296875 0.7625 0.865625 0.759375 0.8671875 0.7609375 0.8734375 0.7453125 0.9625 0.7390625 0.9828125 0.7203125 0.98125 0.7015625 0.975 0.578125 0.9546875 0.578125 0.9484375 0.6 0.8328125 0.5984375 0.825 0.603125 0.8140625 0.6109375 0.7625 0.6140625 0.753125 0.615625 0.74375 0.6140625 0.7359375 0.61875 0.7265625 0.6203125 0.709375 0.628125 0.6734375 0.6296875 0.6640625 0.628125 0.65625 0.6328125 0.646875 0.634375 0.6203125 0.6375 0.603125 0.640625 0.6015625 0.646875 0.5671875 0.6453125 0.559375 0.6484375 0.540625 0.65625 0.5140625 0.6578125 0.5046875 0.65625 0.496875 0.6609375 0.4875 0.6640625 0.4609375 0.6765625 0.3984375 0.675 0.390625 0.678125 0.3890625 0.68125 0.371875 0.68125 0.3546875 0.684375 0.3453125 0.6953125 0.275 0.7015625 0.25625 0.7 0.2484375 0.7046875 0.225 0.7078125 0.2203125 0.715625 0.16875 0.71875 0.159375 0.7171875 0.1515625 0.71875 0.1421875 0.725 0.1203125
3 0.6398399593749999 0.24439467812500001 0.6648839343749999 0.1023632390625 0.6525930718749999 0.10019602812499999 0.6275490968749999 0.24222746874999998 0.6398399593749999 0.24439467812500001
3 0.594008375 0.6785438171875 0.6007435531249999 0.6403467234375 0.5867985203125 0.6378878375 0.5800633421875 0.6760849328125 0.594008375 0.6785438171875
1 0.53125 0.09375 0.5359375 0.0921875 0.540625 0.0953125 0.5390625 0.10625 0.5296875 0.103125 0.53125 0.0953125
1 0.4859375 0.353125 0.4953125 0.35625 0.49375 0.3640625 0.4875 0.3671875 0.484375 0.3640625 0.4859375 0.3546875
1 0.471875 0.3515625 0.4796875 0.353125 0.478125 0.3625 0.4703125 0.3625 0.471875 0.353125
1 0.51875 0.090625 0.525 0.0921875 0.5234375 0.103125 0.51875 0.103125 0.515625 0.1 0.5171875 0.0921875
1 0.5015625 0.0890625 0.5109375 0.090625 0.509375 0.1 0.5015625 0.1 0.5 0.096875 0.5015625 0.090625
1 0.4703125 0.09375 0.4734375 0.0828125 0.478125 0.0828125 0.48125 0.0859375 0.4796875 0.0890625 0.48125 0.0921875 0.478125 0.0953125 0.471875 0.09375
1 0.4265625 0.34375 0.4328125 0.34375 0.4359375 0.346875 0.4328125 0.3546875 0.425 0.3546875 0.4265625 0.3453125
1 0.3046875 0.053125 0.30625 0.0546875 0.3046875 0.0640625 0.29375 0.0625 0.2953125 0.053125 0.296875 0.0515625 0.303125 0.053125
1 0.278125 0.0671875 0.278125 0.059375 0.28125 0.053125 0.2859375 0.053125 0.2890625 0.059375 0.2859375 0.0671875 0.2796875 0.0671875