3 0.23834386875 0.6919189453125 0.0809228828125 0.6919189453125 0.0809228828125 0.7102099609375 0.23834386875 0.7102099609375 0.23834386875 0.6919189453125
4 0.7915360296875 0.7188720703125 0.2053034140625 0.7188720703125 0.2053034140625 0.7537255859374999 0.7915360296875 0.7537255859374999 0.7915360296875 0.7188720703125
3 0.2375284453125 0.37615234375 0.0823451328125 0.37615234375 0.0823451328125 0.3919140625 0.2375284453125 0.3919140625 0.2375284453125 0.37615234375
5 0.0984375 0.1796875 0.1 0.18125 0.1390625 0.18125 0.140625 0.1828125 0.2109375 0.18125 0.2125 0.1796875 0.2203125 0.18125 0.221875 0.1796875 0.2265625 0.18125 0.2375 0.1796875 0.2625 0.1828125 0.2640625 0.18125 0.2671875 0.1828125 0.275 0.18125 0.3578125 0.18125 0.359375 0.1828125 0.365625 0.18125 0.46875 0.18125 0.4703125 0.1828125 0.4828125 0.18125 0.490625 0.1828125 0.4921875 0.18125 0.56875 0.18125 0.5703125 0.1828125 0.621875 0.18125 0.6234375 0.1828125 0.625 0.18125 0.6765625 0.18125 0.678125 0.1796875 0.6796875 0.18125 0.7546875 0.18125 0.75625 0.1796875 0.76875 0.18125 0.775 0.1796875 0.8140625 0.1796875 0.815625 0.18125 0.821875 0.1796875 0.9203125 0.1796875 0.9328125 0.18125 0.934375 0.19375 0.9328125 0.3453125 0.8046875 0.3453125 0.803125 0.346875 0.7953125 0.3453125 0.7671875 0.3453125 0.765625 0.346875 0.7640625 0.3453125 0.715625 0.3453125 0.7140625 0.346875 0.7078125 0.3453125 0.6359375 0.3453125 0.634375 0.346875 0.628125 0.3453125 0.6125 0.346875 0.5765625 0.346875 0.575 0.3453125 0.5390625 0.3453125 0.5375 0.346875 0.5 0.346875 0.4984375 0.3453125 0.4953125 0.346875 0.490625 0.3453125 0.471875 0.3453125 0.4703125 0.346875 0.4625 0.3453125 0.365625 0.3453125 0.3640625 0.346875 0.359375 0.3453125 0.3328125 0.3453125 0.33125 0.346875 0.1203125 0.3453125 0.11875 0.346875 0.0953125 0.346875 0.084375 0.3453125 0.084375 0.1828125 0.096875 0.18125
3 0.22399494375 0.406669921875 0.079772440625 0.406669921875 0.079772440625 0.41915039062500004 0.22399494375 0.41915039062500004 0.22399494375 0.406669921875
3 0.659506953125 0.376416015625 0.62072060625 0.376416015625 0.62072060625 0.390576171875 0.659506953125 0.390576171875 0.659506953125 0.376416015625
1 0.09375 0.53125 0.1046875 0.53125 0.103125 0.540625 0.09375 0.540625 0.0921875 0.5375 0.09375 0.5328125
1 0.3578125 0.53125 0.36875 0.53125 0.3703125 0.534375 0.3671875 0.540625 0.3578125 0.540625 0.3578125 0.5328125
1 0.365625 0.5453125 0.36875 0.546875 0.36875 0.5546875 0.3578125 0.5546875 0.3578125 0.546875 0.3640625 0.546875
1 0.09375 0.546875 0.1046875 0.546875 0.103125 0.5546875 0.09375 0.5546875 0.09375 0.5484375
1 0.09375 0.5609375 0.1046875 0.5625 0.1046875 0.56875 0.0953125 0.571875 0.09375 0.5625
1 0.09375 0.6 0.0921875 0.5953125 0.0953125 0.590625 0.1046875 0.5921875 0.1046875 0.6 0.0953125 0.6
1 0.365625 0.590625 0.36875 0.5921875 0.36875 0.6 0.3578125 0.6 0.3578125 0.5921875 0.3640625 0.590625
1 0.09375 0.76875 0.1046875 0.76875 0.1046875 0.7796875 0.09375 0.7796875 0.0921875 0.778125 0.09375 0.7703125
1 0.109375 0.7859375 0.1109375 0.7953125 0.096875 0.79375 0.096875 0.7890625 0.1 0.7859375 0.1078125 0.7859375