3 0.2018777296875 0.628140253125 0.0484914328125 0.5927282359375 0.04437685 0.610550453125 0.19776314687500002 0.6459624703125 0.2018777296875 0.628140253125
4 0.7348284765625 0.7788437312500001 0.163620965625 0.6469700859375 0.1557806296875 0.6809303078125 0.7269881421875 0.812803953125 0.7348284765625 0.7788437312500001
3 0.272115234375 0.32028329843750003 0.12090926093750001 0.2853746484375 0.11736364531250001 0.30073239531249996 0.2685696203125 0.3356410453125 0.272115234375 0.32028329843750003
5 0.1703125 0.096875 0.21875 0.1078125 0.221875 0.1109375 0.2328125 0.1140625 0.2453125 0.1140625 0.2875 0.125 0.29375 0.1234375 0.3046875 0.1265625 0.3078125 0.1296875 0.3140625 0.128125 0.321875 0.1328125 0.3390625 0.1359375 0.3484375 0.140625 0.353125 0.1390625 0.421875 0.1546875 0.434375 0.1578125 0.4359375 0.1609375 0.4421875 0.159375 0.5421875 0.1828125 0.5515625 0.1875 0.55625 0.1859375 0.5625 0.1890625 0.5703125 0.1890625 0.6375 0.2046875 0.646875 0.209375 0.6515625 0.2078125 0.6734375 0.215625 0.6765625 0.2140625 0.6859375 0.215625 0.6921875 0.21875 0.70625 0.2203125 0.815625 0.246875 0.828125 0.246875 0.8359375 0.2515625 0.840625 0.25 0.8484375 0.2515625 0.875 0.2578125 0.8828125 0.2625 0.8890625 0.2609375 0.9828125 0.2828125 0.984375 0.2859375 0.990625 0.2859375 0.99375 0.2875 0.9921875 0.30625 0.9859375 0.3203125 0.9578125 0.446875 0.8359375 0.41875 0.8296875 0.4203125 0.815625 0.4140625 0.79375 0.4109375 0.746875 0.3984375 0.7421875 0.4 0.734375 0.3953125 0.6734375 0.38125 0.6625 0.38125 0.653125 0.3765625 0.640625 0.3765625 0.6265625 0.3734375 0.5921875 0.3625 0.578125 0.359375 0.565625 0.359375 0.5109375 0.34375 0.5046875 0.3453125 0.490625 0.3390625 0.409375 0.3203125 0.4 0.3203125 0.3828125 0.3140625 0.3625 0.3125 0.28125 0.29375 0.2796875 0.290625 0.2765625 0.2921875 0.2671875 0.2875 0.2609375 0.2890625 0.240625 0.284375 0.2328125 0.2796875 0.2203125 0.2765625 0.165625 0.2640625 0.159375 0.265625 0.140625 0.2609375 0.1390625 0.2578125 0.1328125 0.2578125 0.13125 0.25625 0.1328125 0.24375 0.165625 0.1015625 0.16875 0.0984375
3 0.252063634375 0.3469743375 0.1115375453125 0.3145313328125 0.10873005 0.326691928125 0.249256140625 0.35913493281250003 0.252063634375 0.3469743375
3 0.6832191484375 0.415464721875 0.6454268921875 0.4067396921875 0.6422415499999999 0.42053692500000006 0.68003380625 0.42926195468749995 0.6832191484375 0.415464721875
1 0.1046875 0.440625 0.1078125 0.4421875 0.1078125 0.4484375 0.1046875 0.4515625 0.0953125 0.4484375 0.0953125 0.4421875 0.103125 0.440625
1 0.3546875 0.5 0.365625 0.5015625 0.3671875 0.50625 0.3625 0.5109375 0.3546875 0.509375 0.353125 0.5078125 0.3546875 0.5015625
1 0.3515625 0.5140625 0.3625 0.5171875 0.3609375 0.525 0.359375 0.525 0.35 0.521875 0.3515625 0.515625
1 0.0953125 0.4546875 0.1046875 0.4578125 0.1046875 0.4625 0.103125 0.4640625 0.0921875 0.4625 0.09375 0.45625
1 0.090625 0.46875 0.1015625 0.471875 0.0984375 0.4796875 0.0921875 0.478125 0.090625 0.4796875 0.0890625 0.478125 0.090625 0.4703125
1 0.084375 0.4984375 0.0890625 0.5 0.090625 0.4984375 0.0953125 0.5015625 0.09375 0.509375 0.090625 0.509375 0.0828125 0.50625 0.08125 0.503125 0.084375 0.5
1 0.3484375 0.5578125 0.3515625 0.5609375 0.35 0.56875 0.3390625 0.565625 0.340625 0.559375 0.346875 0.5578125
1 0.04375 0.671875 0.0546875 0.6734375 0.053125 0.684375 0.04375 0.6828125 0.040625 0.6796875 0.04375 0.6734375
1 0.0546875 0.690625 0.05625 0.6921875 0.0546875 0.7015625 0.0421875 0.696875 0.0421875 0.6921875 0.046875 0.6890625 0.053125 0.690625