2 0.615625 0.115625 0.6203125 0.1140625 0.6703125 0.1140625 0.675 0.11875 0.6734375 0.1234375 0.675 0.16875 0.671875 0.1953125 0.671875 0.2 0.675 0.2046875 0.671875 0.2109375 0.671875 0.2171875 0.675 0.21875 0.671875 0.225 0.6734375 0.2390625 0.671875 0.240625 0.6609375 0.2390625 0.6359375 0.2421875 0.6296875 0.2390625 0.628125 0.240625 0.6140625 0.2390625 0.6140625 0.1953125 0.615625 0.19375 0.6125 0.171875 0.6140625 0.1609375 0.6125 0.1578125 0.6140625 0.1375 0.6125 0.1359375 0.615625 0.1171875
5 0.203125 0.34375 0.203125 0.1171875 0.2796875 0.1171875 0.28125 0.11875 0.28125 0.225 0.2828125 0.2265625 0.28125 0.228125 0.28125 0.34375 0.265625 0.34375 0.2640625 0.3453125 0.259375 0.34375 0.2484375 0.3453125 0.2046875 0.34375
5 0.79375 0.57890625 0.1234375 0.29375
0 0.10234375 0.6390625 0.025 0.2234375
0 0.0296875 0.259375 0.028125 0.2546875 0.0296875 0.2515625 0.028125 0.2484375 0.028125 0.05625 0.0296875 0.0546875 0.04375 0.0546875 0.04375 0.259375 0.03125 0.259375
0 0.5640625 0.459375 0.5640625 0.2671875 0.5625 0.265625 0.5640625 0.259375 0.5625 0.2484375 0.5625 0.1296875 0.5640625 0.128125 0.584375 0.128125 0.584375 0.1875 0.5859375 0.1890625 0.5859375 0.4578125 0.584375 0.459375 0.565625 0.459375
0 0.5265625 0.9578125 0.5265625 0.7875 0.540625 0.7875 0.5421875 0.790625 0.540625 0.796875 0.5421875 0.809375 0.5421875 0.9578125 0.528125 0.9578125
0 0.2375 0.4171875 0.290625 0.415625 0.30625 0.4171875 0.3078125 0.421875 0.3078125 0.7171875 0.30625 0.71875 0.3078125 0.8140625 0.3046875 0.8171875 0.2453125 0.8171875 0.240625 0.81875 0.2375 0.8171875 0.2359375 0.809375 0.2359375 0.7859375 0.2375 0.784375 0.2359375 0.78125 0.2359375 0.671875 0.2375 0.6703125 0.2359375 0.66875 0.2359375 0.6234375 0.2375 0.621875 0.2359375 0.615625 0.2375 0.6078125 0.2359375 0.6046875 0.2359375 0.4203125 0.2375 0.41875
0 0.134375 0.18359375 0.021875 0.240625
0 0.3640625 0.37734375 0.021875 0.3375
0 0.15625 0.55625 0.15625 0.371875 0.1578125 0.3703125 0.1765625 0.3703125 0.1765625 0.396875 0.178125 0.3984375 0.1765625 0.4015625 0.178125 0.4140625 0.1765625 0.41875 0.1765625 0.4390625 0.178125 0.440625 0.1765625 0.5421875 0.178125 0.5546875 0.1765625 0.55625 0.1578125 0.55625
0 0.1640625 0.653125 0.165625 0.65 0.18125 0.65 0.1828125 0.6515625 0.1828125 0.7484375 0.184375 0.75 0.1828125 0.7515625 0.184375 0.8296875 0.1828125 0.83125 0.165625 0.83125 0.165625 0.7921875 0.1640625 0.790625 0.1640625 0.665625 0.165625 0.6546875
1 0.075 0.8984375 0.075 0.8765625 0.0765625 0.875 0.090625 0.8765625 0.090625 0.896875 0.0765625 0.8984375
1 0.075 0.8421875 0.090625 0.84375 0.090625 0.8625 0.0890625 0.8640625 0.075 0.8640625 0.075 0.84375
1 0.0671875 0.8765625 0.0671875 0.896875 0.065625 0.8984375 0.053125 0.8984375 0.0515625 0.8953125 0.0515625 0.8765625 0.053125 0.875 0.065625 0.8765625
1 0.059375 0.8546875 0.01875 0.025
1 0.04375 0.8421875 0.0453125 0.84375 0.04375 0.8453125 0.04375 0.8640625 0.0296875 0.8640625 0.028125 0.8609375 0.0296875 0.8515625 0.028125 0.84375 0.0328125 0.840625 0.0421875 0.8421875
1 0.0296875 0.8296875 0.0296875 0.8125 0.028125 0.8109375 0.0296875 0.8078125 0.04375 0.8078125 0.0453125 0.821875 0.04375 0.8296875 0.0390625 0.83125 0.03125 0.8296875
1 0.403125 0.375 0.4140625 0.3734375 0.421875 0.375 0.421875 0.4015625 0.4046875 0.4015625 0.403125 0.4 0.403125 0.3765625
1 0.403125 0.334375 0.421875 0.334375 0.421875 0.3609375 0.41875 0.3625 0.403125 0.3609375 0.403125 0.3359375
1 0.4125 0.31015625 0.0203125 0.028125
1 0.403125 0.25625 0.421875 0.25625 0.421875 0.2828125 0.4046875 0.2828125 0.403125 0.28125 0.403125 0.2578125