2 0.7796875 0.325 0.78125 0.328125 0.7875 0.328125 0.7921875 0.325 0.7984375 0.328125 0.8296875 0.325 0.8390625 0.3265625 0.8796875 0.325 0.8828125 0.3265625 0.884375 0.3296875 0.884375 0.3796875 0.8828125 0.384375 0.8625 0.3875 0.8609375 0.3859375 0.8265625 0.3875 0.8046875 0.384375 0.803125 0.3859375 0.759375 0.3859375 0.7578125 0.384375 0.759375 0.3703125 0.75625 0.3640625 0.759375 0.3390625 0.7578125 0.328125 0.759375 0.3265625 0.7625 0.328125 0.778125 0.3265625
5 0.771875 0.7171875 0.7734375 0.71875 0.8796875 0.71875 0.88125 0.7203125 0.88125 0.796875 0.6546875 0.796875 0.6546875 0.7703125 0.653125 0.76875 0.6546875 0.7671875 0.653125 0.75625 0.6546875 0.71875 0.7703125 0.71875
5 0.5640625 0.1453125 0.5671875 0.146875 0.5671875 0.265625 0.565625 0.2671875 0.35 0.2671875 0.3484375 0.265625 0.346875 0.2671875 0.2765625 0.2671875 0.275 0.265625 0.275 0.146875 0.2765625 0.1453125 0.5625 0.1453125
0 0.35625 0.8859375 0.3578125 0.8875 0.3640625 0.8859375 0.3734375 0.8875 0.3765625 0.8859375 0.471875 0.8875 0.471875 0.9078125 0.4703125 0.909375 0.2515625 0.909375 0.25 0.9078125 0.25 0.8875 0.3546875 0.8859375
0 0.7390625 0.95625 0.94375 0.95625 0.9421875 0.971875 0.75 0.971875 0.7484375 0.9703125 0.74375 0.971875 0.7390625 0.9703125 0.7390625 0.9578125
0 0.809375 0.4140625 0.8109375 0.415625 0.8703125 0.415625 0.8703125 0.4359375 0.86875 0.4375 0.5390625 0.4359375 0.5390625 0.415625 0.540625 0.4140625 0.8078125 0.4140625
0 0.040625 0.4578125 0.1890625 0.4578125 0.190625 0.459375 0.2078125 0.4578125 0.2109375 0.459375 0.2109375 0.4734375 0.040625 0.4734375 0.040625 0.459375
0 0.18125 0.7625 0.1796875 0.759375 0.18125 0.7546875 0.18125 0.6953125 0.184375 0.6921875 0.2671875 0.6921875 0.26875 0.69375 0.28125 0.6921875 0.5765625 0.6921875 0.58125 0.69375 0.5828125 0.7140625 0.58125 0.715625 0.58125 0.7625 0.578125 0.7640625 0.39375 0.7640625 0.3921875 0.7625 0.3890625 0.7640625 0.38125 0.7625 0.375 0.7640625 0.3296875 0.7640625 0.328125 0.7625 0.3265625 0.7640625 0.2171875 0.7640625 0.215625 0.7625 0.1890625 0.7640625 0.1828125 0.7625
0 0.8546875 0.8546875 0.85625 0.85625 0.865625 0.8546875 0.86875 0.85625 0.8703125 0.8546875 0.9296875 0.85625 0.9328125 0.8546875 0.9359375 0.85625 0.9359375 0.875 0.8234375 0.875 0.821875 0.8765625 0.81875 0.875 0.7 0.875 0.696875 0.871875 0.696875 0.85625 0.6984375 0.8546875 0.853125 0.8546875
0 0.5984375 0.625 0.6 0.6265625 0.6125 0.625 0.6140625 0.6265625 0.6296875 0.625 0.790625 0.6265625 0.790625 0.6453125 0.7890625 0.646875 0.45625 0.646875 0.4546875 0.6453125 0.4546875 0.628125 0.4578125 0.625 0.478125 0.625 0.4796875 0.6265625 0.509375 0.6265625 0.5109375 0.625 0.590625 0.6265625 0.596875 0.625
0 0.5171875 0.821875 0.51875 0.8234375 0.5203125 0.821875 0.628125 0.8234375 0.628125 0.8421875 0.6265625 0.84375 0.4421875 0.84375 0.4421875 0.8234375 0.44375 0.821875 0.45625 0.8234375 0.515625 0.821875
0 0.178125 0.815625 0.1796875 0.8171875 0.246875 0.8171875 0.2484375 0.815625 0.25 0.8171875 0.346875 0.8171875 0.3484375 0.81875 0.3484375 0.834375 0.3453125 0.8359375 0.34375 0.834375 0.3328125 0.8359375 0.1671875 0.834375 0.1671875 0.8171875 0.1765625 0.815625
1 0.1 0.925 0.1015625 0.909375 0.121875 0.909375 0.1234375 0.9125 0.121875 0.925 0.1015625 0.925
1 0.1546875 0.909375 0.15625 0.925 0.134375 0.925 0.1359375 0.909375 0.153125 0.909375
1 0.1 0.946875 0.1015625 0.9328125 0.121875 0.9328125 0.1234375 0.9359375 0.121875 0.9484375 0.103125 0.9484375 0.1015625 0.946875
1 0.134375 0.9328125 0.15625 0.9328125 0.1578125 0.934375 0.15625 0.9390625 0.1578125 0.9453125 0.1546875 0.9484375 0.1359375 0.9484375 0.134375 0.934375
1 0.1546875 0.9546875 0.1578125 0.965625 0.1546875 0.971875 0.134375 0.9703125 0.134375 0.95625 0.153125 0.95625
1 0.16875 0.95625 0.171875 0.9546875 0.190625 0.95625 0.1890625 0.971875 0.16875 0.9703125 0.1671875 0.9671875 0.16875 0.9578125
1 0.596875 0.578125 0.6234375 0.578125 0.625 0.58125 0.6234375 0.596875 0.5984375 0.596875 0.596875 0.5953125 0.596875 0.5796875
1 0.6375 0.578125 0.6640625 0.578125 0.6640625 0.596875 0.6375 0.596875 0.6359375 0.584375 0.6375 0.5796875
1 0.6765625 0.578125 0.703125 0.578125 0.703125 0.596875 0.678125 0.596875 0.675 0.5921875 0.6765625 0.5796875
1 0.715625 0.578125 0.7421875 0.578125 0.7421875 0.596875 0.7171875 0.596875 0.715625 0.5953125 0.715625 0.5796875