5 0.3609375 0.809375 0.19609375 0.12734375
0 0.1421875 0.06875 0.14375 0.0703125 0.1453125 0.06875 0.2296875 0.06875 0.23125 0.0703125 0.2328125 0.06875 0.3328125 0.06875 0.3359375 0.0703125 0.3359375 0.090625 0.0953125 0.090625 0.0953125 0.0703125 0.0984375 0.06875 0.140625 0.06875
0 0.346875 0.5453125 0.3484375 0.546875 0.35 0.5453125 0.3578125 0.546875 0.3625 0.5453125 0.3640625 0.546875 0.396875 0.546875 0.3984375 0.5453125 0.5359375 0.546875 0.5375 0.5484375 0.5375 0.5640625 0.5359375 0.565625 0.2375 0.565625 0.2359375 0.5640625 0.2359375 0.546875 0.240625 0.5453125 0.246875 0.546875 0.3453125 0.5453125
0 0.796875 0.0765625 0.7984375 0.078125 0.8046875 0.0765625 0.81875 0.078125 0.81875 0.0984375 0.8171875 0.1 0.6515625 0.1 0.65 0.0984375 0.65 0.078125 0.6546875 0.0765625 0.69375 0.0765625 0.6953125 0.078125 0.6984375 0.0765625 0.7921875 0.078125 0.7953125 0.0765625
0 0.134375 0.371875 0.3015625 0.371875 0.303125 0.3734375 0.303125 0.3921875 0.3015625 0.39375 0.1359375 0.39375 0.134375 0.3921875 0.134375 0.3734375
0 0.2703125 0.446875 0.271875 0.4484375 0.2734375 0.446875 0.284375 0.4484375 0.2921875 0.446875 0.3 0.4484375 0.3015625 0.446875 0.321875 0.446875 0.3234375 0.4484375 0.4640625 0.446875 0.4671875 0.4484375 0.4671875 0.4703125 0.465625 0.471875 0.2140625 0.471875 0.2109375 0.4703125 0.2109375 0.4484375 0.26875 0.446875
0 0.7203125 0.5265625 0.721875 0.528125 0.725 0.5265625 0.73125 0.528125 0.7328125 0.5265625 0.7359375 0.528125 0.8296875 0.528125 0.83125 0.5265625 0.834375 0.528125 0.8375 0.5265625 0.8421875 0.528125 0.84375 0.5265625 0.8484375 0.528125 0.871875 0.528125 0.8734375 0.5265625 0.875 0.528125 0.9 0.528125 0.9015625 0.5265625 0.903125 0.528125 0.9078125 0.5265625 0.909375 0.528125 0.94375 0.528125 0.94375 0.5859375 0.9421875 0.5875 0.5984375 0.5875 0.596875 0.5859375 0.596875 0.5296875 0.5984375 0.528125 0.6140625 0.528125 0.615625 0.5265625 0.61875 0.528125 0.7046875 0.528125 0.70625 0.5265625 0.71875 0.528125
0 0.0953125 0.6796875 0.2671875 0.6796875 0.26875 0.68125 0.278125 0.6796875 0.3765625 0.6796875 0.3796875 0.68125 0.3796875 0.7015625 0.0953125 0.7015625 0.09375 0.7 0.09375 0.6828125 0.0953125 0.68125
0 0.3140625 0.2671875 0.5734375 0.2671875 0.575 0.26875 0.575 0.284375 0.5734375 0.2859375 0.3140625 0.2859375 0.3125 0.284375 0.3140625 0.26875
0 0.2265625 0.9265625 0.3984375 0.9265625 0.3984375 0.94375 0.2265625 0.94375 0.225 0.9421875 0.2265625 0.928125
1 0.4140625 0.14375 0.4375 0.14375 0.4375 0.159375 0.4359375 0.1609375 0.415625 0.1609375 0.4125 0.1578125 0.4140625 0.1453125
1 0.4140625 0.165625 0.4359375 0.165625 0.4375 0.1671875 0.4359375 0.1828125 0.4140625 0.1828125 0.4125 0.1796875 0.4140625 0.1671875
1 0.446875 0.165625 0.46875 0.165625 0.4703125 0.1671875 0.46875 0.1828125 0.4484375 0.1828125 0.446875 0.1671875
1 0.4140625 0.1890625 0.428125 0.1875 0.4375 0.1890625 0.4375 0.203125 0.4140625 0.203125 0.4140625 0.190625
1 0.6171875 0.8875 0.6203125 0.8859375 0.6359375 0.8875 0.6359375 0.9 0.61875 0.9 0.6171875 0.8890625
1 0.6515625 0.8875 0.6546875 0.8859375 0.6703125 0.8875 0.66875 0.9 0.653125 0.9 0.6515625 0.8890625
1 0.6296875 0.909375 0.6359375 0.9109375 0.6375 0.9140625 0.6359375 0.9234375 0.61875 0.9234375 0.6171875 0.921875 0.6171875 0.9109375 0.628125 0.909375
1 0.65 0.9125 0.6546875 0.909375 0.6703125 0.9109375 0.6703125 0.9234375 0.6515625 0.9234375 0.65 0.921875 0.6515625 0.9140625
1 0.6171875 0.946875 0.61875 0.934375 0.6359375 0.934375 0.6359375 0.946875 0.61875 0.946875
1 0.66875 0.934375 0.6703125 0.946875 0.6515625 0.946875 0.653125 0.934375 0.6671875 0.934375