2 0.6375 0.2734375 0.6390625 0.275 0.6484375 0.2734375 0.7 0.2734375 0.7015625 0.275 0.709375 0.2734375 0.7125 0.275 0.7203125 0.2734375 0.7875 0.275 0.79375 0.2734375 0.7984375 0.275 0.796875 0.34375 0.7765625 0.346875 0.76875 0.34375 0.759375 0.346875 0.734375 0.34375 0.70625 0.346875 0.7 0.34375 0.6875 0.3453125 0.6828125 0.3421875 0.678125 0.3453125 0.6546875 0.3453125 0.653125 0.346875 0.6421875 0.34375 0.6328125 0.3484375 0.6296875 0.34375 0.6234375 0.34375 0.6203125 0.346875 0.615625 0.3453125 0.6 0.346875 0.596875 0.3515625 0.5921875 0.353125 0.5875 0.3484375 0.5859375 0.35 0.5796875 0.346875 0.575 0.3484375 0.5765625 0.346875 0.575 0.34375 0.5625 0.3453125 0.559375 0.3390625 0.5609375 0.3265625 0.559375 0.3078125 0.5625 0.290625 0.5609375 0.275 0.5734375 0.2765625 0.58125 0.2734375 0.6171875 0.2734375 0.61875 0.275 0.6328125 0.2734375 0.6359375 0.275
2 0.1125 0.4625 0.115625 0.4671875 0.1234375 0.465625 0.125 0.4625 0.1375 0.4640625 0.1390625 0.4625 0.146875 0.4640625 0.153125 0.4625 0.171875 0.4625 0.1734375 0.4640625 0.178125 0.4625 0.1890625 0.4640625 0.240625 0.4625 0.2515625 0.4640625 0.2546875 0.4796875 0.253125 0.5265625 0.2484375 0.528125 0.2453125 0.5265625 0.2078125 0.5265625 0.20625 0.525 0.1921875 0.528125 0.171875 0.525 0.1671875 0.5265625 0.1578125 0.525 0.11875 0.5265625 0.115625 0.525 0.1125 0.5265625 0.109375 0.5234375 0.1109375 0.5203125 0.109375 0.5171875 0.1109375 0.50625 0.109375 0.503125 0.1109375 0.46875 0.109375 0.4671875 0.1109375 0.4640625
5 0.075 0.2015625 0.3140625 0.2015625 0.315625 0.203125 0.321875 0.2015625 0.3953125 0.2015625 0.3984375 0.203125 0.3984375 0.2609375 0.396875 0.2625 0.075 0.2609375 0.075 0.203125
0 0.4546875 0.48125 0.4546875 0.459375 0.45625 0.4578125 0.5421875 0.4578125 0.54375 0.45625 0.625 0.4578125 0.628125 0.4796875 0.625 0.4828125 0.5109375 0.4828125 0.509375 0.48125 0.4578125 0.4828125 0.45625 0.48125
0 0.6734375 0.603125 0.675 0.6046875 0.7359375 0.6046875 0.7375 0.60625 0.7375 0.6265625 0.7359375 0.628125 0.5671875 0.628125 0.5671875 0.6046875 0.5734375 0.603125 0.596875 0.603125 0.5984375 0.6046875 0.671875 0.603125
0 0.51875 0.2015625 0.5203125 0.203125 0.5328125 0.2015625 0.540625 0.203125 0.55625 0.2015625 0.5609375 0.203125 0.7625 0.203125 0.7625 0.225 0.5015625 0.2234375 0.5 0.203125 0.5171875 0.203125
0 0.196875 0.6 0.1984375 0.6015625 0.2078125 0.6 0.2140625 0.6015625 0.25 0.6015625 0.2515625 0.6 0.2546875 0.6015625 0.2609375 0.6 0.3625 0.6015625 0.3640625 0.609375 0.3625 0.6171875 0.1640625 0.615625 0.165625 0.6 0.1953125 0.6
0 0.559375 0.85625 0.5609375 0.8578125 0.709375 0.8578125 0.7109375 0.859375 0.7109375 0.878125 0.709375 0.8796875 0.5296875 0.878125 0.5296875 0.8578125 0.53125 0.85625 0.5578125 0.85625
0 0.5734375 0.9421875 0.7328125 0.9421875 0.734375 0.94375 0.7765625 0.9421875 0.784375 0.94375 0.784375 0.959375 0.5765625 0.959375 0.5734375 0.9578125 0.5734375 0.94375
0 0.0609375 0.303125 0.284375 0.303125 0.284375 0.321875 0.06875 0.321875 0.0609375 0.3203125 0.0609375 0.3046875
0 0.6578125 0.359375 0.659375 0.3609375 0.715625 0.3609375 0.7171875 0.3625 0.73125 0.3609375 0.734375 0.3625 0.734375 0.38125 0.7328125 0.3828125 0.5203125 0.3828125 0.51875 0.38125 0.5171875 0.3828125 0.5140625 0.38125 0.484375 0.3828125 0.4796875 0.3796875 0.48125 0.3609375 0.484375 0.359375 0.65625 0.3609375
0 0.55 0.6859375 0.6765625 0.6859375 0.6796875 0.684375 0.68125 0.6859375 0.7125 0.6859375 0.7140625 0.6875 0.7203125 0.6859375 0.75 0.6859375 0.7515625 0.6875 0.8015625 0.6859375 0.834375 0.6890625 0.834375 0.7109375 0.5546875 0.7109375 0.55 0.709375 0.55 0.6875
0 0.3078125 0.7078125 0.309375 0.709375 0.478125 0.709375 0.48125 0.7125 0.48125 0.725 0.478125 0.7265625 0.2625 0.725 0.2625 0.709375 0.265625 0.7078125 0.26875 0.709375 0.271875 0.7078125 0.30625 0.709375
0 0.634375 0.5234375 0.6359375 0.5265625 0.634375 0.546875 0.5109375 0.546875 0.509375 0.5453125 0.5078125 0.546875 0.4734375 0.546875 0.471875 0.5453125 0.44375 0.5453125 0.4421875 0.546875 0.4359375 0.5453125 0.4359375 0.525 0.4375 0.5234375 0.6328125 0.5234375
0 0.428125 0.1484375 0.4296875 0.15 0.5609375 0.15 0.5625 0.1515625 0.5625 0.1703125 0.5609375 0.171875 0.30625 0.171875 0.3046875 0.1703125 0.2984375 0.171875 0.2671875 0.1703125 0.265625 0.171875 0.2546875 0.1703125 0.253125 0.1515625 0.25625 0.1484375 0.3921875 0.1484375 0.39375 0.15 0.4265625 0.1484375
1 0.1796875 0.8421875 0.2 0.8421875 0.2015625 0.8453125 0.2 0.85625 0.1859375 0.8578125 0.1796875 0.85625 0.1796875 0.84375
1 0.215625 0.8421875 0.2375 0.8421875 0.2375 0.85625 0.234375 0.8578125 0.23125 0.85625 0.2171875 0.8578125 0.215625 0.84375
1 0.1984375 0.865625 0.2015625 0.86875 0.1984375 0.88125 0.178125 0.8796875 0.1796875 0.865625 0.196875 0.865625
1 0.2359375 0.865625 0.2375 0.8671875 0.2359375 0.88125 0.2171875 0.88125 0.215625 0.8796875 0.2171875 0.865625 0.234375 0.865625
1 0.2 0.890625 0.2 0.9046875 0.178125 0.9046875 0.1796875 0.8890625 0.1984375 0.890625
1 0.23125 0.8890625 0.2375 0.890625 0.2359375 0.9046875 0.215625 0.9046875 0.215625 0.890625 0.2296875 0.8890625
1 0.178125 0.9140625 0.1984375 0.9140625 0.1984375 0.928125 0.178125 0.928125 0.178125 0.915625