0 0.3359375 0.215625 0.3375 0.2171875 0.36875 0.2171875 0.3703125 0.21875 0.446875 0.21875 0.4484375 0.2203125 0.4484375 0.240625 0.446875 0.2421875 0.2046875 0.2375 0.203125 0.228125 0.20625 0.2140625 0.334375 0.215625
0 0.7453125 0.7375 0.746875 0.7390625 0.88125 0.740625 0.8828125 0.7515625 0.8796875 0.7640625 0.603125 0.759375 0.6 0.75625 0.6015625 0.740625 0.6 0.7390625 0.603125 0.7359375 0.74375 0.7375
0 0.5921875 0.846875 0.5921875 0.8640625 0.4984375 0.8640625 0.496875 0.8625 0.4859375 0.8640625 0.484375 0.8625 0.409375 0.8625 0.4078125 0.8609375 0.34375 0.859375 0.346875 0.8421875 0.590625 0.846875
0 0.171875 0.3125 0.41875 0.315625 0.4203125 0.3171875 0.465625 0.3171875 0.4671875 0.31875 0.4671875 0.3359375 0.321875 0.334375 0.3203125 0.3328125 0.175 0.33125 0.1703125 0.328125 0.171875 0.3140625
0 0.146875 0.5 0.1484375 0.5015625 0.415625 0.50625 0.415625 0.5265625 0.4140625 0.528125 0.35625 0.528125 0.3546875 0.5265625 0.1453125 0.5234375 0.14375 0.521875 0.14375 0.5015625 0.1453125 0.5015625
0 0.28125 0.41875 0.3484375 0.41875 0.35 0.4203125 0.390625 0.41875 0.3921875 0.4203125 0.4234375 0.4203125 0.425 0.421875 0.4359375 0.4203125 0.4375 0.421875 0.5203125 0.4234375 0.521875 0.4265625 0.5203125 0.428125 0.5203125 0.446875 0.2953125 0.44375 0.2796875 0.440625 0.2796875 0.421875 0.28125 0.4203125
0 0.690625 0.5296875 0.8265625 0.53125 0.859375 0.534375 0.8578125 0.553125 0.75625 0.5515625 0.7546875 0.55 0.7359375 0.5515625 0.734375 0.55 0.690625 0.55 0.6890625 0.5484375 0.6890625 0.5328125 0.690625 0.53125
0 0.2046875 0.70625 0.2078125 0.6921875 0.4171875 0.696875 0.41875 0.6984375 0.4171875 0.7125 0.3171875 0.7125 0.315625 0.7109375 0.296875 0.7125 0.2953125 0.7109375 0.2296875 0.7109375 0.228125 0.709375 0.20625 0.709375 0.20625 0.7078125
0 0.665625 0.65 0.734375 0.65 0.7359375 0.6515625 0.74375 0.65 0.7453125 0.6515625 0.8265625 0.653125 0.8265625 0.6703125 0.825 0.671875 0.8078125 0.671875 0.80625 0.6703125 0.796875 0.671875 0.7953125 0.6703125 0.665625 0.66875 0.6640625 0.6671875 0.665625 0.6515625
0 0.4734375 0.3546875 0.5953125 0.35625 0.596875 0.3578125 0.646875 0.3578125 0.6484375 0.359375 0.646875 0.3734375 0.6375 0.371875 0.521875 0.371875 0.5203125 0.3703125 0.4734375 0.3703125 0.471875 0.36875 0.4734375 0.35625
0 0.1765625 0.7609375 0.178125 0.7625 0.19375 0.7609375 0.1953125 0.7625 0.4234375 0.765625 0.425 0.7671875 0.440625 0.7671875 0.4390625 0.7828125 0.165625 0.778125 0.1625 0.7765625 0.1625 0.7625 0.175 0.7609375
1 0.765625 0.34375 0.784375 0.34375 0.7859375 0.3453125 0.7859375 0.35625 0.7828125 0.359375 0.765625 0.3578125 0.765625 0.3453125
1 0.8 0.34375 0.8203125 0.3453125 0.81875 0.359375 0.8 0.359375 0.7984375 0.35625 0.8 0.3453125
1 0.784375 0.3625 0.784375 0.3765625 0.7640625 0.3765625 0.765625 0.3625 0.7828125 0.3625
1 0.7984375 0.3765625 0.8 0.3625 0.8171875 0.3625 0.81875 0.3640625 0.81875 0.3765625 0.8 0.3765625
1 0.8734375 0.38125 0.8765625 0.3828125 0.8765625 0.39375 0.85625 0.39375 0.8578125 0.38125 0.871875 0.38125
1 0.9046875 0.3625 0.903125 0.3765625 0.884375 0.375 0.8859375 0.3625 0.903125 0.3625
1 0.884375 0.3828125 0.9046875 0.3828125 0.903125 0.3953125 0.8859375 0.3953125 0.884375 0.384375
1 0.92265625 0.36953125 0.021875 0.0140625
1 0.940625 0.3640625 0.9609375 0.3640625 0.959375 0.3765625 0.9421875 0.375 0.940625 0.365625
1 0.634375 0.5625 0.6359375 0.5640625 0.6578125 0.5640625 0.6578125 0.58125 0.6546875 0.5828125 0.63125 0.58125 0.63125 0.5640625 0.6328125 0.5640625
1 0.6734375 0.5640625 0.6984375 0.5640625 0.7 0.565625 0.7 0.58125 0.6984375 0.5828125 0.6734375 0.5828125 0.6734375 0.565625
1 0.7171875 0.565625 0.7421875 0.565625 0.7421875 0.5828125 0.740625 0.584375 0.715625 0.5828125 0.7171875 0.5671875