0 0.1319377125 0.45406231249999995 0.117693259375 0.453564884375 0.1141620109375 0.45666934374999996 0.11010105781249999 0.68731328125 0.11161337812500001 0.69301469375 0.1258296875 0.6943180812499999 0.13055678125 0.689641496875 0.13368895625 0.48559425 0.1319377125 0.45406231249999995
0 0.49078596250000006 0.40445894375 0.4931932578125 0.2375057703125 0.4914420125 0.2059738296875 0.471956978125 0.2085211703125 0.46913500625 0.338340478125 0.468831684375 0.428707521875 0.488204140625 0.42938402187499997 0.4899697640625 0.42783179374999997 0.49078596250000006 0.40445894375
0 0.4699193828125 0.7079478453125 0.4658183578125 0.71103240625 0.4634880015625 0.924790971875 0.47764801874999996 0.9277062796875001 0.48006785625 0.9237560671875 0.482974875 0.726156503125 0.48074516718750004 0.7083258890625 0.4699193828125 0.7079478453125
0 0.5611250375 0.0728407609375 0.5575375015625 0.07755714062499999 0.5542852484375 0.3340515 0.55591015 0.3365290734375 0.5708088140625 0.334628515625 0.5748065953125 0.08945739375 0.5725206015625 0.073238703125 0.5611250375 0.0728407609375
0 0.6461377640625 0.48089494843749997 0.66955495625 0.48009880781250003 0.6725682843749999 0.1977739234375 0.6503187921875 0.197803896875 0.648496878125 0.200968046875 0.6445553859375 0.444527246875 0.6461377640625 0.48089494843749997
3 0.21988770156249998 0.4094593890625 0.21709461718749998 0.48944289531249996 0.22828505937500002 0.48983367343750006 0.2310781453125 0.4098501671875 0.21988770156249998 0.4094593890625
3 0.457800759375 0.29167052031249996 0.45584610625 0.3476444671875 0.46769179375 0.34805812812500003 0.469646446875 0.29208418125 0.457800759375 0.29167052031249996
3 0.4540426125 0.7871113328125 0.45183944218749994 0.8502019093750001 0.46182765156250005 0.8505507046874999 0.4640308234375 0.787460128125 0.4540426125 0.7871113328125
3 0.5470618515625 0.17807535937500002 0.5451108578125 0.2339445296875 0.554478009375 0.2342716390625 0.5564290046875 0.17840246875000002 0.5470618515625 0.17807535937500002
3 0.6343433968750001 0.3149144765625 0.6324166078125 0.3700905234375 0.6453334765625 0.370541590625 0.647260265625 0.31536554375 0.6343433968750001 0.3149144765625
0 0.8428790625 0.384935728125 0.8425344406249999 0.3784681484375 0.8397418406250001 0.3767567421875 0.8180339828125 0.3776125734375 0.8170833312499999 0.4865167046875 0.8161118843749999 0.5602890328125001 0.8160942375 0.5609250953125 0.813557128125 0.7018473968750001 0.8156955171875 0.7059567875 0.8385710765625 0.704334790625 0.8428790625 0.384935728125
0 0.860167378125 0.8046907546875 0.8795398343749999 0.8053672546874999 0.8814461828125 0.7997852234375 0.8849310859375 0.48761990781250003 0.8672679656250001 0.4870030984375 0.8631669390625 0.490087659375 0.860167378125 0.8046907546875
0 0.8725585656250001 0.40084492968749996 0.8907914671875 0.4014816375 0.8931831578124999 0.3983373828125 0.8953521421874999 0.1401913078125 0.8753254734375 0.141912790625 0.87229960625 0.261234715625 0.8725585656250001 0.40084492968749996
3 0.8052925390624999 0.5176935609375 0.8034617234375 0.57012128125 0.8140482 0.5704909687499999 0.815879015625 0.5180632484375 0.8052925390624999 0.5176935609375
3 0.8521412640625 0.6222027046874999 0.850307915625 0.6747029609374999 0.8598801859374999 0.6750372328124999 0.8617135359375 0.6225369765625001 0.8521412640625 0.6222027046874999
3 0.865263228125 0.24652050937499997 0.8634568968749999 0.2982470453125 0.8726816062499999 0.298569178125 0.8744879359375 0.2468426421875 0.865263228125 0.24652050937499997
5 0.6553137109375 0.8879147421875 0.6609094703125 0.5153024 0.6587429375 0.5119989703125001 0.52860836875 0.5139101171875 0.52295631875 0.888134378125 0.5251228515624999 0.8914378093750001 0.540506859375 0.89197503125 0.65064290625 0.8909794062499999 0.6553137109375 0.8879147421875
1 0.084375 0.89375 0.0875 0.896875 0.0875 0.91875 0.0859375 0.9203125 0.0703125 0.9203125 0.06875 0.91875 0.06875 0.896875 0.0828125 0.8953125
1 0.0703125 0.8625 0.0875 0.8625 0.0875 0.8875 0.0734375 0.8890625 0.0703125 0.8875 0.0703125 0.8640625
1 0.0875 0.8296875 0.0890625 0.83125 0.0890625 0.8515625 0.084375 0.85625 0.0703125 0.8546875 0.071875 0.85 0.0703125 0.83125 0.0859375 0.8296875
1 0.228125 0.71875 0.234375 0.721875 0.2328125 0.7421875 0.21875 0.740625 0.21875 0.721875 0.221875 0.71875 0.2265625 0.71875
1 0.228125 0.684375 0.234375 0.6859375 0.234375 0.70625 0.2296875 0.7078125 0.21875 0.7046875 0.21875 0.6859375 0.2265625 0.684375
1 0.2203125 0.65 0.234375 0.6515625 0.234375 0.6703125 0.2328125 0.671875 0.228125 0.6703125 0.2203125 0.671875 0.2203125 0.6515625
1 0.240625 0.7203125 0.25625 0.721875 0.25625 0.7390625 0.2546875 0.740625 0.240625 0.7390625 0.240625 0.721875
1 0.2484375 0.6953125 0.01875 0.0234375
1 0.25625 0.65 0.2578125 0.6515625 0.2578125 0.671875 0.2421875 0.671875 0.2421875 0.6515625 0.2546875 0.65
1 0.24375 0.615625 0.2578125 0.615625 0.2578125 0.63125 0.2546875 0.6375 0.2421875 0.6375 0.24375 0.6296875 0.2421875 0.61875 0.24375 0.6171875