0 0.533064515625 0.1305587234375 0.533064515625 0.1163055875 0.529838709375 0.112884834375 0.2991935484375 0.11687571249999999 0.2935483875 0.11858608906250001 0.2927419359375 0.132839225 0.2975806453125 0.137400228125 0.5016129031250001 0.13340935 0.533064515625 0.1305587234375
0 0.595161290625 0.48745724062500007 0.7620967734375 0.48403648749999995 0.7935483875 0.48118586093750004 0.79032258125 0.461801596875 0.6604838703125 0.46351197187500004 0.570161290625 0.46636259999999996 0.570161290625 0.4857468640625 0.5717741937499999 0.48745724062500007 0.595161290625 0.48745724062500007
0 0.2911290328125 0.488027365625 0.2911290328125 0.4771949828125 0.2879032265625 0.47320410468749996 0.0741935484375 0.478335234375 0.07177419375 0.49258836875 0.0758064515625 0.49486887187499995 0.27338709687499996 0.49087799375 0.2911290328125 0.488027365625
0 0.9290322578125 0.5575826687500001 0.9290322578125 0.546180159375 0.9241935484375 0.5427594078125 0.6677419359375001 0.5484606609375 0.66532258125 0.5501710375 0.6677419359375001 0.5649942984375 0.9129032265625 0.5604332953125 0.9290322578125 0.5575826687500001
0 0.8040322578125 0.637970353125 0.5604838703125 0.64253135625 0.5241935484375 0.6453819843749999 0.5258064515624999 0.6687571265625001 0.808064515625 0.661915621875 0.8072580640625 0.6396807296875 0.8040322578125 0.637970353125
3 0.5807096781250001 0.21689851718750003 0.5006774187499999 0.21689851718750003 0.5006774187499999 0.22809578125000002 0.5807096781250001 0.22809578125000002 0.5807096781250001 0.21689851718750003
3 0.7067298390625 0.45055587187499996 0.6507217734374999 0.45055587187499996 0.6507217734374999 0.4624087796875 0.7067298390625 0.4624087796875 0.7067298390625 0.45055587187499996
3 0.211459678125 0.46409065 0.1483306453125 0.46409065 0.1483306453125 0.47408494843750004 0.211459678125 0.47408494843750004 0.211459678125 0.46409065
3 0.8233709671874999 0.535798175 0.7674677421875 0.535798175 0.7674677421875 0.5451710375000001 0.8233709671874999 0.5451710375000001 0.8233709671874999 0.535798175
3 0.6896612906249999 0.6278021671875 0.6344516125 0.6278021671875 0.6344516125 0.640726909375 0.6896612906249999 0.640726909375 0.6896612906249999 0.6278021671875
0 0.635025 0.8352337515625001 0.633412096875 0.8135689859375 0.5245411296875 0.8164196125000001 0.4507798390625 0.8180233749999999 0.45014354843750004 0.8180279359375 0.30921854843749996 0.820410490625 0.30518629062499997 0.8226909921875001 0.3076056453125 0.8454960093749999 0.626960484375 0.8386545046875 0.633412096875 0.838084378125 0.635025 0.8352337515625001
0 0.5258064515624999 0.86659065 0.5225806453125 0.862599771875 0.208064515625 0.870581528125 0.208064515625 0.8899657921875 0.213709678125 0.8916761687499999 0.5258064515624999 0.8842645375 0.5258064515624999 0.86659065
0 0.8709677421875 0.862599771875 0.7516129031250001 0.8637400234375001 0.6120967734375 0.8688711515625 0.6120967734375 0.8871151656249999 0.61532258125 0.8893956671875 0.873387096875 0.8825541625 0.8709677421875 0.862599771875
3 0.4929717734375 0.805724059375 0.44051209687500004 0.805724059375 0.44051209687500004 0.8163169890624999 0.4929717734375 0.8163169890624999 0.4929717734375 0.805724059375
3 0.390161290625 0.8561915625 0.3376290328125 0.8561915625 0.3376290328125 0.8657696687499999 0.390161290625 0.8657696687499999 0.390161290625 0.8561915625
3 0.76607258125 0.8561944125000001 0.714314515625 0.8561944125000001 0.714314515625 0.86542474375 0.76607258125 0.86542474375 0.76607258125 0.8561944125000001
5 0.1177419359375 0.6687571265625001 0.49032258124999994 0.6613454953125 0.4935483875 0.65906499375 0.4870967734375 0.5290763968750001 0.1129032265625 0.536488028125 0.10967741875 0.5387685296875 0.10967741875 0.5541619156250001 0.1145161296875 0.6641961234375 0.1177419359375 0.6687571265625001
1 0.0890625 0.0828125 0.0921875 0.0984375 0.0875 0.1015625 0.0671875 0.1015625 0.065625 0.1 0.065625 0.084375 0.0671875 0.0828125 0.0875 0.0828125
1 0.0984375 0.0828125 0.1234375 0.0828125 0.1234375 0.1 0.0984375 0.1 0.096875 0.0859375 0.0984375 0.084375
1 0.13125 0.0828125 0.146875 0.08125 0.15625 0.0828125 0.15625 0.0984375 0.1546875 0.1 0.13125 0.1 0.1296875 0.0953125 0.13125 0.084375
1 0.25 0.2265625 0.2703125 0.2265625 0.271875 0.228125 0.271875 0.2390625 0.26875 0.2421875 0.25 0.240625 0.25 0.228125
1 0.3046875 0.225 0.30625 0.2265625 0.3046875 0.240625 0.2859375 0.240625 0.284375 0.2375 0.2859375 0.225 0.303125 0.225
1 0.31875 0.2375 0.3203125 0.225 0.340625 0.225 0.3421875 0.2375 0.340625 0.2390625 0.3203125 0.2390625
1 0.26875 0.246875 0.271875 0.2484375 0.271875 0.2625 0.2703125 0.2640625 0.253125 0.2640625 0.2515625 0.2625 0.253125 0.2484375 0.2671875 0.2484375
1 0.290625 0.246875 0.2921875 0.2484375 0.3046875 0.246875 0.3078125 0.25 0.30625 0.2625 0.2859375 0.2625 0.2859375 0.2484375 0.2890625 0.246875
1 0.3203125 0.246875 0.340625 0.246875 0.3421875 0.2484375 0.340625 0.2625 0.3203125 0.2625 0.3203125 0.2484375
1 0.3734375 0.2453125 0.3765625 0.246875 0.3765625 0.2609375 0.35625 0.2609375 0.3546875 0.259375 0.3546875 0.246875 0.371875 0.246875