0 0.5072130515625 0.1291522 0.506218803125 0.11493378437499999 0.502762234375 0.111746384375 0.272957303125 0.13181653437500002 0.267445203125 0.13391653125 0.267634965625 0.1481912015625 0.272780046875 0.1524035640625 0.47603690312499997 0.1341898359375 0.5072130515625 0.1291522
0 0.59405454375 0.48084967812499996 0.7603447609375 0.4657924265625 0.7915209109375 0.46075479062499997 0.786950784375 0.44164276718749995 0.6575476640625 0.45240606562499996 0.5676439546875 0.46155033437500004 0.5689961328125 0.4808873796875 0.5707244171875 0.4824810796875 0.59405454375 0.48084967812499996
0 0.290047034375 0.49182063749999994 0.286550696875 0.48806450156250003 0.07371953437499999 0.508090765625 0.0723003203125 0.5224779453124999 0.07648183593749999 0.5244716171875 0.2733027953125 0.50670793125 0.29080266250000003 0.5026266328125 0.290047034375 0.49182063749999994
0 0.9312085218749999 0.5161398890625 0.9261429796874999 0.5130650015625 0.6707137703125 0.5366415265625 0.66841961875 0.538516503125 0.6718670984374999 0.5531348890625 0.916113028125 0.531483409375 0.9320039203125001 0.5275146234375 0.9312085218749999 0.5161398890625
0 0.5342759484374999 0.643340184375 0.5375154906249999 0.666545875 0.8186087484375 0.640031709375 0.816253234375 0.6179072359375 0.8129159765624999 0.6164260453125 0.57027901875 0.6379650156250001 0.5342759484374999 0.643340184375
3 0.5607649125 0.21195811562500003 0.48092760781250005 0.21754088437500002 0.48170868906250003 0.228710871875 0.56154599375 0.223128103125 0.5607649125 0.21195811562500003
3 0.7027772078125001 0.43625557031250006 0.646905575 0.4401624953125 0.6477323921875 0.45198653125000005 0.703604025 0.44807960468749997 0.7027772078125001 0.43625557031250006
3 0.20965763750000002 0.48430567812499997 0.146682384375 0.4887093375 0.1473795515625 0.498679290625 0.21035480468749998 0.49427563125 0.20965763750000002 0.48430567812499997
3 0.82508040625 0.5131537546875 0.769313359375 0.517053365625 0.7699671765625 0.5264033968749999 0.8257342234375 0.522503784375 0.82508040625 0.5131537546875
3 0.6981143140625 0.6142607453125 0.6430391234374999 0.6181119765624999 0.6439407078125 0.6310052359375 0.6990158984375 0.627154003125 0.6981143140625 0.6142607453125
0 0.650274559375 0.8289732437499999 0.6566706859375 0.8279544640625 0.6580808109375 0.824998271875 0.6549605781250001 0.8034987906250001 0.5465536656250001 0.813936928125 0.4730839265625 0.8206821109375 0.472449503125 0.820731046875 0.33203398906250003 0.832938228125 0.3281706328125 0.83549445 0.33217489218749996 0.85807515 0.650274559375 0.8289732437499999
0 0.2346261171875 0.8900432 0.23597829374999998 0.9093802453125001 0.241729015625 0.91069266875 0.552548528125 0.8815283218750001 0.5513156593749999 0.8638974859375 0.547819321875 0.8601413515624999 0.2346261171875 0.8900432
0 0.6375548625 0.8601531250000001 0.6388275 0.878352696875 0.6422045296875 0.880402621875 0.8991631734375 0.8555761125 0.8953577656249999 0.8358390953124999 0.7763732078125 0.8453023421875001 0.6375548625 0.8601531250000001
3 0.5143151265625 0.8054695953125 0.46198323906249994 0.8091289968750001 0.4627221640625 0.8196961234375 0.5150540515625 0.8160367203125001 0.5143151265625 0.8054695953125
3 0.41527552031250003 0.862985859375 0.362871228125 0.8666503234375 0.36353936249999996 0.8762050984374999 0.4159436546875 0.8725406328125 0.41527552031250003 0.862985859375
3 0.7902713078125 0.83676645625 0.738639321875 0.840376915625 0.7392831984375 0.8495847624999999 0.7909151828125001 0.845974303125 0.7902713078125 0.83676645625
5 0.130445 0.6950110171875 0.5016010484375 0.661627528125 0.504659915625 0.6591275609375 0.489156471875 0.5299056515625 0.1163914515625 0.5634016515625 0.11333258125000001 0.56590161875 0.11440636875000001 0.58125750625 0.1269088921875 0.6906861453124999 0.130445 0.6950110171875
1 0.0625 0.1140625 0.065625 0.1296875 0.0609375 0.1328125 0.040625 0.1328125 0.0390625 0.13125 0.0390625 0.115625 0.040625 0.1140625 0.0609375 0.1140625
1 0.071875 0.1125 0.084375 0.1109375 0.096875 0.1125 0.096875 0.128125 0.084375 0.1296875 0.071875 0.1296875 0.0703125 0.115625 0.071875 0.1140625
1 0.128125 0.1078125 0.1296875 0.1109375 0.128125 0.1265625 0.1078125 0.1265625 0.10625 0.128125 0.103125 0.1234375 0.1046875 0.11875 0.103125 0.1109375 0.1265625 0.1078125
1 0.2328125 0.2453125 0.2453125 0.24375 0.2546875 0.2453125 0.2546875 0.25625 0.2453125 0.2609375 0.2328125 0.259375 0.2328125 0.246875
1 0.2875 0.240625 0.2890625 0.2421875 0.2875 0.25625 0.26875 0.25625 0.2671875 0.253125 0.26875 0.240625 0.2859375 0.240625
1 0.321875 0.2375 0.325 0.25 0.3125 0.253125 0.3015625 0.2515625 0.303125 0.25 0.3015625 0.2390625 0.3203125 0.2375
1 0.25625 0.265625 0.25625 0.2796875 0.246875 0.2828125 0.2359375 0.28125 0.2359375 0.26875 0.2546875 0.265625
1 0.2890625 0.2625 0.2921875 0.265625 0.290625 0.278125 0.2703125 0.278125 0.271875 0.2625 0.275 0.2640625 0.2875 0.2625
1 0.3234375 0.259375 0.3265625 0.2609375 0.3265625 0.2734375 0.3140625 0.2765625 0.3046875 0.2765625 0.303125 0.2609375 0.321875 0.259375
1 0.359375 0.25625 0.3609375 0.2703125 0.3578125 0.271875 0.340625 0.271875 0.3375 0.259375 0.3578125 0.25625