5 0.9625 0.0640625 0.9640625 0.065625 0.9640625 0.1796875 0.9375 0.1796875 0.9359375 0.18125 0.93125 0.1796875 0.8765625 0.1796875 0.875 0.18125 0.8671875 0.1796875 0.8625 0.18125 0.8609375 0.1796875 0.8578125 0.18125 0.84375 0.1796875 0.7734375 0.1796875 0.771875 0.18125 0.7671875 0.1796875 0.6734375 0.1796875 0.671875 0.178125 0.6734375 0.16875 0.671875 0.1640625 0.6734375 0.1578125 0.6734375 0.09375 0.671875 0.0921875 0.6734375 0.065625 0.675 0.0640625 0.9609375 0.0640625
2 0.0765625 0.7390625 0.078125 0.740625 0.0828125 0.7390625 0.084375 0.740625 0.0859375 0.7390625 0.1296875 0.7390625 0.13125 0.740625 0.14375 0.7390625 0.146875 0.7421875 0.178125 0.7390625 0.2375 0.740625 0.2390625 0.74375 0.2390625 0.765625 0.2375 0.7671875 0.2390625 0.771875 0.2375 0.775 0.2390625 0.821875 0.2375 0.83125 0.234375 0.8328125 0.228125 0.83125 0.203125 0.8328125 0.1984375 0.8296875 0.1828125 0.8328125 0.1796875 0.83125 0.16875 0.8328125 0.1 0.83125 0.096875 0.8328125 0.0890625 0.8296875 0.078125 0.8328125 0.075 0.83125 0.0375 0.8328125 0.0328125 0.828125 0.034375 0.821875 0.0328125 0.8203125 0.034375 0.8109375 0.0328125 0.8 0.0359375 0.796875 0.034375 0.7953125 0.0359375 0.7828125 0.0328125 0.7796875 0.034375 0.775 0.0328125 0.7453125 0.0359375 0.740625 0.075 0.7390625
0 0.0953125 0.1890625 0.2953125 0.1890625 0.2953125 0.328125 0.2296875 0.328125 0.228125 0.3296875 0.2234375 0.328125 0.2046875 0.328125 0.203125 0.3296875 0.19375 0.328125 0.159375 0.328125 0.1578125 0.3296875 0.15625 0.328125 0.09375 0.328125 0.09375 0.1953125 0.0953125 0.190625
0 0.60859375 0.2796875 0.2453125 0.02421875
0 0.48125 0.690625 0.4828125 0.6921875 0.5046875 0.6921875 0.50625 0.690625 0.5171875 0.6921875 0.5328125 0.6921875 0.534375 0.690625 0.5390625 0.6921875 0.5421875 0.690625 0.5484375 0.6921875 0.553125 0.690625 0.5578125 0.6921875 0.5765625 0.6921875 0.578125 0.690625 0.703125 0.6921875 0.703125 0.709375 0.63125 0.709375 0.6296875 0.7109375 0.628125 0.709375 0.61875 0.7109375 0.603125 0.7109375 0.6015625 0.709375 0.5890625 0.7109375 0.5828125 0.709375 0.5765625 0.7109375 0.571875 0.709375 0.534375 0.709375 0.5328125 0.7109375 0.528125 0.709375 0.5234375 0.7109375 0.434375 0.709375 0.4328125 0.7078125 0.4328125 0.6921875 0.4796875 0.6921875
0 0.66875 0.7296875 0.675 0.73125 0.6765625 0.734375 0.675 0.7359375 0.6765625 0.740625 0.675 0.753125 0.509375 0.753125 0.509375 0.73125 0.5765625 0.73125 0.578125 0.7296875 0.584375 0.73125 0.5875 0.7296875 0.6609375 0.73125 0.6671875 0.7296875
0 0.5125 0.5390625 0.5140625 0.540625 0.5140625 0.559375 0.5109375 0.5609375 0.484375 0.5609375 0.4828125 0.559375 0.471875 0.5609375 0.30625 0.5609375 0.3046875 0.559375 0.2328125 0.5609375 0.2296875 0.5578125 0.2296875 0.540625 0.23125 0.5390625 0.5109375 0.5390625
0 0.653125 0.903125 0.6546875 0.9046875 0.665625 0.903125 0.7609375 0.903125 0.7625 0.9046875 0.8125 0.903125 0.8140625 0.9046875 0.8234375 0.903125 0.8265625 0.90625 0.8265625 0.9265625 0.825 0.928125 0.625 0.928125 0.625 0.9046875 0.6515625 0.903125
0 0.8421875 0.4015625 0.84375 0.403125 0.8421875 0.41875 0.56875 0.41875 0.5671875 0.4171875 0.5578125 0.41875 0.55625 0.4171875 0.5578125 0.4015625 0.840625 0.4015625
0 0.18125 0.384375 0.1828125 0.3859375 0.1953125 0.384375 0.203125 0.3859375 0.2203125 0.3859375 0.221875 0.384375 0.275 0.3859375 0.2765625 0.384375 0.2828125 0.3859375 0.290625 0.384375 0.2984375 0.3875 0.2984375 0.403125 0.296875 0.4046875 0.103125 0.4046875 0.1015625 0.3875 0.1046875 0.384375 0.125 0.384375 0.1265625 0.3859375 0.1796875 0.384375
0 0.6078125 0.225 0.934375 0.225 0.934375 0.2453125 0.9328125 0.246875 0.7359375 0.246875 0.734375 0.2484375 0.7328125 0.246875 0.65625 0.246875 0.6546875 0.2453125 0.653125 0.246875 0.646875 0.2453125 0.609375 0.246875 0.6078125 0.2453125 0.6078125 0.2265625
0 0.440625 0.5984375 0.4421875 0.6 0.6109375 0.5984375 0.6234375 0.6 0.6234375 0.6203125 0.4296875 0.6203125 0.428125 0.61875 0.428125 0.6 0.4390625 0.5984375
0 0.296875 0.4421875 0.2984375 0.44375 0.4453125 0.44375 0.4453125 0.4609375 0.44375 0.4625 0.2 0.4625 0.196875 0.459375 0.1984375 0.44375 0.2953125 0.44375
0 0.2203125 0.8640625 0.221875 0.865625 0.234375 0.8640625 0.2359375 0.865625 0.2953125 0.865625 0.2953125 0.88125 0.2359375 0.88125 0.234375 0.8828125 0.2328125 0.88125 0.134375 0.88125 0.1328125 0.8796875 0.134375 0.865625 0.21875 0.865625
1 0.7125 0.4921875 0.7125 0.50625 0.69375 0.50625 0.6921875 0.5046875 0.69375 0.4921875 0.7109375 0.4921875
1 0.6796875 0.4921875 0.6796875 0.50625 0.6609375 0.50625 0.659375 0.5046875 0.6609375 0.4921875 0.678125 0.4921875
1 0.7125 0.5140625 0.7125 0.5265625 0.69375 0.5265625 0.6921875 0.5234375 0.69375 0.5140625 0.7109375 0.5140625
1 0.728125 0.4921875 0.7453125 0.4921875 0.746875 0.49375 0.746875 0.50625 0.728125 0.50625 0.728125 0.49375
1 0.7609375 0.471875 0.78125 0.471875 0.7796875 0.4859375 0.7625 0.4859375 0.7609375 0.4734375
1 0.871875 0.5203125 0.8734375 0.521875 0.871875 0.5390625 0.8453125 0.5390625 0.8453125 0.521875 0.846875 0.5203125 0.8703125 0.5203125
1 0.884375 0.5203125 0.9109375 0.5203125 0.9109375 0.5390625 0.884375 0.5390625 0.884375 0.521875
1 0.7125 0.471875 0.7125 0.4859375 0.6921875 0.484375 0.69375 0.471875 0.7109375 0.471875