2 0.2375 0.45 0.24375 0.453125 0.2453125 0.4515625 0.2703125 0.4515625 0.271875 0.453125 0.309375 0.4515625 0.340625 0.4546875 0.3421875 0.4703125 0.3390625 0.490625 0.340625 0.4984375 0.3390625 0.5 0.340625 0.5125 0.3390625 0.525 0.3359375 0.528125 0.3203125 0.528125 0.31875 0.5296875 0.3125 0.5265625 0.3046875 0.528125 0.2640625 0.5265625 0.2625 0.528125 0.240625 0.525 0.2328125 0.5265625 0.1953125 0.525 0.19375 0.5171875 0.1953125 0.503125 0.19375 0.5015625 0.196875 0.4765625 0.196875 0.453125 0.1984375 0.4515625 0.2359375 0.4515625
5 0.3890625 0.134375 0.4125 0.1328125 0.4140625 0.134375 0.4921875 0.134375 0.49375 0.1359375 0.553125 0.1359375 0.5546875 0.1375 0.571875 0.1359375 0.5734375 0.1375 0.625 0.1375 0.6265625 0.1390625 0.6234375 0.1828125 0.590625 0.1828125 0.5890625 0.18125 0.3875 0.178125 0.3859375 0.175 0.3875 0.1734375 0.3875 0.1390625 0.3890625 0.1359375
0 0.15625 0.2625 0.3265625 0.265625 0.3453125 0.26875 0.34375 0.2828125 0.26875 0.2828125 0.2671875 0.28125 0.2078125 0.28125 0.20625 0.2796875 0.1921875 0.28125 0.190625 0.2796875 0.15625 0.2796875 0.1546875 0.278125 0.15625 0.2640625
0 0.628125 0.653125 0.8046875 0.6546875 0.80625 0.65625 0.8453125 0.65625 0.846875 0.6578125 0.8578125 0.65625 0.859375 0.6578125 0.89375 0.6578125 0.8953125 0.659375 0.9375 0.659375 0.9375 0.6734375 0.928125 0.675 0.9265625 0.6734375 0.8578125 0.6734375 0.85625 0.671875 0.63125 0.66875 0.628125 0.6671875 0.628125 0.6546875
0 0.39375 0.928125 0.3953125 0.9296875 0.675 0.934375 0.6765625 0.9359375 0.6765625 0.95625 0.675 0.9578125 0.403125 0.953125 0.4015625 0.9515625 0.3484375 0.95 0.3484375 0.9296875 0.35 0.928125 0.3921875 0.928125
0 0.2578125 0.0859375 0.4640625 0.0890625 0.465625 0.090625 0.5203125 0.090625 0.521875 0.0921875 0.546875 0.090625 0.5546875 0.09375 0.553125 0.1125 0.3046875 0.109375 0.303125 0.1078125 0.25625 0.10625 0.2578125 0.0875
0 0.4875 0.4390625 0.4890625 0.440625 0.5078125 0.440625 0.509375 0.4390625 0.5109375 0.440625 0.5453125 0.440625 0.546875 0.4421875 0.590625 0.4421875 0.5890625 0.4578125 0.4671875 0.45625 0.465625 0.4546875 0.4609375 0.45625 0.459375 0.4546875 0.396875 0.4546875 0.3953125 0.453125 0.3828125 0.4546875 0.375 0.453125 0.3765625 0.4375 0.4859375 0.4390625
0 0.215625 0.728125 0.284375 0.728125 0.2859375 0.7296875 0.309375 0.7296875 0.3109375 0.728125 0.3125 0.7296875 0.3828125 0.73125 0.384375 0.7328125 0.3828125 0.753125 0.3375 0.753125 0.3359375 0.7515625 0.334375 0.753125 0.328125 0.7515625 0.3171875 0.753125 0.315625 0.7515625 0.215625 0.75 0.2140625 0.7484375 0.215625 0.7296875
1 0.85 0.4078125 0.8703125 0.4078125 0.8703125 0.4171875 0.865625 0.421875 0.85 0.421875 0.85 0.409375
1 0.89140625 0.415625 0.02265625 0.015625
1 0.921875 0.4078125 0.93125 0.409375 0.93125 0.421875 0.928125 0.4234375 0.9109375 0.421875 0.9125 0.409375 0.9203125 0.409375
1 0.8671875 0.425 0.86875 0.4265625 0.8671875 0.4390625 0.85 0.4390625 0.8484375 0.4375 0.8484375 0.43125 0.8515625 0.425 0.865625 0.425
1 0.8921875 0.425 0.9 0.428125 0.8984375 0.4390625 0.88125 0.4390625 0.88125 0.4265625 0.890625 0.425
1 0.9203125 0.4328125 0.021875 0.015625
1 0.896875 0.4578125 0.8953125 0.45625 0.88125 0.4578125 0.8796875 0.4453125 0.88125 0.44375 0.8984375 0.44375 0.8984375 0.45625
1 0.9109375 0.44375 0.9296875 0.44375 0.928125 0.4578125 0.9109375 0.4578125 0.909375 0.45625 0.9109375 0.4453125
1 0.909375 0.4625 0.9296875 0.4625 0.928125 0.475 0.909375 0.475 0.909375 0.4640625