0 0.7671875 0.2796875 0.76875 0.28125 0.771875 0.2796875 0.9625 0.2796875 0.9625 0.3 0.9609375 0.3015625 0.809375 0.3015625 0.8078125 0.303125 0.7203125 0.3015625 0.7203125 0.28125 0.7234375 0.2796875 0.765625 0.2796875
0 0.6890625 0.8859375 0.690625 0.8875 0.7140625 0.8875 0.715625 0.8859375 0.8984375 0.8859375 0.9078125 0.884375 0.909375 0.9078125 0.9078125 0.909375 0.8109375 0.909375 0.809375 0.9109375 0.653125 0.9109375 0.6515625 0.8984375 0.653125 0.8875 0.6875 0.8875
0 0.046875 0.0859375 0.0484375 0.0875 0.35625 0.0859375 0.3578125 0.1015625 0.35625 0.103125 0.0359375 0.1046875 0.034375 0.0890625 0.0453125 0.0875
0 0.925 0.6328125 0.9265625 0.753125 0.8296875 0.753125 0.828125 0.7546875 0.8140625 0.753125 0.8125 0.7546875 0.6875 0.7546875 0.6859375 0.753125 0.6859375 0.7140625 0.684375 0.7125 0.684375 0.634375 0.6875 0.6328125 0.7078125 0.6328125 0.709375 0.634375 0.7125 0.6328125 0.890625 0.6328125 0.8921875 0.63125 0.921875 0.63125 0.9234375 0.6328125
0 0.23828125 0.61953125 0.1984375 0.02734375
0 0.384375 0.890625 0.578125 0.890625 0.5796875 0.89375 0.578125 0.909375 0.3859375 0.9109375 0.3828125 0.9078125 0.384375 0.8921875
0 0.4984375 0.790625 0.5 0.7921875 0.5109375 0.790625 0.6515625 0.790625 0.653125 0.7890625 0.6703125 0.790625 0.6734375 0.80625 0.671875 0.8109375 0.66875 0.8125 0.5453125 0.8125 0.54375 0.8140625 0.3625 0.8140625 0.3609375 0.8125 0.3609375 0.79375 0.3625 0.7921875 0.496875 0.790625
0 0.328125 0.7 0.33125 0.703125 0.3328125 0.71875 0.3328125 0.796875 0.33125 0.7984375 0.1953125 0.7984375 0.19375 0.8 0.0734375 0.8 0.0703125 0.796875 0.0703125 0.703125 0.075 0.7015625 0.3265625 0.7
0 0.0890625 0.278125 0.10625 0.278125 0.1078125 0.2765625 0.13125 0.2765625 0.1328125 0.278125 0.1359375 0.2765625 0.3 0.2765625 0.3015625 0.278125 0.3015625 0.2984375 0.196875 0.2984375 0.1953125 0.3 0.090625 0.3 0.0890625 0.2984375 0.0890625 0.2796875
0 0.3328125 0.5328125 0.334375 0.534375 0.3375 0.5328125 0.4390625 0.5328125 0.440625 0.5515625 0.4359375 0.5546875 0.43125 0.553125 0.4296875 0.5546875 0.1953125 0.5546875 0.19375 0.55625 0.140625 0.5546875 0.140625 0.5359375 0.1421875 0.534375 0.33125 0.5328125
0 0.5796875 0.6359375 0.5796875 0.6578125 0.409375 0.6578125 0.409375 0.6375 0.4109375 0.6359375 0.578125 0.6359375
0 0.140625 0.9046875 0.1421875 0.90625 0.35 0.9046875 0.3515625 0.90625 0.3515625 0.925 0.1390625 0.9265625 0.1375 0.925 0.1375 0.90625 0.1390625 0.90625
0 0.75 0.1421875 0.7515625 0.14375 0.753125 0.1421875 0.94375 0.1421875 0.9453125 0.15625 0.94375 0.159375 0.8859375 0.159375 0.884375 0.1609375 0.8703125 0.159375 0.8671875 0.1609375 0.8515625 0.159375 0.846875 0.1609375 0.7265625 0.1609375 0.7234375 0.159375 0.7234375 0.14375 0.7484375 0.1421875
0 0.2671875 0.465625 0.26875 0.4671875 0.3125 0.465625 0.3140625 0.4671875 0.3140625 0.4890625 0.2 0.4890625 0.1984375 0.490625 0.053125 0.490625 0.05 0.4859375 0.0515625 0.478125 0.05 0.46875 0.053125 0.4671875 0.16875 0.4671875 0.1703125 0.465625 0.259375 0.4671875 0.265625 0.465625
2 0.4875 0.2703125 0.4890625 0.271875 0.5546875 0.271875 0.55625 0.2703125 0.559375 0.271875 0.5640625 0.2703125 0.60625 0.271875 0.609375 0.2796875 0.609375 0.3703125 0.5375 0.3703125 0.5359375 0.371875 0.5328125 0.3703125 0.496875 0.3703125 0.4953125 0.371875 0.4921875 0.3703125 0.484375 0.371875 0.4765625 0.3703125 0.4484375 0.3703125 0.446875 0.371875 0.3765625 0.3703125 0.375 0.3671875 0.375 0.309375 0.3734375 0.3078125 0.375 0.30625 0.3734375 0.290625 0.375 0.2875 0.3734375 0.275 0.375 0.2734375 0.4859375 0.271875
3 0.2168588703125 0.0741448125 0.168512096875 0.0741448125 0.168512096875 0.0855929296875 0.2168588703125 0.0855929296875 0.2168588703125 0.0741448125
3 0.8458669359375 0.12951539375 0.81669758125 0.12951539375 0.81669758125 0.1411687578125 0.8458669359375 0.1411687578125 0.8458669359375 0.12951539375
3 0.2067016125 0.26347776562499997 0.1755080640625 0.26347776562499997 0.1755080640625 0.27589509687499997 0.2067016125 0.27589509687499997 0.2067016125 0.26347776562499997
3 0.8633306453125 0.2679218921875 0.8132016125 0.2679218921875 0.8132016125 0.2786459515625 0.8633306453125 0.2786459515625 0.8633306453125 0.2679218921875
3 0.1951330640625 0.45378848281249995 0.16012500000000002 0.45378848281249995 0.16012500000000002 0.467146521875 0.1951330640625 0.467146521875 0.1951330640625 0.45378848281249995
3 0.3163588703125 0.5215108328125 0.259415321875 0.5215108328125 0.259415321875 0.53298175625 0.3163588703125 0.53298175625 0.3163588703125 0.5215108328125
3 0.2577540328125 0.59417901875 0.213262096875 0.59417901875 0.213262096875 0.606801596875 0.2577540328125 0.606801596875 0.2577540328125 0.59417901875
3 0.517411290625 0.6228449265625 0.4698790328125 0.6228449265625 0.4698790328125 0.6348517671875 0.517411290625 0.6348517671875 0.517411290625 0.6228449265625
3 0.543560484375 0.7785604328125 0.485262096875 0.7785604328125 0.485262096875 0.79133694375 0.543560484375 0.79133694375 0.543560484375 0.7785604328125
3 0.5133830640625 0.8789053593749999 0.4454072578125 0.8789053593749999 0.4454072578125 0.8896693265625 0.5133830640625 0.8896693265625 0.5133830640625 0.8789053593749999
3 0.27077419375 0.8917559859375 0.2104677421875 0.8917559859375 0.2104677421875 0.90423033125 0.27077419375 0.90423033125 0.27077419375 0.8917559859375
3 0.8129717734374999 0.8729732046875001 0.7404798390625 0.8729732046875001 0.7404798390625 0.8846550734375 0.8129717734374999 0.8846550734375 0.8129717734374999 0.8729732046875001
3 0.9656814515625 0.2338141390625 0.9271733875000001 0.2338141390625 0.9271733875000001 0.2509179015625 0.9656814515625 0.2509179015625 0.9656814515625 0.2338141390625
1 0.5046875 0.7 0.5109375 0.7015625 0.5109375 0.7140625 0.490625 0.7140625 0.490625 0.7015625 0.503125 0.7
1 0.521875 0.7 0.540625 0.7 0.5421875 0.703125 0.540625 0.7140625 0.521875 0.7140625 0.521875 0.7015625
1 0.5609375 0.6984375 0.571875 0.7 0.571875 0.7125 0.5703125 0.7140625 0.553125 0.7140625 0.5515625 0.703125 0.553125 0.7 0.559375 0.7
1 0.5828125 0.7 0.603125 0.7 0.6015625 0.7140625 0.584375 0.7140625 0.5828125 0.7015625
1 0.5015625 0.72578125 0.02265625 0.015625
1 0.521875 0.71875 0.5359375 0.7203125 0.540625 0.71875 0.5421875 0.7203125 0.540625 0.7328125 0.5234375 0.7328125 0.521875 0.7203125