0 0.2796875 0.0375 0.3 0.0375 0.3015625 0.0390625 0.3015625 0.190625 0.303125 0.1921875 0.3015625 0.2796875 0.28125 0.2796875 0.2796875 0.2765625 0.2796875 0.2328125 0.28125 0.23125 0.2796875 0.228125 0.2796875 0.0390625
0 0.884375 0.0921875 0.8875 0.090625 0.9078125 0.090625 0.909375 0.0921875 0.909375 0.1890625 0.9109375 0.190625 0.9109375 0.346875 0.8984375 0.3484375 0.8875 0.346875 0.8859375 0.1015625 0.884375 0.09375
0 0.1015625 0.6421875 0.103125 0.64375 0.1046875 0.9640625 0.1 0.965625 0.0890625 0.965625 0.0859375 0.953125 0.0875 0.9515625 0.0859375 0.64375 0.1 0.6421875
0 0.6328125 0.075 0.753125 0.0734375 0.753125 0.1703125 0.7546875 0.171875 0.753125 0.1859375 0.7546875 0.1875 0.7546875 0.3125 0.753125 0.3140625 0.7140625 0.3140625 0.7125 0.315625 0.634375 0.315625 0.6328125 0.3125 0.6328125 0.2921875 0.634375 0.290625 0.6328125 0.2875 0.6328125 0.109375 0.63125 0.1078125 0.63125 0.078125 0.6328125 0.0765625
0 0.60625 0.6640625 0.6296875 0.6640625 0.63125 0.665625 0.63125 0.76875 0.6328125 0.7703125 0.63125 0.7765625 0.6328125 0.8578125 0.6296875 0.8609375 0.609375 0.8609375 0.6078125 0.859375 0.60625 0.665625
0 0.890625 0.421875 0.89375 0.4203125 0.909375 0.421875 0.909375 0.5109375 0.9109375 0.5125 0.9109375 0.6140625 0.9078125 0.6171875 0.890625 0.615625 0.890625 0.4234375
0 0.8015625 0.4828125 0.025 0.315625
0 0.796875 0.6671875 0.7984375 0.66875 0.7984375 0.8046875 0.8 0.80625 0.8 0.9265625 0.796875 0.9296875 0.703125 0.9296875 0.7015625 0.925 0.7015625 0.7078125 0.7 0.70625 0.7 0.671875 0.703125 0.66875 0.7953125 0.6671875
0 0.278125 0.9109375 0.278125 0.89375 0.2765625 0.8921875 0.2765625 0.86875 0.278125 0.8671875 0.2765625 0.8640625 0.2765625 0.7 0.278125 0.6984375 0.2984375 0.6984375 0.2984375 0.803125 0.3 0.8046875 0.3 0.909375 0.2984375 0.9109375 0.2796875 0.9109375
0 0.5515625 0.559375 0.5546875 0.5640625 0.553125 0.5671875 0.5546875 0.5703125 0.5546875 0.8046875 0.55625 0.80625 0.5546875 0.859375 0.5359375 0.859375 0.534375 0.8578125 0.5328125 0.5609375 0.55 0.559375
0 0.6359375 0.4203125 0.6578125 0.4203125 0.6578125 0.590625 0.6375 0.590625 0.6359375 0.5890625 0.6359375 0.421875
0 0.925 0.6484375 0.925 0.7265625 0.9265625 0.728125 0.9265625 0.746875 0.925 0.7484375 0.9265625 0.8609375 0.925 0.8625 0.90625 0.8625 0.9046875 0.859375 0.90625 0.8578125 0.9046875 0.65 0.90625 0.6484375 0.9234375 0.6484375
0 0.1421875 0.05625 0.15625 0.0546875 0.159375 0.05625 0.159375 0.1140625 0.1609375 0.115625 0.159375 0.1296875 0.1609375 0.1328125 0.159375 0.1484375 0.1609375 0.153125 0.1609375 0.2734375 0.159375 0.2765625 0.14375 0.2765625 0.1421875 0.271875 0.1421875 0.25 0.14375 0.2484375 0.1421875 0.246875 0.1421875 0.0578125
0 0.4890625 0.6859375 0.490625 0.946875 0.4859375 0.95 0.478125 0.9484375 0.46875 0.95 0.4671875 0.946875 0.465625 0.6875 0.4671875 0.6859375 0.4875 0.6859375
2 0.3703125 0.390625 0.3703125 0.4625 0.371875 0.4640625 0.3703125 0.4671875 0.3703125 0.503125 0.371875 0.5046875 0.3703125 0.5078125 0.371875 0.515625 0.3703125 0.5234375 0.3703125 0.5515625 0.371875 0.553125 0.3703125 0.6234375 0.3671875 0.625 0.309375 0.625 0.3078125 0.6265625 0.30625 0.625 0.290625 0.6265625 0.2875 0.625 0.275 0.6265625 0.2734375 0.625 0.2734375 0.609375 0.271875 0.6078125 0.2734375 0.6046875 0.271875 0.59375 0.2734375 0.553125 0.271875 0.5515625 0.271875 0.5140625 0.2703125 0.5125 0.271875 0.5109375 0.271875 0.4453125 0.2703125 0.44375 0.271875 0.440625 0.2703125 0.4359375 0.271875 0.39375 0.2796875 0.390625 0.36875 0.390625
3 0.0741448125 0.7831411296875 0.0741448125 0.831487903125 0.0855929296875 0.831487903125 0.0855929296875 0.7831411296875 0.0741448125 0.7831411296875
3 0.12951539375 0.1541330640625 0.12951539375 0.18330241875 0.1411687578125 0.18330241875 0.1411687578125 0.1541330640625 0.12951539375 0.1541330640625
3 0.26347776562499997 0.7932983874999999 0.26347776562499997 0.8244919359375 0.27589509687499997 0.8244919359375 0.27589509687499997 0.7932983874999999 0.26347776562499997 0.7932983874999999
3 0.2679218921875 0.13666935468750002 0.2679218921875 0.1867983875 0.2786459515625 0.1867983875 0.2786459515625 0.13666935468750002 0.2679218921875 0.13666935468750002
3 0.45378848281249995 0.8048669359374999 0.45378848281249995 0.8398749999999999 0.467146521875 0.8398749999999999 0.467146521875 0.8048669359374999 0.45378848281249995 0.8048669359374999
3 0.5215108328125 0.6836411296875 0.5215108328125 0.7405846781250001 0.53298175625 0.7405846781250001 0.53298175625 0.6836411296875 0.5215108328125 0.6836411296875
3 0.59417901875 0.7422459671875 0.59417901875 0.7867379031249999 0.606801596875 0.7867379031249999 0.606801596875 0.7422459671875 0.59417901875 0.7422459671875
3 0.6228449265625 0.482588709375 0.6228449265625 0.5301209671875 0.6348517671875 0.5301209671875 0.6348517671875 0.482588709375 0.6228449265625 0.482588709375
3 0.7785604328125 0.45643951562499996 0.7785604328125 0.514737903125 0.79133694375 0.514737903125 0.79133694375 0.45643951562499996 0.7785604328125 0.45643951562499996
3 0.8789053593749999 0.4866169359375 0.8789053593749999 0.5545927421875 0.8896693265625 0.5545927421875 0.8896693265625 0.4866169359375 0.8789053593749999 0.4866169359375
3 0.8917559859375 0.72922580625 0.8917559859375 0.7895322578124999 0.90423033125 0.7895322578124999 0.90423033125 0.72922580625 0.8917559859375 0.72922580625
3 0.8729732046875001 0.1870282265625 0.8729732046875001 0.2595201609375 0.8846550734375 0.2595201609375 0.8846550734375 0.1870282265625 0.8729732046875001 0.1870282265625
3 0.2338141390625 0.0343185484375 0.2338141390625 0.0728266125 0.2509179015625 0.0728266125 0.2509179015625 0.0343185484375 0.2338141390625 0.0343185484375
1 0.7015625 0.4890625 0.7140625 0.4890625 0.7140625 0.509375 0.7015625 0.509375 0.7 0.5046875 0.7015625 0.490625
1 0.7125 0.4578125 0.7140625 0.459375 0.7140625 0.478125 0.7 0.478125 0.7 0.459375 0.7109375 0.4578125
1 0.7 0.428125 0.7140625 0.4296875 0.7140625 0.446875 0.7109375 0.4484375 0.7 0.446875 0.6984375 0.4390625 0.7 0.4296875
1 0.7 0.396875 0.7140625 0.3984375 0.7140625 0.415625 0.7125 0.4171875 0.7 0.4171875 0.7 0.3984375
1 0.73125 0.4875 0.7328125 0.4890625 0.7328125 0.50625 0.73125 0.5078125 0.71875 0.50625 0.71875 0.4890625 0.7296875 0.4875
1 0.71875 0.478125 0.7203125 0.4640625 0.71875 0.459375 0.7203125 0.4578125 0.7328125 0.459375 0.7328125 0.4765625 0.7203125 0.478125