0 0.690625 0.25 0.7375 0.2453125 0.746875 0.2421875 0.925 0.2171875 0.928125 0.21875 0.9296875 0.2296875 0.9296875 0.2375 0.925 0.240625 0.78125 0.259375 0.7765625 0.2625 0.746875 0.2671875 0.7375 0.265625 0.7140625 0.271875 0.7046875 0.2703125 0.690625 0.2734375 0.6875 0.25625 0.6875 0.253125 0.690625 0.2515625
0 0.7671875 0.8515625 0.9421875 0.828125 0.9546875 0.8234375 0.959375 0.8265625 0.9625 0.84375 0.9625 0.846875 0.95625 0.85 0.86875 0.8609375 0.85625 0.865625 0.8125 0.8703125 0.7109375 0.8859375 0.7078125 0.8828125 0.7078125 0.875 0.7046875 0.871875 0.70625 0.8625 0.7671875 0.853125
0 0.3 0.109375 0.303125 0.115625 0.303125 0.1265625 0.3 0.128125 0.2890625 0.128125 0.2 0.1421875 0.1453125 0.1484375 0.1421875 0.1515625 0.1328125 0.153125 0.0875 0.159375 0.0859375 0.1578125 0.0765625 0.1609375 0 0.171875 0 0.153125 0.0421875 0.1484375 0.0546875 0.14375 0.06875 0.14375 0.0765625 0.140625 0.0984375 0.1375 0.109375 0.1375 0.1984375 0.1234375 0.2984375 0.1109375
0 0.9390625 0.571875 0.940625 0.5859375 0.94375 0.5875 0.95 0.6421875 0.9578125 0.6875 0.95625 0.6921875 0.86875 0.703125 0.85625 0.7078125 0.8453125 0.7078125 0.834375 0.7109375 0.8015625 0.7140625 0.7234375 0.7265625 0.71875 0.725 0.715625 0.69375 0.7109375 0.68125 0.7015625 0.6140625 0.7015625 0.6078125 0.7046875 0.6046875 0.728125 0.603125 0.7375 0.6 0.903125 0.578125 0.90625 0.575 0.9265625 0.571875 0.9375 0.571875
0 0.353125 0.628125 0.3546875 0.653125 0.2703125 0.665625 0.259375 0.665625 0.246875 0.6703125 0.2375 0.66875 0.225 0.6734375 0.1703125 0.68125 0.1640625 0.68125 0.159375 0.675 0.1578125 0.6640625 0.159375 0.65625 0.2015625 0.6515625 0.2140625 0.646875 0.3515625 0.628125
0 0.63125 0.8765625 0.634375 0.8796875 0.6359375 0.8890625 0.634375 0.8953125 0.546875 0.90625 0.54375 0.909375 0.4453125 0.9234375 0.440625 0.9203125 0.4390625 0.9140625 0.4390625 0.90625 0.44375 0.9015625 0.4546875 0.9015625 0.6296875 0.8765625
0 0.696875 0.7640625 0.7109375 0.765625 0.7140625 0.7828125 0.7046875 0.7875 0.5953125 0.8015625 0.5828125 0.80625 0.55 0.809375 0.415625 0.8296875 0.40625 0.8296875 0.403125 0.815625 0.4046875 0.8078125 0.4921875 0.796875 0.5046875 0.7921875 0.515625 0.790625 0.521875 0.7921875 0.5265625 0.7890625 0.5375 0.7875 0.546875 0.7890625 0.559375 0.784375 0.68125 0.76875 0.690625 0.7671875 0.6953125 0.7640625
0 0.103125 0.7609375 0.109375 0.7578125 0.31875 0.7296875 0.3234375 0.7265625 0.3578125 0.721875 0.3609375 0.725 0.3625 0.7375 0.365625 0.740625 0.375 0.80625 0.375 0.81875 0.3703125 0.8203125 0.3265625 0.825 0.240625 0.8375 0.2375 0.840625 0.11875 0.85625 0.1140625 0.846875 0.103125 0.7625
0 0.0625 0.3375 0.078125 0.3359375 0.08125 0.3328125 0.090625 0.33125 0.1015625 0.3296875 0.10625 0.33125 0.1125 0.328125 0.26875 0.30625 0.2734375 0.309375 0.275 0.3203125 0.275 0.328125 0.26875 0.3296875 0.18125 0.340625 0.171875 0.3421875 0.16875 0.3453125 0.125 0.35 0.06875 0.359375 0.0640625 0.35625 0.0625 0.3390625
0 0.446875 0.54375 0.4484375 0.559375 0.43125 0.565625 0.2109375 0.5953125 0.2046875 0.5984375 0.175 0.603125 0.165625 0.6015625 0.153125 0.6046875 0.1515625 0.6046875 0.1484375 0.5859375 0.153125 0.5828125 0.2734375 0.5671875 0.278125 0.5640625 0.31875 0.5578125 0.33125 0.55625 0.340625 0.5578125 0.34375 0.5546875 0.41875 0.54375 0.4296875 0.54375 0.4421875 0.540625 0.4453125 0.54375
0 0.51484375 0.64609375 0.1734375 0.0484375
0 0.4078125 0.921875 0.4109375 0.928125 0.4125 0.9390625 0.4109375 0.9421875 0.3359375 0.9515625 0.3328125 0.9546875 0.3234375 0.95625 0.3046875 0.95625 0.3015625 0.959375 0.2578125 0.9640625 0.2125 0.971875 0.2 0.971875 0.196875 0.953125 0.2 0.9515625 0.24375 0.946875 0.25625 0.9421875 0.2890625 0.9375 0.3078125 0.9375 0.3125 0.934375 0.40625 0.921875
0 0.671875 0.115625 0.68125 0.1125 0.7359375 0.10625 0.88125 0.084375 0.890625 0.0859375 0.890625 0.0953125 0.89375 0.0984375 0.8921875 0.1015625 0.8390625 0.1078125 0.8265625 0.1125 0.81875 0.1109375 0.8140625 0.1140625 0.803125 0.115625 0.7984375 0.1140625 0.7921875 0.1171875 0.68125 0.1328125 0.6734375 0.13125 0.671875 0.1171875
0 0.309375 0.4921875 0.3125 0.496875 0.3140625 0.515625 0.20625 0.5296875 0.19375 0.534375 0.1828125 0.534375 0.059375 0.553125 0.05625 0.553125 0.0515625 0.546875 0.053125 0.5390625 0.05 0.5359375 0.05 0.53125 0.059375 0.528125 0.1578125 0.515625 0.1671875 0.5140625 0.1703125 0.5109375 0.1921875 0.5078125 0.2015625 0.509375 0.225 0.503125 0.2328125 0.5046875 0.246875 0.503125 0.25625 0.5015625 0.259375 0.4984375 0.26875 0.5 0.28125 0.4953125 0.3078125 0.4921875
2 0.525 0.2640625 0.5296875 0.265625 0.534375 0.2625 0.54375 0.2640625 0.56875 0.259375 0.575 0.2609375 0.5796875 0.2765625 0.590625 0.35625 0.5203125 0.365625 0.5171875 0.36875 0.509375 0.3671875 0.4859375 0.3703125 0.4625 0.3765625 0.453125 0.375 0.43125 0.378125 0.4296875 0.38125 0.4078125 0.384375 0.359375 0.3890625 0.35625 0.3796875 0.3515625 0.3375 0.3484375 0.328125 0.3484375 0.315625 0.3453125 0.309375 0.346875 0.3046875 0.34375 0.3 0.3453125 0.2921875 0.3546875 0.2921875 0.3609375 0.2890625 0.365625 0.290625 0.3796875 0.2859375 0.3953125 0.2859375 0.4015625 0.2828125 0.4109375 0.284375 0.4234375 0.2796875 0.478125 0.2734375 0.5234375 0.265625
3 0.16034679375 0.11769483437499999 0.112470528125 0.12442340468749999 0.11406379687499998 0.1357601109375 0.1619400640625 0.1290315390625 0.16034679375 0.11769483437499999
3 0.790939490625 0.08498554999999999 0.7620540109375 0.08904514062499999 0.7636758453125 0.10058509375 0.7925613265625 0.0965255046875 0.790939490625 0.08498554999999999
3 0.1766384390625 0.3065988296875 0.1457484640625 0.3109401328125 0.1474766234375 0.32323661875 0.1783665984375 0.3188953171875 0.1766384390625 0.3065988296875
3 0.82749570625 0.2196146078125 0.7778545265625 0.2265912203125 0.7793470265625 0.2372109140625 0.8289882078125 0.2302343015625 0.82749570625 0.2196146078125
3 0.1916686078125 0.4966674875 0.157001240625 0.5015396671875 0.1588603203125 0.5147677078124999 0.1935276875 0.5098955265625 0.1916686078125 0.4966674875
3 0.3211397828125 0.546859396875 0.2647504046875 0.55478440625 0.2663468484375 0.5661436953125001 0.3227362265625 0.5582186859375 0.3211397828125 0.546859396875
3 0.273218740625 0.626976596875 0.22915979687500002 0.633168678125 0.2309165203125 0.6456684140625 0.2749754640625 0.6394763328125 0.273218740625 0.626976596875
3 0.5343385546875 0.619226225 0.48726887812499997 0.6258414359375 0.48893990625 0.637731428125 0.536009584375 0.631116215625 0.5343385546875 0.619226225
3 0.5819046765625 0.7697870546875001 0.52417364375 0.777900621875 0.525951790625 0.7905527921875 0.583682821875 0.782439225 0.5819046765625 0.7697870546875001
3 0.5659862546875 0.873355315625 0.49867198437500004 0.8828157203125 0.5001700390625 0.8934749328124999 0.5674843093749999 0.8840145296875 0.5659862546875 0.873355315625
3 0.3275268984375 0.9198455093750001 0.2678073453125 0.9282385453125 0.2695434390625 0.9405914921875 0.3292629921875 0.9321984562500001 0.3275268984375 0.9198455093750001
3 0.861833790625 0.825786203125 0.79004734375 0.8358751296875001 0.7916731453125 0.8474433124999999 0.86345959375 0.837354384375 0.861833790625 0.825786203125
3 0.924103559375 0.171594309375 0.8859702531250001 0.176953596875 0.8883506375 0.19389090625 0.9264839437499999 0.18853162031249998 0.924103559375 0.171594309375
1 0.5359375 0.696875 0.5390625 0.6984375 0.540625 0.7109375 0.5203125 0.7125 0.51875 0.7015625 0.5234375 0.6984375 0.53125 0.696875 0.534375 0.6984375
1 0.5671875 0.6921875 0.5703125 0.6953125 0.56875 0.7 0.571875 0.7046875 0.553125 0.709375 0.55 0.703125 0.55 0.6953125 0.565625 0.6921875
1 0.5984375 0.6875 0.6 0.7015625 0.5859375 0.7046875 0.5796875 0.7015625 0.58125 0.690625 0.596875 0.6890625
1 0.6296875 0.684375 0.63125 0.696875 0.6203125 0.7 0.6109375 0.6984375 0.609375 0.6875 0.628125 0.684375
1 0.5328125 0.7234375 0.0234375 0.01875
1 0.5703125 0.7109375 0.5734375 0.7140625 0.5734375 0.7234375 0.565625 0.7265625 0.5546875 0.7265625 0.5515625 0.7140625 0.56875 0.7109375