0 0.290625 0.16875 0.3046875 0.16875 0.3140625 0.171875 0.3578125 0.178125 0.3671875 0.1828125 0.3890625 0.184375 0.39375 0.1875 0.4125 0.190625 0.428125 0.190625 0.4734375 0.2 0.490625 0.2015625 0.5078125 0.2046875 0.515625 0.209375 0.5140625 0.221875 0.509375 0.225 0.4890625 0.221875 0.4796875 0.21875 0.2953125 0.1875 0.2890625 0.184375 0.290625 0.1703125
0 0.2015625 0.0109375 0.2109375 0.0140625 0.28125 0.025 0.290625 0.0296875 0.2984375 0.028125 0.3703125 0.0421875 0.3875 0.04375 0.3890625 0.0578125 0.3859375 0.0609375 0.2 0.0296875 0.19375 0.0265625 0.1953125 0.015625 0.2 0.0109375
0 0.23125 0.2109375 0.265625 0.2171875 0.2703125 0.215625 0.2828125 0.2203125 0.3 0.221875 0.3890625 0.2390625 0.396875 0.2375 0.4046875 0.2390625 0.4078125 0.2421875 0.4953125 0.25625 0.5 0.259375 0.496875 0.278125 0.49375 0.2796875 0.484375 0.278125 0.475 0.275 0.23125 0.2328125 0.228125 0.23125 0.23125 0.2125
0 0.48125 0.721875 0.515625 0.728125 0.51875 0.73125 0.525 0.7296875 0.56875 0.7375 0.5734375 0.740625 0.578125 0.7390625 0.58125 0.7421875 0.5890625 0.74375 0.5953125 0.7421875 0.815625 0.78125 0.81875 0.7859375 0.8140625 0.7984375 0.803125 0.86875 0.79375 0.8703125 0.684375 0.85 0.678125 0.8515625 0.6734375 0.8484375 0.66875 0.85 0.6578125 0.8453125 0.6515625 0.846875 0.640625 0.8421875 0.60625 0.8375 0.596875 0.834375 0.553125 0.8296875 0.546875 0.828125 0.54375 0.821875 0.540625 0.8234375 0.5203125 0.821875 0.51875 0.8234375 0.5140625 0.8171875 0.509375 0.8203125 0.465625 0.8125 0.459375 0.809375 0.459375 0.803125 0.465625 0.76875 0.46875 0.765625 0.46875 0.75 0.4734375 0.725 0.4796875 0.7234375
0 0.028125 0.7453125 0.0484375 0.75 0.0609375 0.75 0.065625 0.753125 0.0734375 0.7515625 0.1 0.75625 0.1109375 0.7609375 0.115625 0.759375 0.11875 0.7625 0.1265625 0.7609375 0.1296875 0.7640625 0.1359375 0.7625 0.15 0.765625 0.1546875 0.76875 0.1625 0.7671875 0.1984375 0.7765625 0.2078125 0.778125 0.2109375 0.7765625 0.2171875 0.7796875 0.2234375 0.778125 0.29375 0.790625 0.3015625 0.7953125 0.2984375 0.815625 0.2578125 0.8109375 0.2484375 0.8078125 0.196875 0.8 0.1890625 0.796875 0.178125 0.796875 0.16875 0.7921875 0.1640625 0.79375 0.1515625 0.7921875 0.1171875 0.7859375 0.1125 0.7828125 0.1078125 0.784375 0.10625 0.78125 0.021875 0.7671875 0.0265625 0.746875
0 0.7453125 0.3703125 0.7640625 0.371875 0.7734375 0.375 0.95 0.4046875 0.9578125 0.40625 0.9609375 0.409375 0.959375 0.421875 0.9484375 0.4234375 0.9390625 0.4203125 0.7453125 0.3875 0.7421875 0.38125 0.7453125 0.3765625 0.7453125 0.371875
0 0.621875 0.1 0.64375 0.1015625 0.653125 0.1046875 0.7046875 0.1125 0.7078125 0.115625 0.7234375 0.115625 0.7328125 0.11875 0.79375 0.128125 0.8 0.13125 0.7984375 0.1484375 0.79375 0.15 0.61875 0.11875 0.621875 0.1015625
0 0.7171875 0.434375 0.9171875 0.46875 0.921875 0.471875 0.91875 0.490625 0.915625 0.4921875 0.896875 0.4875 0.8890625 0.4890625 0.8796875 0.484375 0.8703125 0.4828125 0.8625 0.484375 0.853125 0.4796875 0.8390625 0.4796875 0.8265625 0.475 0.8203125 0.4765625 0.8171875 0.4734375 0.8109375 0.475 0.8 0.4734375 0.78125 0.4671875 0.7734375 0.46875 0.7140625 0.4578125 0.7171875 0.4359375
0 0.55 0.6671875 0.734375 0.6984375 0.7328125 0.71875 0.725 0.721875 0.5484375 0.690625 0.546875 0.6859375 0.55 0.66875
0 0.2453125 0.325 0.40625 0.3546875 0.425 0.3578125 0.43125 0.35625 0.4390625 0.3578125 0.4421875 0.3609375 0.484375 0.3671875 0.490625 0.3703125 0.4890625 0.375 0.490625 0.3828125 0.4875 0.3875 0.475 0.3875 0.465625 0.384375 0.21875 0.3421875 0.215625 0.3359375 0.21875 0.33125 0.2203125 0.321875 0.24375 0.325
0 0.60625 0.725 0.871875 0.771875 0.875 0.7734375 0.871875 0.7875 0.8625 0.7875 0.853125 0.784375 0.8171875 0.7796875 0.8 0.775 0.5984375 0.740625 0.5953125 0.734375 0.5984375 0.73125 0.5984375 0.7265625 0.6046875 0.725
0 0.490625 0.8796875 0.503125 0.8796875 0.51875 0.8828125 0.521875 0.8859375 0.5296875 0.884375 0.540625 0.8890625 0.546875 0.8875 0.609375 0.8984375 0.6140625 0.9015625 0.6265625 0.9015625 0.6984375 0.9140625 0.7125 0.9171875 0.7171875 0.921875 0.7140625 0.940625 0.70625 0.9421875 0.51875 0.9078125 0.5015625 0.90625 0.4875 0.903125 0.4890625 0.8953125 0.4875 0.8921875 0.490625 0.88125
0 0.321875 0.1359375 0.34375 0.1375 0.353125 0.140625 0.6359375 0.1890625 0.6421875 0.1921875 0.6390625 0.2109375 0.6375 0.2125 0.625 0.2109375 0.615625 0.2078125 0.325 0.1578125 0.31875 0.1546875 0.321875 0.1375
2 0.8328125 0.503125 0.8484375 0.5078125 0.8578125 0.5078125 0.8609375 0.5109375 0.8765625 0.5109375 0.8796875 0.5140625 0.8859375 0.5125 0.909375 0.51875 0.90625 0.5453125 0.903125 0.5546875 0.9046875 0.55625 0.9015625 0.5640625 0.890625 0.6296875 0.884375 0.628125 0.8765625 0.6296875 0.871875 0.6265625 0.859375 0.6265625 0.8546875 0.6234375 0.85 0.625 0.840625 0.621875 0.80625 0.6171875 0.803125 0.6125 0.821875 0.5046875 0.83125 0.503125
5 0.26875 0.375 0.3375 0.3875 0.340625 0.390625 0.3484375 0.3890625 0.3828125 0.3953125 0.3875 0.3984375 0.4015625 0.3984375 0.4703125 0.4109375 0.471875 0.4171875 0.4578125 0.4875 0.45625 0.4859375 0.4484375 0.4875 0.3234375 0.4640625 0.30625 0.4625 0.2890625 0.459375 0.284375 0.45625 0.2796875 0.4578125 0.2703125 0.4546875 0.253125 0.453125 0.25 0.4484375 0.25 0.44375 0.2578125 0.3984375 0.2609375 0.38125 0.2671875 0.375
2 0.2671875 0.6734375 0.278125 0.6734375 0.2875 0.675 0.290625 0.678125 0.3015625 0.678125 0.30625 0.68125 0.3234375 0.684375 0.3328125 0.6859375 0.340625 0.684375 0.35 0.6875 0.384375 0.6921875 0.390625 0.6953125 0.39375 0.69375 0.403125 0.696875 0.4203125 0.6984375 0.4421875 0.70625 0.4296875 0.78125 0.425 0.7859375 0.2890625 0.7625 0.2640625 0.7578125 0.2609375 0.7546875 0.2546875 0.75625 0.2515625 0.7515625 0.253125 0.7484375 0.2515625 0.740625 0.2546875 0.7390625 0.2578125 0.721875 0.25625 0.7171875 0.259375 0.7125 0.2640625 0.678125 0.2671875 0.675
3 0.6915717546875 0.109332103125 0.737412965625 0.1174151453125 0.7393098296875 0.106657496875 0.69346861875 0.09857445468750001 0.6915717546875 0.109332103125
3 0.2764989 0.023094690625 0.3162247734375 0.030099434375 0.31792561406250003 0.0204534828125 0.27819974062499997 0.013448740625 0.2764989 0.023094690625
3 0.459229209375 0.157830221875 0.511987903125 0.16713300312499998 0.514019409375 0.1556117640625 0.46126071562500004 0.1463089828125 0.459229209375 0.157830221875
3 0.376553103125 0.181240959375 0.43123375937499997 0.190882634375 0.4329999421875 0.18086611875 0.3783192859375 0.17122444375 0.376553103125 0.181240959375
3 0.34580004375 0.227982 0.3933487859375 0.23636612656249997 0.3951080375 0.2263889109375 0.347559296875 0.2180047859375 0.34580004375 0.227982
3 0.821862953125 0.38161229531249996 0.8923958375 0.3940491453125 0.8941877609375 0.3838866484375 0.8236548750000001 0.371449796875 0.821862953125 0.38161229531249996
3 0.7983491515625001 0.4477413390625 0.8454451984375 0.45604564375 0.8477123265625 0.4431881203125 0.8006162796874999 0.434883815625 0.7983491515625001 0.4477413390625
3 0.3326429421875 0.3386383890625 0.3830190359375 0.34752105312500003 0.3847149265625 0.3379031765625 0.3343388328125 0.3290205125 0.3326429421875 0.3386383890625
0 0.6140317171875 0.3322239984375 0.9035096015624999 0.3832667609375 0.9183102875 0.2993279015625 0.6288324015625 0.2482851390625 0.6140317171875 0.3322239984375
0 0.1463508609375 0.2961105171875 0.503256309375 0.359042578125 0.5156562140625 0.2887192203125 0.15875076562499998 0.225787159375 0.1463508609375 0.2961105171875
3 0.84355264375 0.19667394375 0.8767501953125001 0.20252756718749998 0.8792707671875 0.1882326953125 0.8460732156249999 0.182379071875 0.84355264375 0.19667394375
3 1 0.3202419640625 0.9704997390625 0.315040271875 0.96775839375 0.3305872078125 0.9973026265625 0.335796653125 1 0.3204990859375 1 0.3202419640625
3 0.7664596578125 0.2281985421875 0.8259849328125 0.2386944546875 0.8289302203125001 0.22199090156249998 0.7694049453125 0.21149499062500002 0.7664596578125 0.2281985421875
3 0.3200093046875 0.094112234375 0.3529765375 0.099925246875 0.3553644484375 0.0863827375 0.3223972140625 0.08056972343749999 0.3200093046875 0.094112234375
3 0.47415955624999995 0.504552946875 0.5026792703125 0.5095817421875 0.5048959078124999 0.497010565625 0.4763761953125 0.4919817703125 0.47415955624999995 0.504552946875
3 0.6416288546875 0.5915285875 0.6796710265625 0.5982364484375 0.6832063609375 0.5781865703125 0.6451641890625 0.571478709375 0.6416288546875 0.5915285875
3 0.61849326875 0.6765739749999999 0.6749926421875 0.6865363390625 0.6772647203125 0.6736507421875 0.6207653468750001 0.663688378125 0.61849326875 0.6765739749999999
3 0.707070790625 0.7424168328125 0.7728067078125 0.7540078484375 0.77506195625 0.7412177 0.7093260390625 0.7296266828125 0.707070790625 0.7424168328125
3 0.13578346875 0.7633580859375 0.1980487328125 0.77433713125 0.20045545312500002 0.76068794375 0.1381901890625 0.7497088984375 0.13578346875 0.7633580859375
3 0.5786887843749999 0.8927726546875 0.6392624031249999 0.9034534171875 0.6415354718749999 0.8905622046874999 0.580961853125 0.8798814421875001 0.5786887843749999 0.8927726546875
3 0.11524791875 0.7271438890625 0.1451336578125 0.7324135515625 0.1477383796875 0.717641434375 0.1178526421875 0.7123717734375 0.11524791875 0.7271438890625
1 0.3625 0.5515625 0.3703125 0.55 0.3875 0.553125 0.3890625 0.55625 0.3859375 0.5703125 0.378125 0.5703125 0.3609375 0.565625 0.3625 0.553125
1 0.33125 0.54375 0.35625 0.5484375 0.35625 0.559375 0.3515625 0.565625 0.3296875 0.5609375 0.328125 0.5578125 0.33125 0.5453125
1 0.3 0.5390625 0.325 0.5421875 0.321875 0.559375 0.315625 0.559375 0.2984375 0.55625 0.3 0.540625
1 0.3671875 0.5765625 0.3828125 0.58125 0.384375 0.5890625 0.38125 0.596875 0.375 0.5953125 0.3671875 0.596875 0.359375 0.5953125 0.35625 0.5921875 0.3578125 0.5796875 0.3609375 0.5765625 0.365625 0.5765625
1 0.09375 0.6203125 0.096875 0.621875 0.0953125 0.628125 0.096875 0.6359375 0.09375 0.640625 0.0671875 0.6375 0.0640625 0.634375 0.06875 0.6171875 0.0921875 0.6203125
1 0.040625 0.6109375 0.0609375 0.615625 0.0578125 0.634375 0.03125 0.63125 0.0296875 0.628125 0.03125 0.6140625 0.034375 0.6109375 0.0390625 0.6109375
1 0.2359375 0.89375 0.25 0.8953125 0.253125 0.896875 0.2546875 0.9015625 0.2515625 0.909375 0.234375 0.9078125 0.2328125 0.9015625 0.2359375 0.8953125
1 0.1875 0.884375 0.1984375 0.8875 0.196875 0.9 0.1796875 0.8984375 0.1796875 0.8875 0.1859375 0.884375
1 0.1859375 0.903125 0.1953125 0.90625 0.19375 0.9171875 0.184375 0.915625 0.178125 0.9171875 0.175 0.9140625 0.1765625 0.90625 0.1796875 0.903125 0.184375 0.903125
1 0.159375 0.8984375 0.16875 0.9015625 0.1671875 0.9125 0.1625 0.9140625 0.15 0.9109375 0.1515625 0.9 0.1578125 0.8984375