0 0.6484375 0.2171875 0.22890625 0.0203125
0 0.7859375 0.0703125 0.7875 0.071875 0.7921875 0.0703125 0.88125 0.0703125 0.8828125 0.071875 0.88125 0.0875 0.6890625 0.0875 0.6859375 0.0828125 0.6890625 0.0703125 0.784375 0.0703125
0 0.646875 0.259375 0.6484375 0.2609375 0.7734375 0.2609375 0.775 0.259375 0.778125 0.2609375 0.8140625 0.2609375 0.8140625 0.28125 0.8109375 0.2828125 0.54375 0.2828125 0.540625 0.28125 0.540625 0.2625 0.5421875 0.2609375 0.6359375 0.2609375 0.6453125 0.259375
0 0.3671875 0.721875 0.36875 0.7234375 0.4796875 0.721875 0.4859375 0.725 0.4859375 0.759375 0.484375 0.7609375 0.4859375 0.8109375 0.4828125 0.8125 0.434375 0.8125 0.4296875 0.809375 0.4265625 0.8140625 0.4015625 0.809375 0.396875 0.8140625 0.371875 0.8140625 0.3703125 0.8125 0.2984375 0.8125 0.296875 0.8140625 0.2671875 0.8125 0.2609375 0.8140625 0.259375 0.8125 0.140625 0.8125 0.1375 0.8109375 0.1375 0.7265625 0.1359375 0.725 0.1390625 0.721875 0.365625 0.721875
0 0.7265625 0.821875 0.728125 0.8234375 0.7359375 0.821875 0.7390625 0.8234375 0.7609375 0.8234375 0.7625 0.821875 0.7671875 0.8234375 0.775 0.821875 0.7875 0.8234375 0.7984375 0.821875 0.921875 0.8234375 0.9234375 0.825 0.9234375 0.8453125 0.8546875 0.8453125 0.853125 0.846875 0.8515625 0.8453125 0.8359375 0.846875 0.8328125 0.8453125 0.8296875 0.846875 0.64375 0.8453125 0.64375 0.825 0.6453125 0.8234375 0.6515625 0.821875 0.725 0.821875
0 0.17109375 0.33671875 0.22109375 0.0203125
0 0.4453125 0.0828125 0.4484375 0.084375 0.45 0.096875 0.4484375 0.103125 0.3859375 0.103125 0.384375 0.1046875 0.3796875 0.103125 0.3546875 0.103125 0.353125 0.1046875 0.3515625 0.103125 0.2671875 0.103125 0.2671875 0.084375 0.2703125 0.0828125 0.353125 0.0828125 0.3546875 0.084375 0.44375 0.0828125
0 0.296875 0.396875 0.296875 0.41875 0.2953125 0.4203125 0.2328125 0.4203125 0.23125 0.41875 0.221875 0.4203125 0.196875 0.4203125 0.1953125 0.41875 0.1875 0.4203125 0.1828125 0.41875 0.1125 0.4203125 0.0890625 0.4171875 0.0890625 0.3984375 0.090625 0.396875 0.2953125 0.396875
0 0.2328125 0.6765625 0.2328125 0.65625 0.234375 0.6546875 0.4203125 0.6546875 0.4203125 0.6765625 0.41875 0.678125 0.2359375 0.678125 0.234375 0.6765625
0 0.53125 0.390625 0.5296875 0.384375 0.5328125 0.371875 0.5828125 0.371875 0.584375 0.3703125 0.596875 0.371875 0.80625 0.371875 0.8078125 0.3875 0.8046875 0.3921875 0.534375 0.3921875 0.5328125 0.390625
0 0.0828125 0.703125 0.3625 0.703125 0.3640625 0.7125 0.3609375 0.71875 0.1390625 0.71875 0.1375 0.7203125 0.1359375 0.71875 0.084375 0.71875 0.0828125 0.7046875
0 0.409375 0.8734375 0.4109375 0.875 0.4140625 0.8734375 0.4421875 0.875 0.44375 0.8875 0.4421875 0.8984375 0.2140625 0.8984375 0.2125 0.896875 0.2125 0.8765625 0.2171875 0.8734375 0.3125 0.8734375 0.3140625 0.875 0.31875 0.8734375 0.3890625 0.8734375 0.390625 0.875 0.4078125 0.8734375
0 0.575 0.18125 0.32578125 0.02421875
2 0.134375 0.4453125 0.1359375 0.446875 0.1796875 0.4453125 0.18125 0.4484375 0.18125 0.5578125 0.178125 0.5609375 0.13125 0.5609375 0.1296875 0.559375 0.1 0.5609375 0.0921875 0.559375 0.0921875 0.4859375 0.090625 0.484375 0.0921875 0.4828125 0.090625 0.4734375 0.0921875 0.471875 0.0921875 0.446875 0.0953125 0.4453125 0.0984375 0.446875 0.1328125 0.4453125
5 0.621875 0.4171875 0.6234375 0.41875 0.6296875 0.4171875 0.6734375 0.4171875 0.675 0.41875 0.678125 0.4171875 0.7515625 0.4171875 0.7546875 0.4203125 0.7546875 0.4921875 0.7515625 0.4953125 0.7234375 0.4953125 0.721875 0.49375 0.7171875 0.4953125 0.546875 0.4953125 0.5421875 0.49375 0.5421875 0.41875 0.54375 0.4171875 0.6203125 0.4171875
2 0.571875 0.709375 0.5734375 0.7109375 0.575 0.709375 0.628125 0.709375 0.6296875 0.7109375 0.6953125 0.709375 0.6984375 0.7109375 0.7 0.7140625 0.7 0.753125 0.7015625 0.7546875 0.7 0.778125 0.7015625 0.78125 0.7 0.790625 0.696875 0.79375 0.6921875 0.7921875 0.6875 0.79375 0.5234375 0.79375 0.5203125 0.7921875 0.5203125 0.7125 0.534375 0.709375 0.5703125 0.709375
3 0.37917741875 0.0710775375 0.3326290328125 0.0710775375 0.3326290328125 0.082001140625 0.37917741875 0.082001140625 0.37917741875 0.0710775375
3 0.8029193546875 0.0593557578125 0.7625806453124999 0.0593557578125 0.7625806453124999 0.06915051250000001 0.8029193546875 0.06915051250000001 0.8029193546875 0.0593557578125
3 0.5995685484375 0.15840935 0.5459959671875 0.15840935 0.5459959671875 0.1701083234375 0.5995685484375 0.1701083234375 0.5995685484375 0.15840935
3 0.6769233875 0.1973489171875 0.6213991937500001 0.1973489171875 0.6213991937500001 0.2075199546875 0.6769233875 0.2075199546875 0.6769233875 0.1973489171875
3 0.6990927421875 0.2487599765625 0.650810484375 0.2487599765625 0.650810484375 0.25889110625 0.6990927421875 0.25889110625 0.6990927421875 0.2487599765625
3 0.203584678125 0.31720068437500004 0.131963709375 0.31720068437500004 0.131963709375 0.3275199546875 0.203584678125 0.3275199546875 0.203584678125 0.31720068437500004
3 0.2152580640625 0.3836716078125 0.167435484375 0.3836716078125 0.167435484375 0.3967274796875 0.2152580640625 0.3967274796875 0.2152580640625 0.3836716078125
3 0.692834678125 0.360384834375 0.6416814515625 0.360384834375 0.6416814515625 0.3701510828125 0.692834678125 0.3701510828125 0.692834678125 0.360384834375
0 0.416834678125 0.22973774218749998 0.1228911296875 0.22973774218749998 0.1228911296875 0.31497149375 0.416834678125 0.31497149375 0.416834678125 0.22973774218749998
0 0.8836814515625001 0.2892103765625 0.5212701609375 0.2892103765625 0.5212701609375 0.3606185859375 0.8836814515625001 0.3606185859375 0.8836814515625001 0.2892103765625
3 0.214338709375 0.1271094640625 0.1806290328125 0.1271094640625 0.1806290328125 0.1416248578125 0.214338709375 0.1416248578125 0.214338709375 0.1271094640625
3 0.0687661296875 0.236148803125 0.0387661296875 0.236148803125 0.0387661296875 0.2519355765625 0.0687661296875 0.2519355765625 0.0687661296875 0.236148803125
3 0.284786290625 0.1690963515625 0.2243427421875 0.1690963515625 0.2243427421875 0.1860575828125 0.284786290625 0.1860575828125 0.284786290625 0.1690963515625
3 0.747737903125 0.11778221250000001 0.714262096875 0.11778221250000001 0.714262096875 0.1315336375 0.747737903125 0.1315336375 0.747737903125 0.11778221250000001
3 0.5246572578124999 0.49620581562500005 0.49569758124999996 0.49620581562500005 0.49569758124999996 0.5089709234375001 0.5246572578124999 0.5089709234375001 0.5246572578124999 0.49620581562500005
3 0.3446290328125 0.545185290625 0.306 0.545185290625 0.306 0.5655444703125 0.3446290328125 0.5655444703125 0.3446290328125 0.545185290625
3 0.3526451609375 0.6402309015625 0.29527419374999997 0.6402309015625 0.29527419374999997 0.6533152796875 0.3526451609375 0.6533152796875 0.3526451609375 0.6402309015625
3 0.2539798390625 0.6897890531249999 0.1872298390625 0.6897890531249999 0.1872298390625 0.7027765109375 0.2539798390625 0.7027765109375 0.2539798390625 0.6897890531249999
3 0.8129516125 0.8087428734375001 0.7497258062500001 0.8087428734375001 0.7497258062500001 0.822602621875 0.8129516125 0.822602621875 0.8129516125 0.8087428734375001
3 0.35430241875 0.8600513109374999 0.2927943546875 0.8600513109374999 0.2927943546875 0.873141390625 0.35430241875 0.873141390625 0.35430241875 0.8600513109374999
3 0.8394637093749999 0.7755045609375 0.8091169359375 0.7755045609375 0.8091169359375 0.7905045609375 0.8394637093749999 0.7905045609375 0.8394637093749999 0.7755045609375
1 0.6 0.571875 0.6234375 0.571875 0.625 0.5734375 0.6234375 0.5890625 0.6 0.5890625 0.5984375 0.5859375 0.6 0.5734375
1 0.6328125 0.571875 0.6578125 0.571875 0.6578125 0.5875 0.65625 0.5890625 0.6328125 0.5890625 0.63125 0.5859375 0.6328125 0.5734375
1 0.6640625 0.571875 0.6890625 0.571875 0.6890625 0.5890625 0.6640625 0.5890625 0.6640625 0.5734375
1 0.621875 0.5984375 0.625 0.6015625 0.625 0.615625 0.621875 0.6171875 0.6 0.615625 0.5984375 0.6125 0.6 0.6 0.6203125 0.5984375
1 0.875 0.6890625 0.903125 0.6890625 0.9046875 0.690625 0.9046875 0.7078125 0.903125 0.709375 0.8765625 0.709375 0.8734375 0.70625 0.875 0.690625
1 0.92578125 0.69921875 0.03125 0.021875
1 0.6734375 0.9328125 0.690625 0.9328125 0.6921875 0.9359375 0.690625 0.946875 0.675 0.946875 0.671875 0.9421875 0.6734375 0.934375
1 0.73671875 0.93984375 0.02109375 0.015625
1 0.7453125 0.9515625 0.746875 0.9546875 0.7453125 0.965625 0.728125 0.9640625 0.7296875 0.9515625 0.74375 0.9515625
1 0.75625 0.9515625 0.771875 0.9515625 0.7734375 0.953125 0.771875 0.965625 0.75625 0.9640625 0.7546875 0.95625 0.75625 0.953125