0 0.29375 0.178125 0.296875 0.1796875 0.2984375 0.184375 0.29375 0.19375 0.2953125 0.196875 0.246875 0.3859375 0.2453125 0.3984375 0.2421875 0.4 0.2296875 0.3984375 0.2265625 0.390625 0.2484375 0.303125 0.253125 0.2953125 0.2578125 0.26875 0.2640625 0.2515625 0.2640625 0.240625 0.278125 0.1828125 0.2828125 0.1765625 0.2921875 0.178125
0 0.190625 0.028125 0.1921875 0.0359375 0.146875 0.2171875 0.14375 0.21875 0.1359375 0.21875 0.134375 0.215625 0.1296875 0.2140625 0.1296875 0.2109375 0.1515625 0.1234375 0.15625 0.115625 0.1546875 0.1109375 0.175 0.028125 0.1765625 0.0265625 0.1890625 0.028125
0 0.35625 0.140625 0.3640625 0.1421875 0.365625 0.146875 0.3640625 0.1546875 0.3015625 0.4046875 0.2984375 0.4078125 0.28125 0.4046875 0.2796875 0.396875 0.3015625 0.3140625 0.3 0.309375 0.30625 0.2953125 0.34375 0.140625 0.3453125 0.1390625 0.3546875 0.140625
0 0.7234375 0.5703125 0.7484375 0.5765625 0.75625 0.58125 0.7609375 0.5796875 0.79375 0.5875 0.7984375 0.5890625 0.8 0.5953125 0.7890625 0.6390625 0.784375 0.64375 0.7875 0.65 0.78125 0.6609375 0.7796875 0.6703125 0.7765625 0.671875 0.7796875 0.675 0.7796875 0.6828125 0.775 0.7 0.771875 0.703125 0.7546875 0.771875 0.75625 0.7765625 0.7515625 0.784375 0.7515625 0.7953125 0.7484375 0.8 0.7484375 0.8078125 0.74375 0.815625 0.71875 0.9203125 0.7140625 0.928125 0.6375 0.9078125 0.63125 0.9078125 0.628125 0.9046875 0.6828125 0.6859375 0.6875 0.678125 0.6875 0.66875 0.690625 0.665625 0.6890625 0.6609375 0.6984375 0.621875 0.703125 0.6140625 0.703125 0.603125 0.709375 0.578125 0.715625 0.56875 0.721875 0.5703125
0 0.921875 0.16875 0.9375 0.1734375 0.9375 0.1796875 0.921875 0.2375 0.9234375 0.2421875 0.9203125 0.24375 0.9171875 0.25625 0.91875 0.259375 0.915625 0.2625 0.9171875 0.2671875 0.90625 0.3109375 0.9 0.325 0.9015625 0.3296875 0.896875 0.3375 0.8984375 0.3421875 0.8953125 0.34375 0.896875 0.3484375 0.8796875 0.4171875 0.875 0.425 0.8703125 0.4453125 0.8515625 0.440625 0.85 0.428125 0.8671875 0.359375 0.871875 0.3515625 0.8703125 0.3484375 0.8734375 0.3453125 0.878125 0.3265625 0.8765625 0.321875 0.88125 0.3140625 0.8796875 0.309375 0.8859375 0.2953125 0.8875 0.278125 0.8921875 0.2703125 0.890625 0.2671875 0.89375 0.2640625 0.8953125 0.2578125 0.89375 0.2546875 0.8984375 0.2453125 0.896875 0.240625 0.9046875 0.209375 0.9078125 0.20625 0.9078125 0.1984375 0.9109375 0.1953125 0.915625 0.171875 0.9203125 0.16875
0 0.284375 0.6734375 0.2859375 0.675 0.2921875 0.6734375 0.296875 0.6765625 0.296875 0.68125 0.246875 0.8828125 0.24375 0.8890625 0.2296875 0.8859375 0.228125 0.88125 0.2796875 0.675 0.2828125 0.6734375
0 0.084375 0.45 0.09375 0.453125 0.1 0.4515625 0.103125 0.4546875 0.0875 0.515625 0.0890625 0.5203125 0.0859375 0.521875 0.08125 0.5484375 0.078125 0.553125 0.059375 0.63125 0.0421875 0.6265625 0.040625 0.6234375 0.059375 0.54375 0.0640625 0.5359375 0.0625 0.53125 0.08125 0.45625 0.084375 0.4515625
0 0.3515625 0.6734375 0.3734375 0.678125 0.3734375 0.684375 0.359375 0.740625 0.35625 0.7421875 0.3546875 0.7484375 0.35625 0.753125 0.3515625 0.771875 0.346875 0.7796875 0.346875 0.7875 0.3421875 0.7984375 0.34375 0.803125 0.3375 0.8171875 0.3390625 0.821875 0.3328125 0.8359375 0.33125 0.8421875 0.3328125 0.846875 0.3296875 0.8578125 0.3265625 0.8609375 0.3234375 0.878125 0.31875 0.8796875 0.3015625 0.8734375 0.3515625 0.675
0 0.63125 0.615625 0.653125 0.6203125 0.653125 0.628125 0.6109375 0.7984375 0.6078125 0.803125 0.5875 0.7984375 0.5875 0.7890625 0.63125 0.6171875
0 0.45 0.1734375 0.4640625 0.1765625 0.465625 0.175 0.4703125 0.1796875 0.415625 0.39375 0.415625 0.4 0.4046875 0.440625 0.3984375 0.4453125 0.390625 0.440625 0.3859375 0.440625 0.384375 0.4375 0.396875 0.390625 0.3953125 0.3875 0.396875 0.378125 0.4015625 0.371875 0.45 0.175
0 0.665625 0.6828125 0.678125 0.6859375 0.6796875 0.690625 0.6125 0.95625 0.60625 0.9578125 0.596875 0.953125 0.6640625 0.684375
0 0.85625 0.6484375 0.8734375 0.653125 0.8734375 0.65625 0.81875 0.875 0.7984375 0.871875 0.7953125 0.86875 0.7953125 0.8609375 0.8171875 0.7734375 0.8203125 0.7703125 0.81875 0.7671875 0.8328125 0.715625 0.834375 0.703125 0.840625 0.690625 0.8390625 0.684375 0.84375 0.6765625 0.8421875 0.671875 0.846875 0.653125 0.85 0.6484375 0.8546875 0.6484375
0 0.240625 0.190625 0.2578125 0.1953125 0.259375 0.1984375 0.18125 0.509375 0.1765625 0.5109375 0.1609375 0.50625 0.1609375 0.4984375 0.2359375 0.1984375 0.2390625 0.1921875
2 0.3703125 0.7984375 0.3796875 0.7984375 0.4796875 0.8234375 0.48125 0.8265625 0.471875 0.871875 0.46875 0.875 0.4703125 0.878125 0.46875 0.884375 0.4671875 0.8890625 0.4640625 0.890625 0.465625 0.8953125 0.4640625 0.903125 0.4609375 0.9046875 0.459375 0.9109375 0.39375 0.89375 0.3859375 0.89375 0.38125 0.890625 0.375 0.890625 0.35 0.8828125 0.35 0.878125 0.353125 0.875 0.353125 0.8640625 0.3578125 0.85625 0.3578125 0.8453125 0.3625 0.8375 0.3625 0.8265625 0.365625 0.821875 0.3640625 0.8203125 0.3703125 0.8
5 0.4875 0.234375 0.55625 0.253125 0.55625 0.2609375 0.5515625 0.2796875 0.5484375 0.284375 0.5484375 0.2921875 0.509375 0.45 0.5046875 0.4578125 0.4375 0.4421875 0.43125 0.4390625 0.4484375 0.365625 0.453125 0.3578125 0.4515625 0.353125 0.4609375 0.315625 0.4640625 0.3109375 0.4640625 0.303125 0.4796875 0.240625 0.4859375 0.234375
2 0.753125 0.359375 0.7625 0.359375 0.7890625 0.3671875 0.8 0.3671875 0.8015625 0.3703125 0.821875 0.3734375 0.8265625 0.3765625 0.83125 0.3765625 0.8328125 0.3796875 0.7921875 0.5484375 0.7859375 0.5515625 0.7109375 0.53125 0.7125 0.5140625 0.7203125 0.4828125 0.7234375 0.4796875 0.721875 0.4765625 0.7328125 0.4328125 0.7375 0.425 0.75 0.3640625 0.753125 0.3609375
3 0.054588740625 0.5134678984375001 0.043327665625 0.5586335984375 0.053926792187499996 0.5612762578125 0.065187865625 0.5161105578125 0.054588740625 0.5134678984375001
3 0.1457276 0.0994771546875 0.1359687828125 0.13861763124999998 0.145472590625 0.140987196875 0.1552314078125 0.1018467203125 0.1457276 0.0994771546875
3 0.1926438640625 0.3207508046875 0.17968348437499998 0.3727320515625 0.1910349484375 0.375562290625 0.203995328125 0.32358104375 0.1926438640625 0.3207508046875
3 0.24914058906249997 0.2551140703125 0.2357080703125 0.3089889578125 0.24557698437500003 0.3114495546875 0.25900950312500004 0.25757466562500003 0.24914058906249997 0.2551140703125
3 0.304387771875 0.2460407 0.2927072375 0.29288876875000003 0.30253742968749997 0.2953397109375 0.3142179640625 0.2484916421875 0.304387771875 0.2460407
3 0.25092124843749997 0.7433873625 0.23359456875 0.8128808828125 0.2436073125 0.815377340625 0.2609339921875 0.7458838203125 0.25092124843749997 0.7433873625
3 0.31824175 0.7481414984375 0.3066724203125 0.7945435437499999 0.3193404765625 0.79770204375 0.33090980625 0.7513 0.31824175 0.7481414984375
3 0.4111829328125 0.2791173703125 0.398807846875 0.328751128125 0.40828399531250004 0.33111379687500003 0.42065908125 0.28148003906249996 0.4111829328125 0.2791173703125
0 0.2176461734375 0.5153125984375 0.14653479375 0.8005247671875001 0.2292367390625 0.821144678125 0.30034811875 0.535932509375 0.2176461734375 0.5153125984375
0 0.38829267343749996 0.0767209015625 0.30061744687499997 0.428367028125 0.3699045265625 0.4456422375 0.457579753125 0.0939961109375 0.38829267343749996 0.0767209015625
3 0.06907818593750001 0.68696554375 0.0609230765625 0.7196739 0.07500730156249999 0.7231854906249999 0.0831624109375 0.6904771359375 0.06907818593750001 0.68696554375
3 0.1396613953125 0.854593 0.1324037390625 0.883701871875 0.147721578125 0.8875210375 0.154979234375 0.858412165625 0.1396613953125 0.854593
3 0.1268606953125 0.6287681046875 0.112238078125 0.6874162218750001 0.12869548749999998 0.6915195140625 0.14331810625000002 0.6328713984375 0.1268606953125 0.6287681046875
3 0.1890689375 0.16715412031250002 0.18097040625 0.19963555156249999 0.19431335624999999 0.202962321875 0.2024118859375 0.170480890625 0.1890689375 0.16715412031250002
3 0.5022836500000001 0.475157271875 0.49527767031250003 0.5032567218749999 0.5076636 0.50634488125 0.5146695796875 0.47824543124999996 0.5022836500000001 0.475157271875
3 0.50625545625 0.6616870968749999 0.496910246875 0.6991686828125 0.516664671875 0.7040940140624999 0.52600988125 0.666612428125 0.50625545625 0.6616870968749999
3 0.6004170828125 0.676902696875 0.5865377890625 0.7325695 0.5992335062499999 0.7357348984375001 0.6131127984375 0.68006809375 0.6004170828125 0.676902696875
3 0.6246338437500001 0.7846264374999999 0.60848555625 0.849393678125 0.62108723125 0.852535628125 0.6372355187500001 0.7877683890625 0.6246338437500001 0.7846264374999999
3 0.8752817374999999 0.2710360484375 0.8599860312500001 0.332383778125 0.8734340859374999 0.33573675468749997 0.8887297921874999 0.274389025 0.8752817374999999 0.2710360484375
3 0.8141088125 0.7284740359375 0.7992286656250001 0.7881550484375001 0.8119299140624999 0.791321825 0.8268100609375001 0.7316408125 0.8141088125 0.7284740359375
3 0.8494446015625 0.23727039843750003 0.842103053125 0.26671574374999996 0.8566574890625 0.270344571875 0.8639990375 0.24089922812500003 0.8494446015625 0.23727039843750003
1 0.603125 0.396875 0.615625 0.4 0.6171875 0.403125 0.6125 0.4234375 0.6078125 0.4265625 0.5953125 0.421875 0.5984375 0.403125 0.6015625 0.3984375
1 0.6078125 0.365625 0.6203125 0.3671875 0.625 0.3703125 0.6203125 0.3921875 0.6109375 0.39375 0.603125 0.3890625 0.6078125 0.3671875
1 0.6171875 0.334375 0.6328125 0.3390625 0.628125 0.3609375 0.621875 0.3625 0.6109375 0.359375 0.615625 0.3359375
1 0.634375 0.4046875 0.64375 0.4078125 0.6421875 0.4203125 0.6390625 0.4234375 0.6375 0.43125 0.634375 0.4328125 0.621875 0.428125 0.625 0.40625 0.6328125 0.4046875
1 0.79375 0.15625 0.8 0.1578125 0.8015625 0.1609375 0.79375 0.1875 0.775 0.1828125 0.78125 0.15625 0.7828125 0.1546875 0.7921875 0.15625
1 0.790625 0.1203125 0.7984375 0.1203125 0.809375 0.125 0.8046875 0.15 0.796875 0.1515625 0.784375 0.146875 0.790625 0.121875
1 0.9671875 0.4203125 0.975 0.4203125 0.9796875 0.4234375 0.9765625 0.4390625 0.9671875 0.440625 0.965625 0.4375 0.9625 0.4375 0.9671875 0.421875
1 0.9796875 0.36875 0.9875 0.3671875 0.99375 0.3703125 0.990625 0.3859375 0.9875 0.3875 0.9765625 0.3828125 0.9796875 0.3703125
1 0.9984375 0.371875 0.9984375 0.3890625 0.9953125 0.3890625 0.9953125 0.38125 0.9984375 0.3734375
1 1.009375 0.35390625 0.0203125 0.025