0 0.5953125 0.778125 0.7578125 0.778125 0.759375 0.7796875 0.759375 0.796875 0.7578125 0.7984375 0.5953125 0.7984375 0.5953125 0.7796875
0 0.8390625 0.1796875 0.840625 0.19375 0.8375 0.1953125 0.646875 0.1953125 0.64375 0.19375 0.6453125 0.1796875 0.6640625 0.1796875 0.665625 0.178125 0.8375 0.1796875
0 0.54921875 0.69765625 0.31875 0.0203125
0 0.6078125 0.071875 0.609375 0.0734375 0.740625 0.071875 0.74375 0.0796875 0.7421875 0.0953125 0.4375 0.0953125 0.4359375 0.09375 0.4359375 0.075 0.4390625 0.071875 0.5625 0.071875 0.5640625 0.0734375 0.584375 0.0703125 0.60625 0.071875
0 0.453125 0.725 0.4546875 0.7265625 0.4546875 0.83125 0.453125 0.8328125 0.421875 0.8328125 0.4203125 0.83125 0.415625 0.8328125 0.065625 0.8328125 0.0640625 0.83125 0.065625 0.828125 0.065625 0.7265625 0.0671875 0.725 0.396875 0.725 0.3984375 0.7265625 0.4515625 0.725
0 0.5421875 0.2328125 0.54375 0.234375 0.5484375 0.2328125 0.553125 0.234375 0.5703125 0.234375 0.571875 0.2328125 0.671875 0.2328125 0.6734375 0.234375 0.6765625 0.2328125 0.69375 0.2328125 0.6953125 0.234375 0.753125 0.2328125 0.76875 0.234375 0.7796875 0.2328125 0.7828125 0.234375 0.7828125 0.253125 0.78125 0.2546875 0.671875 0.2546875 0.6703125 0.25625 0.665625 0.2546875 0.6578125 0.25625 0.653125 0.2546875 0.6453125 0.25625 0.6375 0.2546875 0.590625 0.2546875 0.5890625 0.25625 0.528125 0.2546875 0.521875 0.25625 0.5171875 0.2546875 0.5171875 0.234375 0.540625 0.2328125
0 0.22421875 0.95390625 0.3078125 0.01796875
2 0.175 0.6094640828125 0.20967741874999998 0.6071835796875 0.23709677343750002 0.60889395625 0.24112903281250003 0.6071835796875 0.24435483906250002 0.6094640828125 0.25887096718749997 0.6054732046875 0.2645161296875 0.60775370625 0.2677419359375 0.6060433296875 0.2895161296875 0.6071835796875 0.3 0.5986316984375 0.3024193546875 0.5438996578124999 0.3 0.534207525 0.24758064531250001 0.533067275 0.2427419359375 0.5347776515625 0.23709677343750002 0.5319270234375 0.23064516093749998 0.534207525 0.22338709687499997 0.53249715 0.22016129062499998 0.534207525 0.18467741875000002 0.5347776515625 0.1814516125 0.533067275 0.175 0.5353477765625 0.14677419375 0.534207525 0.1427419359375 0.5359179015625 0.141935484375 0.6026225765625 0.14677419375 0.60889395625 0.1709677421875 0.6071835796875 0.175 0.6094640828125
2 0.5362903218749999 0.928164196875 0.5564516125 0.9264538203124999 0.5629032265625 0.9218928171874999 0.5629032265625 0.8734321546875 0.558064515625 0.8700114031249999 0.5016129031250001 0.867160775 0.336290321875 0.8722919046875001 0.3354838703125 0.9230330671875 0.3379032265625 0.9264538203124999 0.361290321875 0.9287343218749999 0.5362903218749999 0.928164196875
5 0.496875 0.4421875 0.4984375 0.44375 0.628125 0.44375 0.6296875 0.4421875 0.6359375 0.44375 0.64375 0.4421875 0.6484375 0.44375 0.865625 0.44375 0.865625 0.5328125 0.8640625 0.534375 0.53125 0.534375 0.5296875 0.5328125 0.525 0.534375 0.446875 0.534375 0.44375 0.53125 0.4453125 0.44375 0.4953125 0.4421875
0 0.9471048390625001 0.912616875 0.66507258125 0.912616875 0.66507258125 0.9838027359374999 0.9471048390625001 0.9838027359374999 0.9471048390625001 0.912616875
1 0.2234375 0.278125 0.225 0.2796875 0.225 0.296875 0.2234375 0.2984375 0.196875 0.296875 0.196875 0.2796875 0.1984375 0.278125 0.221875 0.278125
1 0.2671875 0.278125 0.26875 0.2796875 0.26875 0.296875 0.265625 0.2984375 0.240625 0.296875 0.240625 0.2796875 0.2421875 0.278125 0.265625 0.278125
1 0.3109375 0.278125 0.3125 0.2796875 0.3125 0.296875 0.3109375 0.2984375 0.2859375 0.2984375 0.284375 0.296875 0.284375 0.2796875 0.2859375 0.278125 0.309375 0.278125
1 0.3546875 0.278125 0.35625 0.2796875 0.35625 0.296875 0.328125 0.296875 0.328125 0.2796875 0.3296875 0.278125 0.353125 0.278125
1 0.2234375 0.30625 0.225 0.3078125 0.225 0.325 0.2234375 0.3265625 0.1984375 0.3265625 0.196875 0.325 0.196875 0.3078125 0.1984375 0.30625 0.221875 0.30625
1 0.2671875 0.30625 0.26875 0.3078125 0.26875 0.325 0.2671875 0.3265625 0.2421875 0.3265625 0.240625 0.325 0.240625 0.3078125 0.2421875 0.30625 0.265625 0.30625
1 0.3109375 0.30625 0.3125 0.3078125 0.3109375 0.3265625 0.2859375 0.3265625 0.284375 0.325 0.284375 0.3078125 0.2859375 0.30625 0.309375 0.30625
1 0.3546875 0.30625 0.35625 0.3078125 0.35625 0.325 0.3546875 0.3265625 0.3296875 0.3265625 0.328125 0.325 0.328125 0.3078125 0.3296875 0.30625 0.353125 0.30625