0 0.24375 0.64375 0.26875 0.790625 0.271875 0.8 0.2703125 0.8046875 0.2578125 0.8078125 0.253125 0.8078125 0.25 0.8015625 0.2484375 0.784375 0.2234375 0.65 0.2234375 0.646875 0.2265625 0.6453125 0.2421875 0.64375
0 0.828125 0.5890625 0.8328125 0.5875 0.8421875 0.5890625 0.84375 0.6046875 0.846875 0.6078125 0.85 0.6234375 0.853125 0.653125 0.85625 0.659375 0.8609375 0.69375 0.8640625 0.703125 0.8640625 0.7203125 0.875 0.775 0.875 0.7796875 0.8671875 0.7828125 0.8609375 0.7828125 0.8578125 0.775 0.8265625 0.596875 0.828125 0.590625
0 0.2953125 0.5359375 0.296875 0.528125 0.2921875 0.51875 0.2890625 0.484375 0.2859375 0.48125 0.284375 0.4578125 0.2796875 0.446875 0.2796875 0.4296875 0.2875 0.4265625 0.2953125 0.4265625 0.2984375 0.4375 0.3 0.4546875 0.35 0.73125 0.3484375 0.7390625 0.3328125 0.740625 0.3296875 0.7140625 0.3234375 0.6953125 0.3234375 0.6796875 0.3171875 0.6609375 0.31875 0.653125 0.3125 0.634375 0.296875 0.5375
0 0.9109375 0.365625 0.9328125 0.48125 0.9328125 0.490625 0.9359375 0.50625 0.9390625 0.509375 0.9375 0.515625 0.940625 0.5265625 0.940625 0.5421875 0.9421875 0.5515625 0.946875 0.5609375 0.9484375 0.578125 0.9515625 0.5875 0.953125 0.5984375 0.9515625 0.6046875 0.95625 0.6296875 0.959375 0.6328125 0.9578125 0.6390625 0.9640625 0.659375 0.9640625 0.6640625 0.95625 0.66875 0.940625 0.66875 0.9109375 0.4921875 0.8890625 0.3765625 0.8890625 0.3671875 0.903125 0.3640625 0.909375 0.365625
0 0.203125 0.1125 0.2578125 0.4140625 0.2609375 0.4328125 0.259375 0.440625 0.2640625 0.45 0.2671875 0.4671875 0.2703125 0.4953125 0.16875 0.5140625 0.1640625 0.5109375 0.1625 0.503125 0.159375 0.484375 0.1609375 0.478125 0.1578125 0.475 0.15625 0.4671875 0.1 0.140625 0.096875 0.13125 0.1 0.128125 0.1078125 0.1296875 0.2015625 0.1125
0 0.765625 0.471875 0.76875 0.478125 0.771875 0.4953125 0.7703125 0.5 0.7734375 0.5046875 0.771875 0.5125 0.778125 0.53125 0.7875 0.5921875 0.790625 0.6015625 0.79375 0.6203125 0.7921875 0.6265625 0.7953125 0.628125 0.796875 0.653125 0.8015625 0.6640625 0.803125 0.6734375 0.8015625 0.6796875 0.80625 0.690625 0.8078125 0.715625 0.8125 0.7265625 0.8109375 0.7328125 0.8 0.7359375 0.790625 0.734375 0.775 0.6390625 0.7703125 0.6265625 0.7703125 0.615625 0.7671875 0.6125 0.76875 0.6046875 0.765625 0.6015625 0.765625 0.5859375 0.7625 0.5765625 0.7609375 0.559375 0.7546875 0.540625 0.75625 0.5328125 0.753125 0.5234375 0.7515625 0.50625 0.7484375 0.4890625 0.7453125 0.484375 0.7453125 0.475 0.7640625 0.471875
0 0 0.221875 0.040625 0.4515625 0.040625 0.45625 0.028125 0.4609375 0.025 0.459375 0.021875 0.44375 0.0203125 0.4265625 0 0.31875 0 0.2234375
2 0.3578946390625 0.3113260859375 0.368137103125 0.3201656640625 0.42245775781250006 0.31304414375 0.43158252812500003 0.3089785234375 0.4236029296875 0.257157534375 0.4210783046875 0.2526893390625 0.422905353125 0.246634934375 0.4195391875 0.240677340625 0.41996322812500003 0.2332325390625 0.4177186828125 0.23035274375 0.4109955078125 0.195506953125 0.41211974375000004 0.19203315 0.40875357812499996 0.18607555781250001 0.404975146875 0.1580805625 0.4025905609375 0.1544065671875 0.336759240625 0.1651955125 0.3314233703125 0.17104972499999999 0.337308928125 0.1945787140625 0.3357632640625 0.19894571875 0.3440307921875 0.23270030468749997 0.347107721875 0.26000010156250003 0.34949230781249996 0.2636740984375 0.34780660625 0.26724690156249997 0.35425755312499996 0.2808494890625 0.3529919703125 0.28680489374999996 0.3552365171875 0.2896846890625 0.3578946390625 0.3113260859375
2 0.0518771625 0.41441877031249996 0.0536924328125 0.43784656718750004 0.084642328125 0.6100889234375 0.089827690625 0.6296469140625 0.0954397140625 0.6352085046875 0.14316415 0.6267933984375 0.1456926984375 0.6214341906249999 0.1386973 0.5653451984375 0.104936159375 0.40342525 0.05482582968750001 0.4114421609375 0.0518771625 0.41441877031249996
5 0.546875 0.4375 0.553125 0.4765625 0.5578125 0.4875 0.55625 0.4953125 0.559375 0.5046875 0.575 0.6015625 0.578125 0.6171875 0.58125 0.6203125 0.5796875 0.628125 0.5828125 0.6328125 0.5828125 0.6453125 0.6171875 0.8328125 0.61875 0.8515625 0.5328125 0.8671875 0.5296875 0.865625 0.528125 0.8578125 0.503125 0.7078125 0.471875 0.5390625 0.4734375 0.5328125 0.4703125 0.5296875 0.4578125 0.4546875 0.4609375 0.45 0.4765625 0.45 0.5453125 0.4375
0 0.1691813359375 1 0.1223162546875 0.7342149265625 0.052211867187500004 0.7465762218750001 0.0968973171875 1 0.1691813359375 1
1 0.6484375 0.1671875 0.665625 0.1640625 0.671875 0.1890625 0.6703125 0.1921875 0.653125 0.1953125 0.65 0.190625 0.6484375 0.18125 0.65 0.1734375 0.646875 0.171875 0.6484375 0.16875
1 0.6734375 0.2078125 0.6765625 0.215625 0.678125 0.234375 0.665625 0.2375 0.6609375 0.2375 0.6578125 0.234375 0.65625 0.209375 0.671875 0.2078125
1 0.6828125 0.2515625 0.6859375 0.2765625 0.6703125 0.28125 0.665625 0.278125 0.6625 0.2546875 0.66875 0.2515625 0.678125 0.25 0.68125 0.2515625
1 0.6703125 0.296875 0.6890625 0.29375 0.69375 0.3140625 0.6921875 0.321875 0.675 0.3234375 0.671875 0.2984375
1 0.6375 0.16875 0.640625 0.175 0.64375 0.1953125 0.6265625 0.2 0.6234375 0.1984375 0.61875 0.1734375 0.6359375 0.16875
1 0.63828125 0.2265625 0.0265625 0.03125
1 0.6390625 0.284375 0.634375 0.259375 0.6515625 0.2546875 0.6546875 0.25625 0.65625 0.2625 0.6578125 0.2828125 0.64375 0.2859375 0.640625 0.284375
1 0.6609375 0.2984375 0.665625 0.315625 0.665625 0.325 0.65625 0.328125 0.646875 0.328125 0.6421875 0.303125 0.6453125 0.3 0.659375 0.2984375