0 0.2140625 0.6265625 0.234375 0.625 0.2484375 0.7671875 0.2515625 0.7828125 0.2515625 0.7859375 0.246875 0.7890625 0.23125 0.7890625 0.2296875 0.7828125 0.2140625 0.628125
0 0.8203125 0.6109375 0.834375 0.6125 0.8359375 0.6296875 0.8390625 0.6328125 0.8390625 0.646875 0.8421875 0.6625 0.840625 0.6765625 0.84375 0.6796875 0.8453125 0.6921875 0.8453125 0.70625 0.8484375 0.721875 0.8484375 0.75 0.8546875 0.796875 0.8546875 0.8046875 0.8453125 0.8078125 0.840625 0.8078125 0.8375 0.796875 0.8375 0.7828125 0.81875 0.61875 0.8203125 0.6125
0 0.3 0.4125 0.303125 0.421875 0.31875 0.584375 0.334375 0.71875 0.3328125 0.728125 0.3171875 0.7296875 0.315625 0.728125 0.3140625 0.690625 0.3109375 0.6875 0.309375 0.675 0.3109375 0.6625 0.3078125 0.659375 0.3078125 0.634375 0.3046875 0.6296875 0.296875 0.5421875 0.29375 0.5265625 0.2953125 0.5140625 0.2921875 0.5109375 0.290625 0.496875 0.2921875 0.4828125 0.290625 0.46875 0.2875 0.465625 0.2890625 0.453125 0.2875 0.440625 0.284375 0.4375 0.284375 0.415625 0.2875 0.4125 0.2984375 0.4125
0 0.9171875 0.3921875 0.9203125 0.3953125 0.921875 0.4046875 0.934375 0.5375 0.9375 0.540625 0.9359375 0.5671875 0.94375 0.6125 0.94375 0.628125 0.9453125 0.6296875 0.94375 0.640625 0.9453125 0.65625 0.9484375 0.6625 0.946875 0.6703125 0.9515625 0.6875 0.9515625 0.6953125 0.94375 0.7 0.928125 0.6984375 0.896875 0.4046875 0.896875 0.396875 0.9 0.39375 0.915625 0.3921875
0 0.2296875 0.0921875 0.2328125 0.096875 0.234375 0.1109375 0.2359375 0.140625 0.2390625 0.15625 0.2390625 0.1703125 0.2421875 0.1859375 0.2421875 0.2 0.2453125 0.215625 0.2453125 0.2296875 0.2484375 0.2453125 0.271875 0.478125 0.259375 0.48125 0.1703125 0.490625 0.1640625 0.4875 0.1609375 0.4578125 0.1625 0.453125 0.159375 0.44375 0.125 0.103125 0.228125 0.0921875
0 0.7671875 0.490625 0.7703125 0.5015625 0.7703125 0.5203125 0.771875 0.521875 0.7703125 0.5296875 0.771875 0.5421875 0.775 0.546875 0.7796875 0.6046875 0.7828125 0.6203125 0.784375 0.6359375 0.7828125 0.646875 0.7859375 0.6515625 0.7859375 0.678125 0.7890625 0.68125 0.790625 0.6953125 0.7890625 0.7078125 0.7921875 0.7109375 0.7921875 0.7390625 0.7953125 0.7421875 0.79375 0.7546875 0.7828125 0.75625 0.7734375 0.7546875 0.7640625 0.653125 0.7609375 0.6453125 0.7625 0.6375 0.759375 0.63125 0.7609375 0.6234375 0.7578125 0.61875 0.759375 0.6078125 0.75625 0.5921875 0.75625 0.578125 0.7546875 0.565625 0.7515625 0.5625 0.753125 0.5484375 0.75 0.5328125 0.7484375 0.503125 0.7453125 0.5015625 0.746875 0.4921875 0.765625 0.490625
0 0 0.121875 0.0109375 0.1203125 0.0140625 0.1234375 0.0421875 0.4046875 0.0453125 0.4203125 0.0453125 0.425 0.0328125 0.428125 0.0296875 0.4265625 0.028125 0.4203125 0.003125 0.16875 0 0.153125 0 0.1234375
2 0.371402028125 0.3018729171875 0.3810029234375 0.31140544062500003 0.43568802812499996 0.3080904859375 0.44507417499999996 0.30467128125 0.44072886406249995 0.252419896875 0.43852207343750005 0.24778647656250002 0.44076700625000004 0.2418742671875 0.4378246203125 0.23569637499999999 0.4387669515625 0.22829928906250002 0.4367287578125 0.22526993593750003 0.4324526796875 0.19004004375 0.433816496875 0.186653125 0.4308741109375 0.1804752328125 0.4290577171875 0.1522848609375 0.4269352234375 0.14845347656250002 0.3605116671875 0.1546239796875 0.354780425 0.16009172031250002 0.359010346875 0.18397395 0.357163821875 0.18822249687499998 0.363056609375 0.22247157187500002 0.36422170625 0.24991950312500003 0.3663441984375 0.253750890625 0.3644133765625 0.257197403125 0.36989974062500003 0.27121685 0.36822181249999997 0.2770694640625 0.3702600078125 0.280098815625 0.371402028125 0.3018729171875
2 0.058938610937500004 0.38336777187500004 0.05911522031250001 0.40686512812500003 0.077974703125 0.580846865625 0.0817831390625 0.6007189265624999 0.0869935328125 0.60665844375 0.1351887234375 0.6015929250000001 0.138084953125 0.59642315625 0.1350191640625 0.53998281875 0.112635228125 0.376102240625 0.062087734375 0.380604103125 0.058938610937500004 0.38336777187500004
5 0.5046875 0.8671875 0.484375 0.68125 0.4828125 0.6515625 0.4796875 0.6359375 0.4796875 0.621875 0.4765625 0.60625 0.4765625 0.5921875 0.4734375 0.5765625 0.4734375 0.5625 0.4703125 0.546875 0.471875 0.5328125 0.46875 0.5296875 0.4609375 0.4515625 0.46875 0.446875 0.48125 0.4484375 0.54375 0.440625 0.5515625 0.440625 0.5546875 0.48125 0.5578125 0.4859375 0.55625 0.496875 0.559375 0.5125 0.56875 0.615625 0.571875 0.6234375 0.5703125 0.63125 0.5734375 0.6375 0.571875 0.6453125 0.5953125 0.8578125 0.50625 0.8671875
0 0.136378665625 0.9877857593750001 0.10689826718749999 0.7072985046875 0.03610236875 0.714739453125 0.0655827671875 0.9952267078125001 0.136378665625 0.9877857593750001
1 0.671875 0.178125 0.6890625 0.1765625 0.6921875 0.1921875 0.690625 0.2046875 0.6734375 0.20625 0.6703125 0.1921875 0.671875 0.1796875
1 0.69375 0.2203125 0.696875 0.246875 0.68125 0.25 0.6765625 0.246875 0.675 0.2375 0.6765625 0.2234375 0.675 0.221875 0.6921875 0.2203125
1 0.6984375 0.2640625 0.7015625 0.2890625 0.6984375 0.2921875 0.684375 0.29375 0.68125 0.2921875 0.678125 0.2671875 0.6828125 0.2640625 0.696875 0.2640625
1 0.69453125 0.3203125 0.025 0.03125
1 0.6609375 0.1796875 0.6640625 0.19375 0.6640625 0.20625 0.65 0.209375 0.64375 0.2078125 0.6421875 0.1828125 0.6484375 0.1796875 0.659375 0.1796875
1 0.646875 0.225 0.665625 0.2234375 0.66875 0.2390625 0.6671875 0.2515625 0.6515625 0.253125 0.6484375 0.25 0.646875 0.2265625
1 0.66875 0.265625 0.671875 0.26875 0.6734375 0.2921875 0.66875 0.2953125 0.653125 0.29375 0.6515625 0.26875 0.6671875 0.2671875
1 0.6734375 0.309375 0.6765625 0.3125 0.678125 0.3359375 0.671875 0.3390625 0.659375 0.3390625 0.65625 0.328125 0.65625 0.3125 0.671875 0.309375