5 0.5703125 0.83125 0.5734375 0.8375 0.5765625 0.8703125 0.58125 0.89375 0.578125 0.8953125 0.5015625 0.9046875 0.496875 0.9078125 0.4796875 0.909375 0.4671875 0.9140625 0.45625 0.9125 0.3796875 0.9234375 0.3703125 0.925 0.3671875 0.928125 0.35625 0.928125 0.2671875 0.9421875 0.2234375 0.946875 0.2203125 0.95 0.1546875 0.959375 0.1453125 0.959375 0.14375 0.95625 0.1359375 0.9015625 0.1359375 0.896875 0.140625 0.89375 0.271875 0.8765625 0.28125 0.875 0.2859375 0.871875 0.3734375 0.859375 0.40625 0.85625 0.41875 0.8515625 0.5375 0.8359375 0.540625 0.8328125 0.5625 0.8296875 0.56875 0.83125
5 0.9046875 0.1578125 0.909375 0.175 0.909375 0.1828125 0.9046875 0.1859375 0.765625 0.20625 0.7546875 0.20625 0.7515625 0.184375 0.753125 0.1796875 0.796875 0.175 0.809375 0.1703125 0.903125 0.1578125
0 0.31796875 0.35234375 0.259375 0.0578125
0 0.3828125 0.9421875 0.390625 0.9390625 0.5 0.925 0.5125 0.9203125 0.5234375 0.9203125 0.56875 0.9125 0.5734375 0.9125 0.578125 0.928125 0.578125 0.9296875 0.5703125 0.9296875 0.56875 0.9328125 0.559375 0.93125 0.55625 0.934375 0.4375 0.95 0.425 0.9546875 0.390625 0.959375 0.384375 0.95625 0.3828125 0.94375
0 0.146875 0.13359375 0.2171875 0.053125
0 0.34140625 0.65078125 0.2109375 0.053125
0 0.8234375 0.06875 0.8265625 0.0796875 0.8265625 0.084375 0.8234375 0.0875 0.725 0.1 0.7234375 0.103125 0.709375 0.103125 0.7015625 0.10625 0.6921875 0.1046875 0.66875 0.1109375 0.6640625 0.109375 0.6625 0.0953125 0.66875 0.0921875 0.7203125 0.0859375 0.7234375 0.0828125 0.75 0.08125 0.7578125 0.078125 0.821875 0.0703125
0 0.6734375 0.146875 0.678125 0.15625 0.684375 0.2109375 0.6546875 0.2140625 0.6421875 0.21875 0.54375 0.23125 0.540625 0.234375 0.53125 0.2359375 0.465625 0.24375 0.4203125 0.2515625 0.4171875 0.2515625 0.415625 0.23125 0.4109375 0.21875 0.4078125 0.196875 0.4078125 0.1875 0.4109375 0.1859375 0.515625 0.171875 0.528125 0.1671875 0.6265625 0.1546875 0.6296875 0.1515625 0.6390625 0.15 0.671875 0.146875
0 0.159375 0.5703125 0.1578125 0.55625 0.1625 0.5515625 0.2609375 0.5390625 0.265625 0.5359375 0.284375 0.5328125 0.29375 0.534375 0.30625 0.5296875 0.3109375 0.53125 0.3171875 0.528125 0.3609375 0.5234375 0.428125 0.5125 0.4359375 0.5125 0.4359375 0.5203125 0.4390625 0.5265625 0.4375 0.5296875 0.409375 0.5328125 0.40625 0.5359375 0.275 0.553125 0.2625 0.5578125 0.240625 0.559375 0.1625 0.571875 0.1609375 0.5703125
0 0.54375 0.3828125 0.653125 0.36875 0.665625 0.3640625 0.7421875 0.353125 0.796875 0.346875 0.8 0.34375 0.80625 0.3453125 0.8140625 0.34375 0.815625 0.35 0.815625 0.359375 0.809375 0.3609375 0.7328125 0.3703125 0.7203125 0.375 0.621875 0.3875 0.609375 0.3921875 0.5546875 0.4 0.54375 0.3984375 0.5421875 0.3890625 0.54375 0.384375
1 0.4734375 0.6984375 0.4734375 0.709375 0.4640625 0.7125 0.45625 0.709375 0.45625 0.7015625 0.4640625 0.6984375 0.471875 0.6984375
1 0.44375 0.703125 0.4453125 0.7125 0.4421875 0.715625 0.4296875 0.7171875 0.425 0.7125 0.425 0.7046875 0.4421875 0.703125
1 0.6859375 0.84140625 0.0203125 0.01875
1 0.63125 0.84375 0.634375 0.846875 0.6328125 0.8546875 0.6296875 0.8578125 0.6203125 0.859375 0.615625 0.85625 0.615625 0.846875 0.6296875 0.8453125
1 0.659375 0.8671875 0.0203125 0.015625