5 0.50625 0.8359375 0.5078125 0.8375 0.765625 0.8390625 0.7671875 0.840625 0.9109375 0.840625 0.9140625 0.8421875 0.9140625 0.9046875 0.9125 0.90625 0.6875 0.9046875 0.6859375 0.903125 0.58125 0.9046875 0.55625 0.9015625 0.4734375 0.9015625 0.4734375 0.8390625 0.478125 0.8359375 0.5046875 0.8359375
5 0.2046875 0.21875 0.2046875 0.2453125 0.053125 0.2453125 0.0484375 0.2421875 0.0484375 0.21875 0.05 0.2171875 0.203125 0.21875
0 0.53125 0.31875 0.5390625 0.3171875 0.7390625 0.31875 0.740625 0.3203125 0.7859375 0.3203125 0.7875 0.321875 0.7875 0.3390625 0.66875 0.3390625 0.6671875 0.3375 0.534375 0.3375 0.53125 0.3359375 0.53125 0.3203125
0 0.4828125 0.91875 0.6734375 0.9203125 0.6765625 0.921875 0.6765625 0.9359375 0.6734375 0.9390625 0.6296875 0.9390625 0.628125 0.9375 0.503125 0.9375 0.5015625 0.9359375 0.490625 0.9375 0.48125 0.9359375 0.4828125 0.9203125
0 0.821875 0.078125 0.8234375 0.0796875 0.8265625 0.078125 0.903125 0.0796875 0.9046875 0.08125 0.9046875 0.0984375 0.903125 0.1 0.89375 0.0984375 0.86875 0.1 0.8671875 0.0984375 0.6921875 0.096875 0.6921875 0.0796875 0.69375 0.078125 0.8203125 0.078125
0 0.7125 0.6171875 0.7140625 0.61875 0.71875 0.6171875 0.721875 0.61875 0.7828125 0.61875 0.7828125 0.63125 0.7796875 0.6390625 0.5734375 0.6359375 0.5734375 0.61875 0.575 0.6171875 0.7109375 0.6171875
0 0.1171875 0.11875 0.190625 0.11875 0.1921875 0.1203125 0.2203125 0.11875 0.221875 0.1203125 0.2796875 0.1203125 0.28125 0.121875 0.2796875 0.1375 0.2609375 0.1375 0.259375 0.1359375 0.221875 0.1375 0.2203125 0.1359375 0.11875 0.1359375 0.1171875 0.1203125
0 0.2765625 0.175 0.2796875 0.1734375 0.321875 0.1734375 0.3234375 0.175 0.54375 0.1765625 0.546875 0.178125 0.5453125 0.2421875 0.4203125 0.2421875 0.41875 0.240625 0.275 0.2390625 0.2765625 0.1765625
0 0.5640625 0.503125 0.840625 0.5046875 0.8453125 0.5078125 0.84375 0.5234375 0.5953125 0.521875 0.59375 0.5203125 0.5890625 0.521875 0.5875 0.5203125 0.5640625 0.5203125 0.5625 0.51875 0.5640625 0.5046875
0 0.165625 0.3890625 0.175 0.3875 0.18125 0.3890625 0.321875 0.3890625 0.3234375 0.390625 0.4390625 0.390625 0.440625 0.3921875 0.4390625 0.4078125 0.3671875 0.4078125 0.365625 0.40625 0.165625 0.4046875 0.165625 0.390625
1 0.553125 0.6921875 0.56875 0.6921875 0.5703125 0.69375 0.5703125 0.703125 0.5671875 0.7046875 0.5546875 0.7046875 0.553125 0.69375
1 0.5921875 0.6984375 0.01953125 0.0140625
1 0.3546875 0.8578125 0.36875 0.8578125 0.371875 0.8625 0.3703125 0.8703125 0.3546875 0.8703125 0.3546875 0.859375
1 0.415625 0.8703125 0.4140625 0.8671875 0.415625 0.859375 0.4328125 0.859375 0.43125 0.871875 0.4171875 0.8703125
1 0.4015625 0.8796875 0.4015625 0.8921875 0.3859375 0.8921875 0.384375 0.890625 0.3859375 0.8796875 0.4 0.8796875