0 0.7140625 0.25625 0.715625 0.2578125 0.7390625 0.2578125 0.740625 0.25625 0.88125 0.2578125 0.88125 0.2765625 0.8796875 0.278125 0.6703125 0.278125 0.66875 0.2765625 0.66875 0.259375 0.6703125 0.2578125 0.7125 0.25625
0 0.8 0.359375 0.8015625 0.3609375 0.8015625 0.38125 0.540625 0.38125 0.5390625 0.3796875 0.5390625 0.3609375 0.540625 0.359375 0.7984375 0.359375
0 0.234375 0.41875 0.31875 0.41875 0.3203125 0.4171875 0.4515625 0.41875 0.4515625 0.4375 0.4359375 0.4390625 0.4328125 0.4375 0.4296875 0.4390625 0.428125 0.4375 0.421875 0.4390625 0.4203125 0.4375 0.4140625 0.4390625 0.4109375 0.4375 0.4046875 0.4390625 0.390625 0.4375 0.378125 0.4390625 0.2578125 0.4375 0.2484375 0.4390625 0.234375 0.4375 0.234375 0.4203125
0 0.3703125 0.54453125 0.2921875 0.01796875
0 0.5625 0.8234375 0.5640625 0.825 0.571875 0.8234375 0.5875 0.8234375 0.5890625 0.825 0.590625 0.8234375 0.5921875 0.825 0.5984375 0.8234375 0.6125 0.825 0.615625 0.8234375 0.61875 0.825 0.6296875 0.8234375 0.6328125 0.825 0.6390625 0.8234375 0.6609375 0.8234375 0.6625 0.825 0.671875 0.8234375 0.6734375 0.825 0.6828125 0.8234375 0.6859375 0.825 0.7109375 0.825 0.7125 0.8234375 0.73125 0.8234375 0.7328125 0.825 0.7390625 0.8234375 0.74375 0.825 0.753125 0.8234375 0.8203125 0.825 0.8265625 0.8234375 0.834375 0.825 0.840625 0.8234375 0.84375 0.825 0.853125 0.8234375 0.8578125 0.825 0.859375 0.8234375 0.8609375 0.825 0.8609375 0.8453125 0.8578125 0.846875 0.853125 0.8453125 0.540625 0.8453125 0.5390625 0.84375 0.5390625 0.825 0.540625 0.8234375 0.5609375 0.8234375
0 0.240625 0.26875 0.2421875 0.2703125 0.484375 0.26875 0.49375 0.2703125 0.49375 0.290625 0.490625 0.2921875 0.23125 0.2921875 0.2296875 0.2890625 0.23125 0.2875 0.23125 0.2703125 0.2390625 0.2703125
0 0.35 0.1921875 0.7078125 0.1921875 0.709375 0.19375 0.709375 0.2390625 0.7078125 0.240625 0.3515625 0.240625 0.3484375 0.2390625 0.3484375 0.1953125 0.35 0.19375
5 0.8453125 0.6953125 0.846875 0.696875 0.846875 0.80625 0.8453125 0.8078125 0.6953125 0.8078125 0.69375 0.809375 0.690625 0.8078125 0.6828125 0.809375 0.68125 0.8078125 0.3515625 0.8078125 0.3484375 0.8046875 0.3484375 0.7 0.35 0.696875 0.3546875 0.6953125 0.84375 0.6953125
2 0.1125 0.8578125 0.1140625 0.859375 0.128125 0.8578125 0.1296875 0.859375 0.1703125 0.859375 0.171875 0.8609375 0.1796875 0.8578125 0.184375 0.859375 0.19375 0.8578125 0.2 0.859375 0.234375 0.859375 0.2359375 0.8578125 0.2390625 0.859375 0.2484375 0.8578125 0.3078125 0.859375 0.3109375 0.8765625 0.3078125 0.90625 0.3078125 0.96875 0.30625 0.9703125 0.290625 0.96875 0.2875 0.9703125 0.284375 0.96875 0.2796875 0.9703125 0.278125 0.96875 0.271875 0.9703125 0.2703125 0.96875 0.2671875 0.9703125 0.2421875 0.9703125 0.240625 0.96875 0.1171875 0.9703125 0.115625 0.96875 0.10625 0.971875 0.0984375 0.96875 0.0921875 0.9703125 0.0875 0.9625 0.0890625 0.9546875 0.0875 0.946875 0.0890625 0.8859375 0.0875 0.884375 0.090625 0.8734375 0.0890625 0.8609375 0.090625 0.859375 0.0953125 0.8609375 0.1109375 0.859375
1 0.7875 0.1421875 0.7875 0.1609375 0.7859375 0.1625 0.784375 0.1609375 0.7609375 0.1625 0.7578125 0.1453125 0.759375 0.1421875 0.7859375 0.1421875
1 0.8 0.1421875 0.8296875 0.1421875 0.8296875 0.1609375 0.828125 0.1625 0.8 0.1609375 0.8 0.14375
1 0.8421875 0.1421875 0.8703125 0.1421875 0.871875 0.14375 0.871875 0.159375 0.86875 0.1625 0.8421875 0.1609375 0.8421875 0.14375
1 0.9109375 0.1421875 0.9140625 0.1453125 0.9125 0.1625 0.8859375 0.1625 0.884375 0.1609375 0.884375 0.14375 0.8859375 0.1421875 0.909375 0.1421875
1 0.759375 0.165625 0.76875 0.1671875 0.7828125 0.165625 0.7875 0.16875 0.7875 0.184375 0.7859375 0.1859375 0.759375 0.1859375 0.759375 0.1671875
1 0.81875 0.165625 0.8296875 0.1671875 0.8296875 0.184375 0.828125 0.1859375 0.8 0.1859375 0.8 0.1671875 0.8171875 0.165625
1 0.86875 0.165625 0.871875 0.1703125 0.8703125 0.1859375 0.84375 0.1859375 0.8421875 0.184375 0.8421875 0.1671875 0.84375 0.165625 0.8671875 0.165625
1 0.89921875 0.17578125 0.03046875 0.02265625
1 0.29375 0.3640625 0.296875 0.3671875 0.2953125 0.3828125 0.271875 0.3828125 0.2703125 0.38125 0.2703125 0.365625 0.271875 0.3640625 0.2921875 0.3640625
1 0.371875 0.4578125 0.3921875 0.4578125 0.39375 0.459375 0.39375 0.471875 0.390625 0.4734375 0.371875 0.471875 0.371875 0.459375
1 0.409375 0.4578125 0.4296875 0.4578125 0.4296875 0.471875 0.4234375 0.4734375 0.409375 0.471875 0.4078125 0.4703125 0.409375 0.459375
1 0.4453125 0.4578125 0.4640625 0.4578125 0.465625 0.459375 0.4640625 0.4734375 0.446875 0.4734375 0.44375 0.4703125 0.4453125 0.459375
1 0.48125 0.4578125 0.5015625 0.4578125 0.503125 0.459375 0.503125 0.471875 0.4984375 0.4734375 0.4828125 0.4734375 0.48125 0.459375