0 0.3375 0.478125 0.353125 0.48125 0.3671875 0.48125 0.3703125 0.484375 0.3390625 0.784375 0.278125 0.7796875 0.275 0.7765625 0.30625 0.478125 0.3078125 0.4765625 0.3359375 0.478125
0 0.353125 0.059375 0.3453125 0.1390625 0.346875 0.1484375 0.34375 0.153125 0.3453125 0.1625 0.3390625 0.19375 0.340625 0.2015625 0.3375 0.209375 0.3390625 0.215625 0.3359375 0.2328125 0.3359375 0.253125 0.3296875 0.284375 0.33125 0.2953125 0.328125 0.2984375 0.328125 0.3125 0.321875 0.3578125 0.3234375 0.3703125 0.3203125 0.3765625 0.3015625 0.375 0.2984375 0.371875 0.33125 0.059375 0.3328125 0.0578125 0.3515625 0.059375
0 0.8875 0.30625 0.0515625 0.2546875
0 0.9296875 0.1578125 0.9328125 0.153125 0.9515625 0.1546875 0.95 0.1703125 0.9515625 0.1796875 0.9484375 0.184375 0.95 0.1953125 0.94375 0.2265625 0.9453125 0.2390625 0.9421875 0.2421875 0.94375 0.2546875 0.940625 0.2671875 0.940625 0.284375 0.9375 0.2875 0.9390625 0.2984375 0.9359375 0.303125 0.9375 0.30625 0.934375 0.315625 0.9359375 0.328125 0.9328125 0.3375 0.934375 0.34375 0.93125 0.353125 0.9328125 0.3578125 0.93125 0.3734375 0.928125 0.3828125 0.9109375 0.38125 0.90625 0.3734375 0.9078125 0.359375 0.9109375 0.35625 0.909375 0.3515625 0.9109375 0.328125 0.9125 0.3171875 0.915625 0.3125 0.9140625 0.3015625 0.9171875 0.296875 0.915625 0.2953125 0.9171875 0.2703125 0.9203125 0.2671875 0.9203125 0.2390625 0.921875 0.225 0.925 0.2203125 0.925 0.196875 0.928125 0.19375 0.93125 0.159375
0 0.63125 0.4359375 0.653125 0.4375 0.6546875 0.4421875 0.6515625 0.478125 0.646875 0.4953125 0.6453125 0.5234375 0.6421875 0.5390625 0.64375 0.55 0.640625 0.5546875 0.6390625 0.56875 0.640625 0.5828125 0.6375 0.5984375 0.6375 0.6125 0.634375 0.61875 0.6140625 0.6171875 0.6109375 0.6125 0.628125 0.4484375 0.63125 0.4375
0 0.253125 0.4890625 0.2625 0.4875 0.2703125 0.490625 0.2703125 0.51875 0.265625 0.534375 0.265625 0.55 0.2625 0.5640625 0.2640625 0.578125 0.2609375 0.5875 0.2609375 0.6078125 0.2578125 0.6234375 0.259375 0.6359375 0.25625 0.6390625 0.253125 0.6796875 0.25 0.6828125 0.2515625 0.696875 0.25 0.709375 0.246875 0.7125 0.2484375 0.715625 0.2453125 0.728125 0.24375 0.75625 0.240625 0.7578125 0.2265625 0.75625 0.2265625 0.740625 0.234375 0.6796875 0.2328125 0.671875 0.2359375 0.665625 0.2375 0.65 0.2359375 0.6375 0.240625 0.6203125 0.2390625 0.6078125 0.24375 0.590625 0.2421875 0.578125 0.246875 0.5609375 0.253125 0.490625
0 0.034375 0.5609375 0.0390625 0.5625 0.040625 0.565625 0.0078125 0.8765625 0.0046875 0.878125 0 0.8765625 0 0.7734375 0.015625 0.6390625 0.021875 0.565625 0.025 0.5609375 0.0328125 0.5609375
0 0.2265625 0.3125 0.2359375 0.3140625 0.2359375 0.321875 0.2265625 0.3984375 0.228125 0.4109375 0.225 0.4140625 0.2171875 0.5 0.215625 0.50625 0.2125 0.5078125 0.2015625 0.5078125 0.2 0.5 0.203125 0.484375 0.2015625 0.4828125 0.203125 0.45625 0.209375 0.4140625 0.2078125 0.4109375 0.2140625 0.365625 0.2140625 0.3515625 0.215625 0.340625 0.21875 0.3359375 0.2203125 0.3203125 0.21875 0.3140625 0.225 0.3125
0 0.0890625 0.2171875 0.10625 0.2203125 0.09375 0.33125 0.0953125 0.3390625 0.09375 0.3546875 0.0890625 0.3640625 0.0921875 0.3734375 0.0875 0.390625 0.078125 0.4921875 0.06875 0.49375 0.0609375 0.490625 0.0625 0.4765625 0.0609375 0.4640625 0.0640625 0.4328125 0.0671875 0.4171875 0.071875 0.359375 0.0765625 0.3421875 0.075 0.334375 0.078125 0.328125 0.0765625 0.3140625 0.0796875 0.2984375 0.0796875 0.284375 0.0828125 0.2796875 0.084375 0.26875 0.084375 0.2546875 0.0875 0.2390625 0.0859375 0.234375 0.0890625 0.21875
0 0.79375 0.3828125 0.80625 0.384375 0.8125 0.3828125 0.8109375 0.4125 0.8015625 0.4875 0.803125 0.5015625 0.7984375 0.5171875 0.796875 0.5328125 0.7984375 0.54375 0.7953125 0.546875 0.7859375 0.65 0.7828125 0.6546875 0.765625 0.653125 0.7765625 0.559375 0.775 0.5453125 0.778125 0.5375 0.7765625 0.534375 0.7796875 0.5296875 0.778125 0.515625 0.78125 0.509375 0.7796875 0.5046875 0.7828125 0.5 0.79375 0.384375
0 0.5953125 0.159375 0.59375 0.1625 0.5953125 0.175 0.5921875 0.178125 0.5828125 0.2671875 0.584375 0.2796875 0.5828125 0.2953125 0.5765625 0.3265625 0.571875 0.3765625 0.553125 0.375 0.5515625 0.371875 0.5546875 0.353125 0.553125 0.346875 0.5578125 0.3234375 0.5734375 0.1609375 0.5765625 0.15625 0.59375 0.159375
0 0.8953125 0.75625 0.8984375 0.7453125 0.9 0.7015625 0.903125 0.6859375 0.9171875 0.5375 0.9203125 0.534375 0.91875 0.528125 0.921875 0.521875 0.925 0.48125 0.9265625 0.4796875 0.9390625 0.48125 0.940625 0.49375 0.9375 0.509375 0.9375 0.5234375 0.9265625 0.6140625 0.9265625 0.6328125 0.925 0.634375 0.9265625 0.6390625 0.9234375 0.64375 0.9078125 0.8046875 0.90625 0.80625 0.8921875 0.8046875 0.896875 0.7578125
3 0.340798275 0.18951690000000002 0.334230684375 0.25200335156250003 0.348048528125 0.253455665625 0.35461611875 0.1909692140625 0.340798275 0.18951690000000002
3 0.22779338125 0.3999136984375 0.22480841875 0.428313715625 0.2359953734375 0.4294895109375 0.2389803359375 0.4010894953125 0.22779338125 0.3999136984375
3 0.2604464265625 0.59405978125 0.2538586046875 0.6567387203124999 0.26590173125 0.658004503125 0.272489553125 0.5953255640624999 0.2604464265625 0.59405978125
3 0.09471228125 0.3317383359375 0.0892784875 0.3834374328125 0.10017627031250001 0.3845828359375 0.1056100640625 0.3328837390625 0.09471228125 0.3317383359375
3 0.025875673437500003 0.699180840625 0.021004142187499998 0.7455303734375 0.030677199999999998 0.746547053125 0.0355487328125 0.70019751875 0.025875673437500003 0.699180840625
3 0.5851096953125 0.25756021093750003 0.5821053453125 0.28614469374999996 0.5936892 0.28736220625 0.59669355 0.2587777234375 0.5851096953125 0.25756021093750003
3 0.648227103125 0.4986032359375 0.64135604375 0.5639770093750001 0.651924965625 0.565087846875 0.6587960265625 0.49971407343749996 0.648227103125 0.4986032359375
3 0.8025635265625001 0.48931392812499996 0.795503640625 0.556484259375 0.80632204375 0.55762131875 0.8133819296875 0.49045098749999994 0.8025635265625001 0.48931392812499996
3 0.8993425703125 0.2968029171875 0.8968043828125 0.3209521546875 0.9078779375 0.3221160328125 0.910416125 0.2979667953125 0.8993425703125 0.2968029171875
3 0.943174428125 0.250169453125 0.9387935046875 0.29185115 0.950150559375 0.2930448234375 0.9545314828125001 0.251363128125 0.943174428125 0.250169453125
3 0.9267149625 0.6228413125000001 0.9213064578125 0.6742998 0.92959603125 0.6751710703125 0.9350045359375001 0.6237125812500001 0.9267149625 0.6228413125000001
3 0.875939265625 0.560186546875 0.8729222703125 0.5888913359375 0.8846138546875 0.5901201703125001 0.8876308500000001 0.56141538125 0.875939265625 0.560186546875
3 0.8221539906249999 0.6987387796875 0.8194092749999999 0.724853 0.8302957171875001 0.7259972109375 0.8330404328125001 0.699882990625 0.8221539906249999 0.6987387796875
3 0.7407135312500001 0.78638348125 0.7378777765625 0.8133638968750001 0.7511059359375001 0.8147542328125 0.7539416921875 0.7877738171875001 0.7407135312500001 0.78638348125
3 0.825736415625 0.298318896875 0.8230785265625 0.323607021875 0.8332562156250001 0.3246767390625 0.8359141046874999 0.29938861562499997 0.825736415625 0.298318896875
3 0.380812428125 0.6154927359375 0.37862154531250003 0.6363375953125 0.3918156859375 0.6377243546875 0.3940065703125 0.616879496875 0.380812428125 0.6154927359375
2 0.7455257625 0.1438748296875 0.7277009234375 0.30255833125 0.73133275 0.30618362656250003 0.807962346875 0.313426828125 0.8116172515625 0.3113782921875 0.8110121078124999 0.3007730703125 0.81361730625 0.29780331250000003 0.8281394921875 0.1541796703125 0.7455257625 0.1438748296875
2 0.1134410234375 0.545325753125 0.11075152968749999 0.549097546875 0.105992746875 0.5834658109374999 0.092505203125 0.711791215625 0.101807053125 0.7160124546875 0.1988487296875 0.7254010515625 0.2032241671875 0.7055885843749999 0.21742422968750003 0.5813925359375001 0.21760083749999998 0.557895178125 0.20659798281250003 0.5534951578125 0.1134410234375 0.545325753125
5 0.6467921203125 0.6276683359375 0.6150095671875 0.930059134375 0.6971001484375 0.9386872015625001 0.7288827015625 0.636296403125 0.6467921203125 0.6276683359375
1 0.4296875 0.40625 0.4375 0.4078125 0.4375 0.421875 0.434375 0.43125 0.41875 0.428125 0.4203125 0.409375 0.4234375 0.40625 0.428125 0.40625
1 0.4234375 0.378125 0.43125 0.3765625 0.440625 0.3796875 0.440625 0.3921875 0.4375 0.4015625 0.421875 0.3984375 0.4234375 0.3796875
1 0.3953125 0.4375 0.3984375 0.4328125 0.4125 0.434375 0.4140625 0.4359375 0.4125 0.45 0.409375 0.4578125 0.3984375 0.4578125 0.3953125 0.4546875 0.396875 0.4390625
1 0.384375 0.43125 0.39375 0.434375 0.3921875 0.45 0.390625 0.4546875 0.3875 0.45625 0.3734375 0.453125 0.375 0.434375 0.378125 0.43125 0.3828125 0.43125
1 0.38125 0.4015625 0.3953125 0.403125 0.3953125 0.4203125 0.3921875 0.4265625 0.378125 0.425 0.3796875 0.41875 0.378125 0.4046875 0.38125 0.403125
1 0.359375 0.4 0.3703125 0.4 0.375 0.403125 0.3734375 0.41875 0.3703125 0.425 0.35625 0.421875 0.359375 0.4015625