0 0.34375 0.1890625 0.3453125 0.190625 0.3734375 0.190625 0.384375 0.19375 0.3703125 0.48125 0.3671875 0.496875 0.3078125 0.49375 0.3046875 0.490625 0.3203125 0.190625 0.321875 0.1890625 0.3421875 0.1890625
0 0.3015625 0.5921875 0.303125 0.6015625 0.3015625 0.603125 0.3 0.659375 0.2984375 0.6609375 0.3 0.6828125 0.296875 0.690625 0.2984375 0.71875 0.2953125 0.7328125 0.296875 0.7453125 0.29375 0.75 0.2953125 0.7546875 0.29375 0.7578125 0.2953125 0.76875 0.2921875 0.7796875 0.29375 0.8078125 0.290625 0.8109375 0.2921875 0.8359375 0.2890625 0.8390625 0.2859375 0.9109375 0.265625 0.9109375 0.2640625 0.896875 0.265625 0.8953125 0.265625 0.8671875 0.2671875 0.865625 0.2671875 0.8375 0.26875 0.8359375 0.26875 0.8078125 0.2703125 0.80625 0.2703125 0.778125 0.271875 0.7765625 0.271875 0.7484375 0.2734375 0.746875 0.2734375 0.71875 0.275 0.7171875 0.275 0.6890625 0.278125 0.6578125 0.2796875 0.5984375 0.2828125 0.5921875 0.3 0.5921875
0 0.8671875 0.6265625 0.86875 0.628125 0.8671875 0.6734375 0.865625 0.675 0.8671875 0.6921875 0.8640625 0.7046875 0.865625 0.7265625 0.8625 0.734375 0.8578125 0.853125 0.85625 0.8546875 0.85625 0.875 0.8515625 0.878125 0.8375 0.878125 0.834375 0.875 0.8453125 0.64375 0.8484375 0.6265625 0.865625 0.6265625
0 0.8703125 0.9046875 0.8734375 0.88125 0.871875 0.853125 0.875 0.85 0.8734375 0.8234375 0.8765625 0.8078125 0.8765625 0.778125 0.878125 0.7765625 0.8765625 0.7671875 0.8796875 0.7625 0.878125 0.7609375 0.8796875 0.753125 0.878125 0.734375 0.8796875 0.7328125 0.88125 0.6859375 0.884375 0.68125 0.903125 0.6828125 0.9046875 0.7046875 0.9015625 0.709375 0.903125 0.734375 0.9 0.75 0.9015625 0.7640625 0.8984375 0.7765625 0.9 0.79375 0.896875 0.796875 0.8984375 0.7984375 0.8984375 0.8171875 0.8953125 0.834375 0.896875 0.853125 0.8921875 0.8921875 0.89375 0.8984375 0.8921875 0.909375 0.8734375 0.909375 0.871875 0.90625
0 0.6359375 0.4015625 0.6515625 0.4046875 0.6515625 0.4296875 0.65 0.43125 0.65 0.45 0.646875 0.4609375 0.6484375 0.471875 0.64375 0.5203125 0.64375 0.5375 0.6453125 0.5390625 0.64375 0.578125 0.640625 0.584375 0.61875 0.5828125 0.6171875 0.5796875 0.6265625 0.403125 0.634375 0.4015625
0 0.2828125 0.203125 0.2859375 0.20625 0.284375 0.240625 0.2828125 0.2421875 0.284375 0.2671875 0.28125 0.271875 0.2828125 0.3 0.28125 0.3015625 0.2796875 0.359375 0.2765625 0.371875 0.278125 0.3859375 0.275 0.390625 0.275 0.41875 0.2734375 0.4203125 0.275 0.4484375 0.2703125 0.4734375 0.2546875 0.471875 0.2578125 0.3765625 0.2609375 0.35 0.259375 0.3296875 0.2640625 0.2984375 0.2625 0.2859375 0.265625 0.26875 0.2671875 0.2109375 0.2703125 0.203125 0.28125 0.203125
0 0.05390625 0.20703125 0.0375 0.31875
0 0.215625 0.4453125 0.21875 0.4484375 0.21875 0.478125 0.2171875 0.4796875 0.2171875 0.5078125 0.2140625 0.5390625 0.215625 0.55 0.2125 0.56875 0.209375 0.640625 0.19375 0.640625 0.1921875 0.634375 0.1953125 0.625 0.19375 0.596875 0.1953125 0.5953125 0.2 0.484375 0.203125 0.4765625 0.2015625 0.4734375 0.203125 0.4484375 0.20625 0.4453125 0.2140625 0.4453125
0 0.06875 0.4375 0.08125 0.440625 0.08125 0.44375 0.0796875 0.4453125 0.0796875 0.4734375 0.078125 0.475 0.0765625 0.5328125 0.075 0.534375 0.0765625 0.5609375 0.071875 0.56875 0.075 0.5796875 0.0734375 0.590625 0.075 0.59375 0.071875 0.596875 0.0671875 0.7125 0.0640625 0.715625 0.0484375 0.7140625 0.05 0.7078125 0.0484375 0.69375 0.0515625 0.68125 0.0515625 0.6234375 0.0546875 0.60625 0.053125 0.5953125 0.05625 0.5921875 0.0546875 0.5640625 0.05625 0.5625 0.059375 0.4734375 0.0625 0.44375 0.0640625 0.4390625 0.0671875 0.4375
0 0.7859375 0.3890625 0.8046875 0.3921875 0.8 0.4921875 0.7984375 0.49375 0.8 0.50625 0.796875 0.5234375 0.7984375 0.55 0.7953125 0.553125 0.7921875 0.6421875 0.790625 0.64375 0.790625 0.6625 0.7859375 0.6640625 0.771875 0.6609375 0.7765625 0.5515625 0.778125 0.55 0.7765625 0.521875 0.7796875 0.51875 0.778125 0.4984375 0.78125 0.490625 0.7859375 0.390625
0 0.53515625 0.74140625 0.0359375 0.221875
0 0.9484375 0.2609375 0.9421875 0.40625 0.940625 0.4078125 0.940625 0.4265625 0.9421875 0.428125 0.940625 0.434375 0.9421875 0.4359375 0.9390625 0.4421875 0.934375 0.55625 0.93125 0.5859375 0.9171875 0.5859375 0.915625 0.5578125 0.91875 0.5546875 0.9171875 0.5265625 0.91875 0.525 0.91875 0.496875 0.921875 0.465625 0.9265625 0.346875 0.9296875 0.340625 0.9296875 0.3171875 0.93125 0.315625 0.9296875 0.3078125 0.9328125 0.2859375 0.9328125 0.2609375 0.934375 0.259375 0.946875 0.2609375
3 0.3080629703125 0.7824830546875 0.311351271875 0.7197385171875 0.29747635781250004 0.7190113640625 0.29418805625 0.7817559015625 0.3080629703125 0.7824830546875
3 0.226720909375 0.55686028125 0.2282154375 0.5283429640625 0.2169822796875 0.527754259375 0.21548775 0.556271575 0.226720909375 0.55686028125
3 0.2902027875 0.37025757656249997 0.29350121875 0.30731975624999996 0.2814083515625 0.30668599687500003 0.27810992031250004 0.369623815625 0.2902027875 0.37025757656249997
3 0.084322915625 0.603362603125 0.087043540625 0.5514499749999999 0.076100746875 0.5508764875 0.07338012187500001 0.602789115625 0.084322915625 0.603362603125
3 0.072584690625 0.22961105937499998 0.0750237984375 0.183070090625 0.0653107875 0.18256105312499998 0.0628716796875 0.229102021875 0.072584690625 0.22961105937499998
3 0.5577676140625 0.753378634375 0.5592718515625 0.7246760890624999 0.5476401515625 0.7240664984375 0.5461359156250001 0.7527690421875 0.5577676140625 0.753378634375
3 0.6567962546875 0.5251235765625 0.6602365 0.4594797921875 0.649623925 0.4589236109375 0.6461836796875 0.5245673953125001 0.6567962546875 0.5251235765625
3 0.8080298828125001 0.5584551828125 0.8115646703125 0.4910074203125 0.800701584375 0.490438109375 0.797166796875 0.557885871875 0.8080298828125001 0.5584551828125
3 0.8737582640625 0.7637490671875 0.8750291000000001 0.7395000875 0.8639098093750001 0.73891735 0.8626389734375 0.7631663296875 0.8737582640625 0.7637490671875
3 0.9100400703125 0.816680128125 0.9122335375 0.7748262765625 0.900829575 0.7742286203125001 0.8986361078125 0.8160824718749999 0.9100400703125 0.816680128125
3 0.9490018203125 0.4458602265625 0.951709784375 0.39418920156250004 0.943385971875 0.39375296875 0.9406780093749999 0.4454239953125 0.9490018203125 0.4458602265625
3 0.8924659531250001 0.49997956875 0.8939765218750001 0.47115622031250004 0.8822366468749999 0.4705409609375 0.8807260796874999 0.4993643078125 0.8924659531250001 0.49997956875
3 0.860208740625 0.354676903125 0.86158298125 0.3284548234375 0.850651575 0.3278819328125 0.8492773343750001 0.3541040109375 0.860208740625 0.354676903125
3 0.7958329921875 0.2554943890625 0.797252815625 0.2284025375 0.78397001875 0.227706415625 0.7825501953125 0.2547982671875 0.7958329921875 0.2554943890625
3 0.8003959109375 0.75069006875 0.8017266781249999 0.7252974984375 0.7915069515625001 0.7247619046875 0.790176184375 0.7501544765625 0.8003959109375 0.75069006875
3 0.41359550624999997 0.367978459375 0.4146924515625 0.3470475046875 0.40144381406249996 0.3463531734375 0.40034686875 0.3672841265625 0.41359550624999997 0.367978459375
2 0.7700013328125 0.8928950328124999 0.7781256265625001 0.748767865625 0.7760170734375 0.745427128125 0.778273790625 0.7350471390625 0.7749843453125 0.7324520718749999 0.6981651 0.7276185875000001 0.6940108656249999 0.7306311062499999 0.6867926828125 0.8901493687500001 0.7700013328125 0.8928950328124999
2 0.1306535859375 0.22707005468750002 0.123900559375 0.35592547812499997 0.12322437187499999 0.39061504999999996 0.125290715625 0.394761134375 0.218578734375 0.40126526875 0.23013444062500002 0.3986406453125 0.233635803125 0.37540495156250003 0.2390391109375 0.250516584375 0.2378168953125 0.230263571875 0.14050126093749998 0.22435591718749998 0.1306535859375 0.22707005468750002
5 0.7473862312499999 0.40118677500000005 0.7632993171875 0.097547021875 0.6808696796875 0.0932270671875 0.66495659375 0.3968668203125 0.7473862312499999 0.40118677500000005
1 0.4078125 0.5796875 0.40625 0.571875 0.409375 0.55625 0.4234375 0.55625 0.425 0.559375 0.4234375 0.58125 0.409375 0.5796875
1 0.4140625 0.5984375 0.0203125 0.0265625
1 0.3859375 0.5453125 0.3890625 0.540625 0.3875 0.5375 0.3890625 0.5265625 0.390625 0.525 0.403125 0.5265625 0.4046875 0.528125 0.403125 0.55 0.39375 0.55 0.3875 0.546875
1 0.38125 0.525 0.384375 0.5265625 0.384375 0.5421875 0.38125 0.5484375 0.36875 0.5484375 0.365625 0.5453125 0.3671875 0.5265625 0.3796875 0.525
1 0.3671875 0.5546875 0.3828125 0.55625 0.3828125 0.571875 0.3796875 0.578125 0.365625 0.5765625 0.3640625 0.571875 0.3671875 0.55625
1 0.3453125 0.553125 0.3609375 0.553125 0.359375 0.5765625 0.34375 0.5765625 0.3453125 0.5546875