0 0.3515625 0.66328125 0.30546875 0.06640625
0 0.69375 0.690625 0.6953125 0.6921875 0.709375 0.690625 0.921875 0.6921875 0.921875 0.7140625 0.6046875 0.7140625 0.603125 0.7125 0.603125 0.6921875 0.609375 0.690625 0.6125 0.6921875 0.6921875 0.690625
0 0.7078125 0.1234375 0.709375 0.125 0.85625 0.125 0.859375 0.1296875 0.859375 0.14375 0.85625 0.146875 0.609375 0.146875 0.6078125 0.1453125 0.6078125 0.1265625 0.609375 0.125 0.6578125 0.125 0.659375 0.1234375 0.675 0.125 0.7015625 0.1234375 0.703125 0.125 0.70625 0.1234375
0 0.6859375 0.0859375 0.6875 0.0875 0.6921875 0.0859375 0.70625 0.0875 0.7078125 0.0859375 0.7265625 0.0859375 0.728125 0.0875 0.7375 0.0859375 0.740625 0.0875 0.7421875 0.0859375 0.7546875 0.0875 0.7578125 0.0859375 0.7734375 0.0859375 0.775 0.0875 0.778125 0.0859375 0.796875 0.0859375 0.7984375 0.0875 0.803125 0.0859375 0.8125 0.0875 0.853125 0.0859375 0.8609375 0.0875 0.86875 0.0859375 0.875 0.0875 0.878125 0.0859375 0.8890625 0.0875 0.8890625 0.10625 0.884375 0.109375 0.8828125 0.1078125 0.846875 0.1078125 0.8453125 0.109375 0.83125 0.1078125 0.81875 0.109375 0.7890625 0.109375 0.7875 0.1078125 0.6890625 0.109375 0.684375 0.1078125 0.6828125 0.109375 0.665625 0.109375 0.6609375 0.10625 0.6609375 0.0875 0.684375 0.0859375
0 0.4640625 0.353125 0.465625 0.3546875 0.5734375 0.353125 0.5765625 0.3546875 0.5765625 0.3765625 0.5734375 0.378125 0.396875 0.378125 0.3953125 0.3765625 0.3953125 0.3546875 0.396875 0.353125 0.4625 0.3546875
0 0.3390625 0.7265625 0.340625 0.728125 0.38125 0.728125 0.3828125 0.7296875 0.3890625 0.728125 0.484375 0.7296875 0.4859375 0.73125 0.484375 0.746875 0.403125 0.746875 0.4015625 0.7484375 0.3875 0.746875 0.371875 0.746875 0.3703125 0.7484375 0.3625 0.746875 0.346875 0.7484375 0.2171875 0.746875 0.215625 0.73125 0.225 0.728125 0.2296875 0.7296875 0.3375 0.728125
0 0.23046875 0.9609375 0.31875 0.0203125
0 0.5640625 0.78125 0.565625 0.7828125 0.65625 0.7828125 0.65625 0.7984375 0.6546875 0.8 0.6484375 0.7984375 0.6296875 0.7984375 0.628125 0.8 0.4625 0.7984375 0.4609375 0.796875 0.4625 0.7828125 0.55625 0.7828125 0.5625 0.78125
0 0.6109375 0.9203125 0.6125 0.921875 0.615625 0.9203125 0.61875 0.921875 0.7359375 0.921875 0.7375 0.9234375 0.7375 0.9390625 0.734375 0.940625 0.73125 0.9390625 0.7203125 0.940625 0.715625 0.9390625 0.675 0.9390625 0.6734375 0.940625 0.63125 0.940625 0.6296875 0.9390625 0.6234375 0.940625 0.6171875 0.9390625 0.6046875 0.940625 0.4796875 0.940625 0.478125 0.9390625 0.4625 0.9390625 0.4609375 0.9375 0.4625 0.921875 0.5765625 0.921875 0.5828125 0.9203125 0.5921875 0.9234375 0.609375 0.9203125
0 0.534375 0.2 0.5359375 0.2015625 0.646875 0.2015625 0.6484375 0.203125 0.646875 0.2203125 0.525 0.2203125 0.5234375 0.221875 0.51875 0.2203125 0.5171875 0.221875 0.5046875 0.2203125 0.49375 0.221875 0.4921875 0.2203125 0.4890625 0.221875 0.48125 0.2203125 0.375 0.2203125 0.375 0.203125 0.3765625 0.2015625 0.484375 0.2015625 0.4859375 0.2 0.5234375 0.2015625 0.5328125 0.2
0 0.6984375 0.440625 0.7 0.4421875 0.7015625 0.440625 0.8484375 0.4421875 0.8484375 0.4609375 0.846875 0.4625 0.659375 0.4625 0.6578125 0.4640625 0.63125 0.4625 0.6296875 0.4609375 0.6296875 0.4421875 0.690625 0.4421875 0.696875 0.440625
0 0.2375 0.0640625 0.403125 0.0640625 0.4046875 0.0625 0.4109375 0.0640625 0.4171875 0.0625 0.41875 0.0640625 0.5625 0.0640625 0.5640625 0.065625 0.5625 0.0796875 0.540625 0.0796875 0.5390625 0.08125 0.534375 0.0796875 0.5171875 0.0796875 0.515625 0.08125 0.509375 0.0796875 0.50625 0.08125 0.2375 0.0796875 0.2375 0.065625
3 0.7921411296875001 0.676889965625 0.729310484375 0.676889965625 0.729310484375 0.690783921875 0.7921411296875001 0.690783921875 0.7921411296875001 0.676889965625
3 0.571084678125 0.769928734375 0.5425282265625 0.769928734375 0.5425282265625 0.7811773093750001 0.571084678125 0.7811773093750001 0.571084678125 0.769928734375
3 0.381415321875 0.7162998859374999 0.3183911296875 0.7162998859374999 0.3183911296875 0.72840935 0.381415321875 0.72840935 0.381415321875 0.7162998859374999
3 0.6249758062499999 0.9096978328124999 0.5729919359375 0.9096978328124999 0.5729919359375 0.92065564375 0.6249758062499999 0.92065564375 0.6249758062499999 0.9096978328124999
3 0.25235080625 0.9409806156249999 0.2057459671875 0.9409806156249999 0.2057459671875 0.95070695625 0.25235080625 0.95070695625 0.25235080625 0.9409806156249999
3 0.7500080640625 0.429050740625 0.7212661296875 0.429050740625 0.7212661296875 0.440698403125 0.7500080640625 0.440698403125 0.7500080640625 0.429050740625
3 0.5168830640625 0.34210376249999996 0.45114919374999995 0.34210376249999996 0.45114919374999995 0.35273090156250003 0.5168830640625 0.35273090156250003 0.5168830640625 0.34210376249999996
3 0.5422540328125 0.189332953125 0.474713709375 0.189332953125 0.474713709375 0.20021094687500002 0.5422540328125 0.20021094687500002 0.5422540328125 0.189332953125
3 0.7438266125 0.11295039843750002 0.7195443546875 0.11295039843750002 0.7195443546875 0.1240849484375 0.7438266125 0.1240849484375 0.7438266125 0.11295039843750002
3 0.7947862906250001 0.07394811875 0.752875 0.07394811875 0.752875 0.08536773125 0.7947862906250001 0.08536773125 0.7947862906250001 0.07394811875
3 0.42243548437499995 0.054446978125 0.3706935484375 0.054446978125 0.3706935484375 0.0627822125 0.42243548437499995 0.0627822125 0.42243548437499995 0.054446978125
3 0.47943951562500003 0.10807297656249999 0.45057661250000003 0.10807297656249999 0.45057661250000003 0.1198289625 0.47943951562500003 0.1198289625 0.47943951562500003 0.10807297656249999
3 0.33602419375000003 0.14789053593749998 0.3097661296875 0.14789053593749998 0.3097661296875 0.15883694375 0.33602419375000003 0.15883694375 0.33602419375000003 0.14789053593749998
3 0.2403467734375 0.21736887187499998 0.21321774218749998 0.21736887187499998 0.21321774218749998 0.230669896875 0.2403467734375 0.230669896875 0.2403467734375 0.21736887187499998
3 0.7346250000000001 0.1868956671875 0.70919758125 0.1868956671875 0.70919758125 0.19712941875 0.7346250000000001 0.19712941875 0.7346250000000001 0.1868956671875
3 0.3726814515625 0.5931955531249999 0.3517217734375 0.5931955531249999 0.3517217734375 0.606462371875 0.3726814515625 0.606462371875 0.3726814515625 0.5931955531249999
2 0.87822580625 0.20980615781249998 0.7338709671875 0.20923603124999998 0.7306451609375 0.211516534375 0.720161290625 0.20980615781249998 0.7177419359375 0.21322690937500002 0.716935484375 0.2901938421875 0.720161290625 0.2941847203125 0.879838709375 0.2930444703125 0.87822580625 0.20980615781249998
2 0.4104838703125 0.8819840359375 0.4145161296875 0.879703534375 0.4161290328125 0.7862029640625 0.4129032265625 0.77480045625 0.3895161296875 0.7725199546875 0.2645161296875 0.7736602046875001 0.24435483906250002 0.77594070625 0.24354838750000002 0.8734321546875 0.24677419375 0.8831242874999999 0.37580645156250003 0.8831242874999999 0.4104838703125 0.8819840359375
5 0.388375 0.2581242875 0.0843185484375 0.2581242875 0.0843185484375 0.340667046875 0.388375 0.340667046875 0.388375 0.2581242875
1 0.584375 0.571875 0.584375 0.5875 0.58125 0.5890625 0.5625 0.5890625 0.5609375 0.5734375 0.5625 0.571875 0.5828125 0.571875
1 0.603125 0.58046875 0.025 0.01875
1 0.5546875 0.59375 0.5546875 0.609375 0.5515625 0.6109375 0.5328125 0.609375 0.53125 0.5953125 0.5328125 0.59375 0.553125 0.59375
1 0.5328125 0.6140625 0.553125 0.6140625 0.5546875 0.615625 0.553125 0.63125 0.5328125 0.63125 0.53125 0.6296875 0.5328125 0.615625
1 0.5609375 0.6296875 0.5625 0.6140625 0.5828125 0.6140625 0.584375 0.615625 0.584375 0.6296875 0.58125 0.63125 0.5625 0.6296875
1 0.5609375 0.6359375 0.5828125 0.6359375 0.584375 0.6375 0.584375 0.6515625 0.5609375 0.6515625 0.5609375 0.6375