0 0.209375 0.0671875 0.2265625 0.065625 0.2296875 0.06875 0.2328125 0.096875 0.23125 0.1046875 0.234375 0.1109375 0.2328125 0.1203125 0.2359375 0.1265625 0.2359375 0.140625 0.253125 0.290625 0.25 0.2984375 0.2359375 0.3 0.2328125 0.2984375 0.23125 0.290625 0.209375 0.06875
0 0.1109375 0.6828125 0.1265625 0.68125 0.13125 0.6859375 0.1546875 0.921875 0.1578125 0.9375 0.15625 0.95 0.1375 0.9515625 0.1359375 0.9484375 0.1375 0.9390625 0.1328125 0.9234375 0.134375 0.9140625 0.13125 0.903125 0.1328125 0.8953125 0.1296875 0.8890625 0.13125 0.8796875 0.128125 0.8765625 0.1296875 0.865625 0.128125 0.853125 0.125 0.8484375 0.1234375 0.834375 0.125 0.8296875 0.121875 0.81875 0.1234375 0.80625 0.1203125 0.7984375 0.121875 0.79375 0.11875 0.7890625 0.1203125 0.78125 0.1171875 0.775 0.115625 0.759375 0.1171875 0.746875 0.1109375 0.715625 0.1109375 0.6875 0.109375 0.6859375 0.1109375 0.684375
0 0.8078125 0.465625 0.8109375 0.4703125 0.8125 0.4984375 0.815625 0.5140625 0.8140625 0.5234375 0.8171875 0.5296875 0.8234375 0.603125 0.8296875 0.6484375 0.83125 0.6921875 0.834375 0.696875 0.8375 0.7234375 0.8359375 0.7375 0.8265625 0.7390625 0.821875 0.7375 0.821875 0.725 0.81875 0.721875 0.81875 0.69375 0.8140625 0.678125 0.815625 0.6640625 0.8125 0.6578125 0.8140625 0.6515625 0.8109375 0.6484375 0.8109375 0.634375 0.8078125 0.61875 0.809375 0.6046875 0.803125 0.5734375 0.8046875 0.5609375 0.8015625 0.55625 0.803125 0.5453125 0.8 0.5421875 0.8015625 0.5328125 0.7984375 0.5296875 0.796875 0.5140625 0.7984375 0.5015625 0.7921875 0.4703125 0.7984375 0.465625 0.80625 0.465625
0 0.3609375 0.25625 0.36875 0.2546875 0.384375 0.25625 0.4015625 0.4171875 0.4015625 0.4234375 0.3921875 0.4265625 0.378125 0.4265625 0.375 0.4171875 0.3765625 0.403125 0.3703125 0.3578125 0.3703125 0.34375 0.3671875 0.334375 0.36875 0.3296875 0.3640625 0.3125 0.3640625 0.284375 0.359375 0.26875 0.3609375 0.2578125
0 0.5953125 0.515625 0.5984375 0.5265625 0.6 0.5546875 0.603125 0.5609375 0.6015625 0.56875 0.60625 0.6125 0.609375 0.621875 0.6078125 0.628125 0.6203125 0.734375 0.6203125 0.746875 0.6046875 0.746875 0.603125 0.7484375 0.6 0.746875 0.5921875 0.6609375 0.5890625 0.6453125 0.590625 0.6375 0.5875 0.6296875 0.5875 0.6171875 0.5828125 0.5921875 0.584375 0.5875 0.58125 0.5796875 0.5828125 0.571875 0.58125 0.5578125 0.575 0.5265625 0.575 0.521875 0.578125 0.5171875 0.59375 0.515625
0 0.8734375 0.4109375 0.878125 0.421875 0.8875 0.525 0.9 0.6296875 0.8953125 0.6328125 0.88125 0.634375 0.8765625 0.6296875 0.8546875 0.421875 0.85625 0.4140625 0.871875 0.4109375
0 0.1984375 0.5875 0.215625 0.740625 0.2140625 0.75625 0.2015625 0.75625 0.1984375 0.753125 0.2 0.75 0.196875 0.740625 0.1984375 0.7265625 0.196875 0.7125 0.19375 0.7078125 0.190625 0.659375 0.1875 0.6515625 0.184375 0.6078125 0.18125 0.5921875 0.1828125 0.5890625 0.196875 0.5875
0 0.5 0.353125 0.0515625 0.2203125
2 0.76875 0.0578125 0.7765625 0.0828125 0.775 0.0890625 0.7796875 0.1125 0.778125 0.1265625 0.7796875 0.140625 0.7828125 0.1453125 0.78125 0.1515625 0.7828125 0.1828125 0.7390625 0.1859375 0.7296875 0.190625 0.725 0.1890625 0.709375 0.190625 0.6953125 0.1921875 0.6875 0.1953125 0.6859375 0.19375 0.6734375 0.1953125 0.6640625 0.1921875 0.6609375 0.178125 0.6625 0.175 0.6609375 0.1734375 0.659375 0.134375 0.65625 0.125 0.6578125 0.1203125 0.6546875 0.1125 0.65625 0.1046875 0.653125 0.096875 0.6546875 0.0953125 0.6515625 0.0734375 0.653125 0.0703125 0.6734375 0.0671875 0.68125 0.06875 0.6875 0.065625 0.7671875 0.0578125
3 0.8609375 0.04375 0.871875 0.1375 0.871875 0.1515625 0.875 0.1625 0.875 0.18125 0.8796875 0.196875 0.878125 0.2109375 0.88125 0.2265625 0.8828125 0.2546875 0.8859375 0.2578125 0.884375 0.26875 0.8875 0.271875 0.8859375 0.2859375 0.8953125 0.3609375 0.8375 0.36875 0.8265625 0.36875 0.8234375 0.3640625 0.8234375 0.35 0.8171875 0.3046875 0.81875 0.290625 0.8140625 0.275 0.8140625 0.2609375 0.803125 0.1703125 0.8046875 0.1578125 0.8015625 0.1546875 0.79375 0.08125 0.7953125 0.0671875 0.7921875 0.0640625 0.7921875 0.0515625 0.80625 0.0484375 0.859375 0.04375
0 0.71953125 0.69921875 0.0453125 0.178125
1 0.578125 0.3328125 0.59375 0.33125 0.596875 0.346875 0.5953125 0.35625 0.5796875 0.35625 0.578125 0.334375
1 0.58125 0.3640625 0.5921875 0.3609375 0.5984375 0.3625 0.6 0.3765625 0.5984375 0.3859375 0.584375 0.3875 0.58125 0.3765625 0.58125 0.365625
1 0.5921875 0.40234375 0.021875 0.028125
1 0.6125 0.328125 0.6171875 0.33125 0.61875 0.3515625 0.609375 0.3546875 0.6015625 0.353125 0.6 0.33125 0.6109375 0.3296875
1 0.64375 0.325 0.6578125 0.3234375 0.6609375 0.328125 0.6625 0.34375 0.6609375 0.3484375 0.6484375 0.35 0.6453125 0.3453125 0.64375 0.3265625
1 0.6296875 0.4109375 0.628125 0.403125 0.6296875 0.3875 0.64375 0.3875 0.646875 0.4046875 0.64375 0.4125 0.63125 0.4109375
1 0.665625 0.384375 0.66875 0.4078125 0.659375 0.4109375 0.653125 0.409375 0.65 0.3859375 0.6640625 0.384375