0 0.0375 0.2546875 0.26875 0.2546875 0.2703125 0.25625 0.2703125 0.2734375 0.2671875 0.275 0.09375 0.275 0.0921875 0.2734375 0.0875 0.275 0.0765625 0.2734375 0.040625 0.275 0.0375 0.2734375 0.0375 0.25625
0 0.69375 0.090625 0.6953125 0.0921875 0.7125 0.0921875 0.7140625 0.090625 0.7359375 0.090625 0.7375 0.0921875 0.7421875 0.090625 0.75 0.0921875 0.7546875 0.090625 0.75625 0.0921875 0.8875 0.090625 0.8984375 0.0921875 0.90625 0.090625 0.909375 0.0921875 0.909375 0.1109375 0.9078125 0.1125 0.64375 0.1125 0.6390625 0.109375 0.6390625 0.09375 0.640625 0.0921875 0.6921875 0.090625
0 0.5078125 0.79375 0.509375 0.7953125 0.515625 0.79375 0.5171875 0.7953125 0.5328125 0.79375 0.7375 0.7953125 0.7515625 0.79375 0.753125 0.7953125 0.76875 0.7953125 0.76875 0.809375 0.765625 0.8109375 0.728125 0.8109375 0.7265625 0.809375 0.4984375 0.8109375 0.4953125 0.809375 0.4953125 0.796875 0.4984375 0.79375 0.50625 0.79375
0 0.31875 0.384375 0.3203125 0.3859375 0.3984375 0.3859375 0.40625 0.384375 0.4125 0.3859375 0.4125 0.4078125 0.4109375 0.409375 0.2421875 0.409375 0.240625 0.4078125 0.240625 0.3859375 0.2453125 0.384375 0.3171875 0.3859375
0 0.5859375 0.571875 0.5875 0.5734375 0.6125 0.571875 0.64375 0.575 0.6453125 0.5734375 0.7546875 0.5734375 0.7546875 0.5890625 0.75625 0.590625 0.7546875 0.59375 0.634375 0.59375 0.6328125 0.5953125 0.628125 0.59375 0.6234375 0.5953125 0.621875 0.59375 0.609375 0.5953125 0.6078125 0.59375 0.5734375 0.59375 0.571875 0.5953125 0.525 0.59375 0.5234375 0.5921875 0.5234375 0.575 0.5265625 0.571875 0.55 0.571875 0.5515625 0.5734375 0.584375 0.571875
0 0.45 0.8609375 0.66875 0.8609375 0.6703125 0.8625 0.6703125 0.88125 0.66875 0.8828125 0.453125 0.8828125 0.4484375 0.8796875 0.45 0.8625
0 0.6734375 0.1734375 0.675 0.175 0.71875 0.1734375 0.721875 0.175 0.7203125 0.190625 0.553125 0.190625 0.553125 0.175 0.5546875 0.1734375 0.621875 0.1734375 0.6234375 0.175 0.671875 0.1734375
0 0.2453125 0.5265625 0.2453125 0.5046875 0.246875 0.503125 0.4609375 0.503125 0.4625 0.5046875 0.4625 0.5265625 0.4609375 0.528125 0.2484375 0.528125 0.246875 0.5265625
2 0.1125 0.69375 0.1140625 0.6953125 0.125 0.69375 0.1296875 0.6953125 0.140625 0.69375 0.1421875 0.6953125 0.178125 0.6953125 0.1796875 0.69375 0.2109375 0.6953125 0.2125 0.703125 0.2109375 0.70625 0.2140625 0.7171875 0.2125 0.71875 0.2125 0.75 0.2140625 0.7515625 0.2125 0.75625 0.2140625 0.759375 0.2109375 0.7671875 0.2109375 0.7984375 0.2125 0.8 0.2109375 0.8140625 0.196875 0.815625 0.1890625 0.8140625 0.1796875 0.8171875 0.171875 0.815625 0.1484375 0.815625 0.146875 0.8171875 0.1453125 0.815625 0.1421875 0.8171875 0.13125 0.815625 0.1109375 0.8171875 0.109375 0.815625 0.10625 0.8171875 0.0859375 0.8125 0.0859375 0.7265625 0.0875 0.725 0.0859375 0.696875 0.1109375 0.6953125
3 0.0953125 0.8359375 0.096875 0.8375 0.109375 0.8359375 0.1859375 0.8359375 0.1875 0.8375 0.196875 0.8359375 0.3125 0.8359375 0.3140625 0.8375 0.396875 0.8359375 0.4015625 0.8375 0.4015625 0.90625 0.315625 0.90625 0.3140625 0.9078125 0.3078125 0.90625 0.3015625 0.9078125 0.2953125 0.90625 0.2453125 0.90625 0.24375 0.9078125 0.08125 0.90625 0.08125 0.8375 0.09375 0.8359375
0 0.74375 0.684375 0.7453125 0.6859375 0.803125 0.684375 0.8078125 0.6859375 0.809375 0.690625 0.809375 0.70625 0.80625 0.709375 0.7390625 0.709375 0.7375 0.7109375 0.734375 0.709375 0.6984375 0.709375 0.696875 0.7109375 0.69375 0.709375 0.6359375 0.709375 0.6328125 0.7078125 0.6328125 0.6890625 0.634375 0.6859375 0.7421875 0.684375
1 0.3625 0.59375 0.3640625 0.596875 0.3625 0.6109375 0.3390625 0.609375 0.340625 0.59375 0.3609375 0.59375
1 0.3703125 0.59375 0.39375 0.59375 0.39375 0.609375 0.3921875 0.6109375 0.3703125 0.6109375 0.36875 0.60625 0.3703125 0.5953125
1 0.4 0.59375 0.4234375 0.59375 0.425 0.5953125 0.425 0.609375 0.421875 0.6109375 0.4 0.609375 0.4 0.5953125
1 0.3625 0.615625 0.3640625 0.61875 0.3625 0.6328125 0.340625 0.6328125 0.3390625 0.6296875 0.340625 0.615625 0.3609375 0.615625
1 0.359375 0.659375 0.3640625 0.6625 0.3640625 0.675 0.3625 0.6765625 0.340625 0.6765625 0.3390625 0.675 0.3390625 0.6609375 0.3578125 0.6609375
1 0.4125 0.64609375 0.0265625 0.01875
1 0.4 0.6609375 0.4234375 0.6609375 0.425 0.6625 0.4234375 0.6765625 0.4 0.6765625 0.4 0.6625