0 0.9421875 0.35625 0.028125 0.1703125
0 0.83671875 0.775 0.03125 0.1953125
0 0.1796875 0.58125 0.18125 0.5828125 0.1984375 0.5828125 0.2015625 0.5859375 0.2 0.8171875 0.1984375 0.81875 0.1765625 0.8171875 0.1765625 0.778125 0.178125 0.7765625 0.1765625 0.7734375 0.1765625 0.70625 0.178125 0.7046875 0.178125 0.684375 0.1765625 0.6828125 0.178125 0.5953125 0.1765625 0.5859375 0.178125 0.5828125
0 0.7671875 0.378125 0.771875 0.3796875 0.771875 0.40625 0.7734375 0.4078125 0.771875 0.49375 0.7703125 0.4953125 0.7734375 0.50625 0.771875 0.5078125 0.771875 0.540625 0.7703125 0.5421875 0.7703125 0.5765625 0.7546875 0.5765625 0.7515625 0.5734375 0.7515625 0.5390625 0.753125 0.5375 0.753125 0.5015625 0.7515625 0.5 0.753125 0.4109375 0.7515625 0.4015625 0.753125 0.4 0.753125 0.38125 0.765625 0.3796875
0 0.06875 0.3515625 0.0828125 0.353125 0.0828125 0.4125 0.084375 0.4140625 0.0828125 0.4171875 0.0828125 0.471875 0.08125 0.4734375 0.0828125 0.475 0.08125 0.478125 0.08125 0.5015625 0.0828125 0.503125 0.08125 0.5921875 0.0828125 0.6 0.06875 0.6015625 0.065625 0.5953125 0.065625 0.565625 0.0671875 0.5640625 0.0671875 0.50625 0.065625 0.5046875 0.0671875 0.4671875 0.065625 0.4578125 0.0671875 0.45625 0.0671875 0.4203125 0.06875 0.41875 0.0671875 0.415625 0.0671875 0.35625 0.06875 0.353125
0 0.3453125 0.23125 0.3484375 0.2359375 0.346875 0.2453125 0.346875 0.3203125 0.3484375 0.325 0.346875 0.3265625 0.346875 0.371875 0.3453125 0.3734375 0.346875 0.5171875 0.34375 0.5453125 0.3265625 0.54375 0.3265625 0.5046875 0.325 0.503125 0.3265625 0.421875 0.328125 0.4203125 0.3265625 0.4140625 0.328125 0.2359375 0.3265625 0.234375 0.3296875 0.23125 0.34375 0.23125
0 0.478125 0.3875 0.478125 0.409375 0.4796875 0.4109375 0.478125 0.6 0.4796875 0.609375 0.4765625 0.6390625 0.4765625 0.6671875 0.4578125 0.6671875 0.45625 0.665625 0.4578125 0.65 0.4578125 0.5921875 0.45625 0.590625 0.4578125 0.584375 0.4578125 0.503125 0.45625 0.490625 0.4578125 0.4890625 0.4578125 0.4359375 0.459375 0.434375 0.4578125 0.3890625 0.459375 0.3875 0.4765625 0.3875
0 0.634375 0.4328125 0.6546875 0.434375 0.6546875 0.4796875 0.653125 0.48125 0.6546875 0.4875 0.653125 0.4890625 0.6546875 0.4984375 0.6546875 0.5484375 0.653125 0.55 0.6546875 0.609375 0.634375 0.609375 0.6328125 0.6078125 0.63125 0.4890625 0.6328125 0.4875 0.634375 0.434375
0 0.2734375 0.4171875 0.275 0.4203125 0.2734375 0.49375 0.271875 0.4953125 0.2734375 0.5015625 0.2734375 0.584375 0.271875 0.5859375 0.2734375 0.625 0.271875 0.6265625 0.271875 0.675 0.2703125 0.6765625 0.2515625 0.675 0.2515625 0.6015625 0.253125 0.6 0.2515625 0.59375 0.2515625 0.528125 0.253125 0.5265625 0.2515625 0.4625 0.253125 0.4609375 0.253125 0.41875 0.2546875 0.4171875 0.271875 0.4171875
5 0.6890625 0.2265625 0.690625 0.228125 0.7390625 0.2296875 0.7390625 0.309375 0.7375 0.3109375 0.7390625 0.3453125 0.7375 0.346875 0.6828125 0.3453125 0.68125 0.34375 0.6796875 0.3453125 0.6515625 0.3453125 0.63125 0.3421875 0.63125 0.3234375 0.6296875 0.321875 0.63125 0.2328125 0.6296875 0.228125 0.63125 0.2265625 0.6515625 0.2265625 0.653125 0.228125 0.6875 0.2265625
5 0.14375 0.0390625 0.1453125 0.040625 0.1875 0.040625 0.21875 0.04375 0.228125 0.0421875 0.2578125 0.04375 0.259375 0.0796875 0.2578125 0.08125 0.2578125 0.1203125 0.25625 0.121875 0.25625 0.1421875 0.2578125 0.14375 0.2578125 0.1984375 0.25625 0.2 0.2578125 0.3453125 0.25625 0.359375 0.2375 0.359375 0.2359375 0.3578125 0.2046875 0.359375 0.1765625 0.35625 0.15 0.35625 0.1484375 0.3546875 0.1234375 0.35625 0.121875 0.3546875 0.121875 0.3265625 0.1203125 0.325 0.1203125 0.3078125 0.121875 0.30625 0.121875 0.2375 0.1203125 0.2328125 0.121875 0.23125 0.121875 0.1796875 0.1234375 0.178125 0.121875 0.0421875 0.1421875 0.0390625
3 0.0651651734375 0.4944751703125 0.0642627140625 0.4427733671875 0.0538709109375 0.44295475624999997 0.0547733703125 0.49465655937499997 0.0651651734375 0.4944751703125
3 0.17581736406249998 0.7273738484375001 0.17470026875 0.6633755328125 0.1624102375 0.66359005625 0.1635273328125 0.727588371875 0.17581736406249998 0.7273738484375001
3 0.2505289 0.57331665 0.2493933671875 0.5082620437500001 0.2395202984375 0.5084343796875 0.24065583125 0.5734889843750001 0.2505289 0.57331665
3 0.324920584375 0.411062171875 0.3238383953125 0.34906355312500004 0.312506028125 0.34926135937499997 0.3135882171875 0.4112599796875 0.324920584375 0.411062171875
3 0.4565672140625 0.554080759375 0.45551894375 0.49402539218749997 0.44557176875 0.4941990203125 0.4466200390625 0.5542543875 0.4565672140625 0.554080759375
3 0.6322715140625 0.5460251656249999 0.6311960796875 0.48441358437500004 0.6162040656250001 0.4846752703125 0.6172795 0.546286853125 0.6322715140625 0.5460251656249999
3 0.7521840859375 0.500114928125 0.7512166031249999 0.44468788750000005 0.7358141609375 0.4449567375 0.73678164375 0.500383778125 0.7521840859375 0.500114928125
3 0.823980853125 0.804162240625 0.82285390625 0.7395994953125 0.814411634375 0.73974685625 0.81553858125 0.8043096015625 0.823980853125 0.804162240625
3 0.9314221390625 0.37012021875 0.9308267875 0.3360125109375 0.9189984859375 0.33621897500000003 0.9195938390625 0.3703266828125 0.9314221390625 0.37012021875
1 0.4921875 0.6953125 0.4953125 0.696875 0.503125 0.6953125 0.50625 0.6984375 0.50625 0.7140625 0.4921875 0.715625 0.4921875 0.696875
1 0.6625 0.8890625 0.6640625 0.890625 0.6625 0.9140625 0.659375 0.915625 0.6453125 0.9140625 0.6453125 0.890625 0.6609375 0.8890625
1 0.6234375 0.8875 0.6359375 0.8875 0.6453125 0.890625 0.6421875 0.896875 0.640625 0.9140625 0.6234375 0.9140625 0.621875 0.9125 0.621875 0.890625 0.6234375 0.8890625
1 0.525 0.621875 0.525 0.6390625 0.5234375 0.640625 0.5125 0.6390625 0.5125 0.621875 0.5140625 0.6203125 0.5234375 0.621875
1 0.5046875 0.6453125 0.50625 0.6640625 0.503125 0.665625 0.4953125 0.665625 0.4921875 0.6625 0.4921875 0.646875 0.503125 0.6453125
1 0.5765625 0.84375 0.59375 0.8421875 0.596875 0.8578125 0.596875 0.8671875 0.59375 0.8703125 0.578125 0.8703125 0.5765625 0.8453125
1 0.615625 0.84375 0.61875 0.8578125 0.6171875 0.8703125 0.6015625 0.8703125 0.6 0.859375 0.6 0.846875 0.603125 0.84375 0.6140625 0.84375
1 0.49375 0.621875 0.503125 0.6203125 0.50625 0.6234375 0.50625 0.6375 0.503125 0.640625 0.4921875 0.640625 0.49375 0.6234375
1 0.5140625 0.6953125 0.525 0.696875 0.525 0.7140625 0.5125 0.7140625 0.5125 0.696875
1 0.59375 0.8875 0.5953125 0.9015625 0.5921875 0.9140625 0.5765625 0.9125 0.5765625 0.8890625 0.5921875 0.8875
1 0.5171875 0.65390625 0.015625 0.0203125
1 0.51796875 0.67890625 0.015625 0.0203125
1 0.4984375 0.678125 0.015625 0.021875
1 0.6625 0.8453125 0.6640625 0.846875 0.6640625 0.8703125 0.6625 0.871875 0.6484375 0.871875 0.64375 0.8578125 0.646875 0.8453125 0.6609375 0.8453125
1 0.621875 0.8453125 0.6390625 0.8453125 0.6421875 0.8578125 0.6421875 0.8703125 0.6390625 0.871875 0.6234375 0.8703125 0.621875 0.846875
1 0.6 0.8875 0.6140625 0.8859375 0.61875 0.890625 0.6171875 0.9125 0.6046875 0.9140625 0.6 0.9125 0.6 0.8890625