0 0.3734375 0.9328125 0.375 0.934375 0.446875 0.9328125 0.4484375 0.9375 0.446875 0.9515625 0.3484375 0.953125 0.346875 0.9546875 0.303125 0.9546875 0.3015625 0.95625 0.2828125 0.95625 0.2796875 0.953125 0.2796875 0.9375 0.28125 0.9359375 0.3515625 0.9359375 0.371875 0.9328125
0 0.8765625 0.81875 0.878125 0.83125 0.8765625 0.840625 0.721875 0.84375 0.7203125 0.8453125 0.6859375 0.8453125 0.684375 0.84375 0.684375 0.8234375 0.6875 0.821875 0.7875 0.8203125 0.7890625 0.81875 0.8015625 0.8203125 0.875 0.81875
0 0.5734375 0.178125 0.578125 0.175 0.6234375 0.175 0.625 0.1734375 0.809375 0.1703125 0.8109375 0.178125 0.809375 0.19375 0.778125 0.19375 0.7765625 0.1953125 0.7046875 0.1953125 0.703125 0.196875 0.6421875 0.196875 0.640625 0.1984375 0.578125 0.2 0.575 0.196875 0.575 0.1796875
0 0.3828125 0.7734375 0.38125 0.76875 0.3828125 0.7546875 0.44375 0.753125 0.4453125 0.7515625 0.5390625 0.7515625 0.540625 0.75 0.5765625 0.75 0.578125 0.7515625 0.578125 0.76875 0.5453125 0.76875 0.54375 0.7703125 0.5109375 0.7703125 0.509375 0.771875 0.496875 0.7703125 0.4953125 0.771875 0.384375 0.7734375
0 0.590625 0.0640625 0.5921875 0.0671875 0.590625 0.0796875 0.46875 0.08125 0.4671875 0.0828125 0.4640625 0.08125 0.4625 0.0828125 0.4078125 0.0828125 0.40625 0.084375 0.34375 0.084375 0.3421875 0.0703125 0.346875 0.06875 0.5890625 0.0640625
0 0.225 0.3359375 0.228125 0.33125 0.5390625 0.325 0.540625 0.3359375 0.5390625 0.34375 0.5140625 0.34375 0.5125 0.3453125 0.4359375 0.3453125 0.434375 0.346875 0.36875 0.346875 0.3671875 0.3484375 0.2296875 0.3515625 0.2265625 0.35 0.2265625 0.3375
0 0.384375 0.4796875 0.384375 0.4609375 0.3859375 0.459375 0.4859375 0.4578125 0.4875 0.45625 0.58125 0.45625 0.5828125 0.4546875 0.646875 0.4546875 0.6484375 0.453125 0.6640625 0.4546875 0.6640625 0.4734375 0.6359375 0.4734375 0.60625 0.4765625 0.5890625 0.475 0.5875 0.4765625 0.3859375 0.4796875
0 0.6078125 0.6296875 0.609375 0.63125 0.609375 0.6515625 0.55 0.6515625 0.5484375 0.653125 0.4890625 0.653125 0.4875 0.6546875 0.4859375 0.653125 0.434375 0.6546875 0.4328125 0.634375 0.4875 0.6328125 0.4890625 0.63125 0.60625 0.6296875
0 0.4109375 0.2734375 0.4109375 0.2546875 0.4125 0.253125 0.59375 0.25 0.5953125 0.2484375 0.66875 0.2484375 0.6703125 0.2515625 0.6703125 0.2671875 0.66875 0.26875 0.421875 0.2734375 0.4203125 0.275 0.4125 0.2734375
5 0.23125 0.7421875 0.2265625 0.6359375 0.228125 0.634375 0.2984375 0.634375 0.3 0.6328125 0.303125 0.634375 0.30625 0.6328125 0.3421875 0.6328125 0.34375 0.634375 0.3484375 0.7390625 0.346875 0.740625 0.3125 0.740625 0.3109375 0.7421875 0.2328125 0.7421875
5 0.3453125 0.1234375 0.3484375 0.1515625 0.353125 0.2578125 0.2703125 0.259375 0.26875 0.2609375 0.2640625 0.259375 0.2609375 0.2609375 0.19375 0.2609375 0.1921875 0.2625 0.115625 0.2625 0.1140625 0.2640625 0.075 0.2640625 0.0734375 0.265625 0.0375 0.265625 0.0359375 0.2609375 0.0359375 0.225 0.034375 0.2234375 0.0328125 0.153125 0.03125 0.1515625 0.03125 0.13125 0.0328125 0.1296875 0.34375 0.1234375
3 0.486887096875 0.054934435937500005 0.43517741875000004 0.054934435937500005 0.43517741875000004 0.065327821875 0.486887096875 0.065327821875 0.486887096875 0.054934435937500005
3 0.7216814515625 0.1596066140625 0.6576733875 0.1596066140625 0.6576733875 0.1718985171875 0.7216814515625 0.1718985171875 0.7216814515625 0.1596066140625
3 0.5689516125 0.23941277031250002 0.503887096875 0.23941277031250002 0.503887096875 0.24928734375 0.5689516125 0.24928734375 0.5689516125 0.23941277031250002
3 0.4080201609375 0.3151653359375 0.346012096875 0.3151653359375 0.346012096875 0.3264994296875 0.4080201609375 0.3264994296875 0.4080201609375 0.3151653359375
3 0.553314515625 0.44568130000000006 0.49325 0.44568130000000006 0.49325 0.45562998906249996 0.553314515625 0.45562998906249996 0.553314515625 0.44568130000000006
3 0.5483266125 0.6164538203125 0.48670564531249993 0.6164538203125 0.48670564531249993 0.6314481187500001 0.5483266125 0.6314481187500001 0.5483266125 0.6164538203125
3 0.5045161296875 0.7367388828125 0.44908064531249997 0.7367388828125 0.44908064531249997 0.7521436718750001 0.5045161296875 0.7521436718750001 0.5045161296875 0.7367388828125
3 0.8097701609374999 0.8101795890625001 0.74519758125 0.8101795890625001 0.74519758125 0.818623146875 0.8097701609374999 0.818623146875 0.8097701609374999 0.8101795890625001
3 0.37766935468749996 0.9217930437499999 0.3435564515625 0.9217930437499999 0.3435564515625 0.933623146875 0.37766935468749996 0.933623146875 0.37766935468749996 0.9217930437499999
1 0.6921875 0.4875 0.7125 0.4875 0.7125 0.5015625 0.6953125 0.5015625 0.6921875 0.4890625
1 0.90234375 0.646875 0.028125 0.0203125
1 0.9125 0.6140625 0.9140625 0.615625 0.9140625 0.6328125 0.896875 0.634375 0.8921875 0.6375 0.8875 0.628125 0.8875 0.615625 0.9109375 0.6140625
1 0.6203125 0.521875 0.61875 0.515625 0.6203125 0.509375 0.6375 0.509375 0.6390625 0.5109375 0.6375 0.521875 0.621875 0.521875
1 0.64375 0.4890625 0.6609375 0.4890625 0.6625 0.490625 0.6609375 0.503125 0.64375 0.5015625 0.64375 0.490625
1 0.8421875 0.5703125 0.86875 0.5703125 0.86875 0.5875 0.8671875 0.5890625 0.84375 0.5890625 0.8421875 0.5875 0.8421875 0.571875
1 0.8703125 0.59375 0.8703125 0.609375 0.86875 0.6109375 0.8453125 0.6109375 0.84375 0.609375 0.8453125 0.59375 0.86875 0.59375
1 0.6375 0.4890625 0.6359375 0.503125 0.6203125 0.503125 0.61875 0.5015625 0.61875 0.490625 0.6359375 0.4890625
1 0.69375 0.51875 0.6953125 0.5078125 0.7125 0.5078125 0.7125 0.5203125 0.6953125 0.5203125
1 0.89921875 0.578125 0.02890625 0.0203125
1 0.6609375 0.5078125 0.6625 0.509375 0.6609375 0.521875 0.646875 0.521875 0.64375 0.51875 0.6453125 0.509375 0.659375 0.5078125
1 0.67890625 0.51484375 0.0203125 0.015625
1 0.678125 0.4953125 0.02109375 0.015625
1 0.859375 0.64765625 0.028125 0.0203125
1 0.8453125 0.615625 0.8703125 0.615625 0.871875 0.6265625 0.8703125 0.634375 0.846875 0.634375 0.8453125 0.6328125 0.8453125 0.6171875
1 0.8875 0.5921875 0.9125 0.5921875 0.9140625 0.596875 0.9125 0.609375 0.890625 0.6109375 0.8859375 0.60625 0.8875 0.59375