0 0.33046875 0.24609375 0.2109375 0.01953125
0 0.5015625 0.51875 0.503125 0.5203125 0.5109375 0.51875 0.64375 0.5203125 0.64375 0.534375 0.428125 0.534375 0.4265625 0.5328125 0.428125 0.51875 0.4671875 0.51875 0.46875 0.5203125 0.5 0.51875
0 0.0578125 0.7796875 0.0578125 0.6625 0.0640625 0.659375 0.403125 0.659375 0.4046875 0.6609375 0.4078125 0.659375 0.4109375 0.6609375 0.4125 0.659375 0.4515625 0.659375 0.453125 0.6609375 0.453125 0.7796875 0.4515625 0.78125 0.0609375 0.78125 0.059375 0.7796875
0 0.4171875 0.425 0.41875 0.4265625 0.4234375 0.425 0.428125 0.4265625 0.51875 0.4265625 0.5203125 0.428125 0.51875 0.45 0.3234375 0.45 0.3203125 0.4484375 0.3203125 0.428125 0.321875 0.4265625 0.415625 0.425
0 0.16875 0.2828125 0.3359375 0.2828125 0.334375 0.3046875 0.1703125 0.3046875 0.16875 0.303125 0.16875 0.284375
0 0.48125 0.475 0.7015625 0.475 0.703125 0.4765625 0.7859375 0.475 0.7875 0.4765625 0.7875 0.4921875 0.7765625 0.49375 0.7640625 0.4921875 0.6953125 0.4921875 0.69375 0.49375 0.690625 0.4921875 0.6046875 0.4921875 0.603125 0.49375 0.6015625 0.4921875 0.596875 0.49375 0.5890625 0.4921875 0.575 0.49375 0.571875 0.4921875 0.565625 0.49375 0.5625 0.4921875 0.51875 0.4921875 0.5171875 0.49375 0.4875 0.4921875 0.484375 0.49375 0.48125 0.4921875 0.48125 0.4765625
0 0.134375 0.48125 0.4015625 0.48125 0.403125 0.4828125 0.4015625 0.4890625 0.1359375 0.4890625 0.134375 0.4828125
0 0.6875 0.3203125 0.6890625 0.321875 0.690625 0.3203125 0.6984375 0.321875 0.7078125 0.3203125 0.7890625 0.321875 0.790625 0.3234375 0.790625 0.3421875 0.7859375 0.3453125 0.7796875 0.34375 0.765625 0.3453125 0.6296875 0.34375 0.6234375 0.3453125 0.61875 0.34375 0.61875 0.3234375 0.6203125 0.321875 0.6828125 0.321875 0.6859375 0.3203125
0 0.68359375 0.70859375 0.23046875 0.021875
0 0.3625 0.20625 0.3625 0.1875 0.3640625 0.1859375 0.696875 0.1859375 0.6984375 0.1875 0.6984375 0.20625 0.6546875 0.20625 0.653125 0.2078125 0.6421875 0.20625 0.603125 0.20625 0.6015625 0.2078125 0.5859375 0.20625 0.5734375 0.2078125 0.55625 0.2078125 0.5546875 0.20625 0.553125 0.2078125 0.3640625 0.20625
0 0.465625 0.1421875 0.4671875 0.14375 0.4734375 0.1421875 0.4890625 0.14375 0.4953125 0.1421875 0.5140625 0.1421875 0.515625 0.14375 0.5171875 0.1421875 0.721875 0.14375 0.7234375 0.1453125 0.7234375 0.1609375 0.721875 0.1625 0.6546875 0.1625 0.653125 0.1640625 0.6484375 0.1625 0.6421875 0.1640625 0.6328125 0.1625 0.6265625 0.1640625 0.4484375 0.1625 0.446875 0.1609375 0.446875 0.14375 0.4640625 0.1421875
5 0.590625 0.5578125 0.5921875 0.559375 0.59375 0.5578125 0.890625 0.559375 0.890625 0.58125 0.8921875 0.5828125 0.8921875 0.603125 0.890625 0.6046875 0.803125 0.6046875 0.8015625 0.60625 0.796875 0.6046875 0.63125 0.6046875 0.6296875 0.603125 0.603125 0.603125 0.6015625 0.6046875 0.5484375 0.603125 0.5421875 0.6046875 0.540625 0.603125 0.540625 0.559375 0.54375 0.5578125 0.5890625 0.5578125
2 0.9379032265625 0.733751425 0.875 0.7320410484375001 0.8620967734375 0.732611175 0.8564516125000001 0.7354618015625001 0.8564516125000001 0.8175598624999999 0.933064515625 0.8175598624999999 0.938709678125 0.7981755984375 0.9379032265625 0.733751425
1 0.6862903218749999 0.7611174453125 0.6854838703125 0.7770809578125 0.7080645156250001 0.7776510828125 0.7088709671875 0.762257696875 0.6862903218749999 0.7611174453125
1 0.723387096875 0.7605473203125 0.72177419375 0.7770809578125 0.7443548390625 0.7782212093750001 0.745161290625 0.761687571875 0.723387096875 0.7605473203125
1 0.6129032265625 0.761687571875 0.6129032265625 0.7770809578125 0.63467741875 0.7782212093750001 0.636290321875 0.761687571875 0.6129032265625 0.761687571875
1 0.802411290625 0.41021094687500004 0.802411290625 0.4290250859375 0.8290241937499999 0.4301653359375 0.8290241937499999 0.4090706953125 0.802411290625 0.41021094687500004
1 0.844387096875 0.40935005625 0.844387096875 0.42816419687499996 0.8710000000000001 0.42930444687499997 0.8718064515625 0.40877993124999995 0.844387096875 0.40935005625
1 0.8849 0.40877993124999995 0.8849 0.42816419687499996 0.9123193546874999 0.42873432187500005 0.9123193546874999 0.40877993124999995 0.8849 0.40877993124999995
1 0.3225806453125 0.1858608890625 0.304838709375 0.1858608890625 0.3056451609375 0.1984036484375 0.3209677421875 0.198973775 0.323387096875 0.19612314687500002 0.3225806453125 0.1858608890625
1 0.2790322578125 0.1858608890625 0.2790322578125 0.1978335234375 0.2959677421875 0.1984036484375 0.2975806453125 0.1858608890625 0.2790322578125 0.1858608890625
1 0.27096774218749997 0.1858608890625 0.2540322578125 0.1858608890625 0.2540322578125 0.1978335234375 0.2693548390625 0.198973775 0.27177419375 0.19726339843750001 0.27096774218749997 0.1858608890625
1 0.4040322578125 0.3175598625 0.40322580625000004 0.3346636265625 0.42822580625000006 0.3352337515625 0.42822580625000006 0.3175598625 0.4040322578125 0.3175598625
3 0.5501169359375 0.696020525 0.5122379031250001 0.696020525 0.5122379031250001 0.712314709375 0.5501169359375 0.712314709375 0.5501169359375 0.696020525
3 0.5878387093749999 0.7785290765624999 0.55532258125 0.7785290765624999 0.55532258125 0.7960319265625 0.5878387093749999 0.7960319265625 0.5878387093749999 0.7785290765624999
3 0.10022177343750001 0.550952109375 0.0657943546875 0.550952109375 0.0657943546875 0.564589509375 0.10022177343750001 0.564589509375 0.10022177343750001 0.550952109375