0 0.29453125 0.72578125 0.06875 0.209375
0 0.5 0.353125 0.5515625 0.559375 0.55 0.5640625 0.540625 0.5671875 0.5375 0.5671875 0.534375 0.5609375 0.5265625 0.5296875 0.528125 0.525 0.521875 0.5109375 0.521875 0.503125 0.51875 0.4984375 0.51875 0.4875 0.515625 0.484375 0.5125 0.4734375 0.5140625 0.4671875 0.5109375 0.45625 0.5078125 0.4546875 0.5 0.4234375 0.5015625 0.4203125 0.5 0.4109375 0.496875 0.3984375 0.4921875 0.390625 0.49375 0.3859375 0.4859375 0.359375 0.4859375 0.35625 0.4984375 0.353125
0 0.7828125 0.478125 0.7859375 0.4796875 0.8796875 0.8546875 0.878125 0.8609375 0.8796875 0.8625 0.7671875 0.890625 0.7625 0.8875 0.759375 0.88125 0.6796875 0.5625 0.6796875 0.553125 0.675 0.54375 0.6671875 0.509375 0.6703125 0.50625 0.78125 0.4796875
0 0.4453125 0.590625 0.446875 0.5859375 0.425 0.5 0.4421875 0.49375 0.4484375 0.4953125 0.4953125 0.684375 0.490625 0.6890625 0.478125 0.6921875 0.471875 0.690625 0.4546875 0.6171875 0.45 0.609375 0.446875 0.5921875
0 0.3484375 0.7078125 0.3515625 0.709375 0.353125 0.7140625 0.390625 0.8640625 0.3890625 0.8703125 0.371875 0.875 0.36875 0.871875 0.3296875 0.715625 0.3296875 0.7125 0.3328125 0.7109375 0.346875 0.7078125
0 0.4484375 0.3140625 0.446875 0.31875 0.46875 0.40625 0.4734375 0.4140625 0.471875 0.41875 0.4765625 0.4296875 0.4765625 0.4375 0.4796875 0.4390625 0.478125 0.44375 0.4875 0.48125 0.4921875 0.4890625 0.490625 0.49375 0.49375 0.5078125 0.4953125 0.5140625 0.4984375 0.515625 0.496875 0.521875 0.484375 0.525 0.48125 0.525 0.4796875 0.521875 0.428125 0.315625 0.428125 0.3046875 0.421875 0.290625 0.4078125 0.234375 0.409375 0.2265625 0.421875 0.2234375 0.425 0.2265625 0.425 0.23125 0.4296875 0.2390625 0.4296875 0.25 0.446875 0.3140625
0 0.5078125 0.5984375 0.5140625 0.5984375 0.515625 0.603125 0.578125 0.853125 0.5765625 0.859375 0.5703125 0.859375 0.50625 0.603125 0.5078125 0.6
0 0.259375 0.2609375 0.2796875 0.2578125 0.2828125 0.2640625 0.28125 0.26875 0.2875 0.2828125 0.3109375 0.3765625 0.309375 0.38125 0.3171875 0.4125 0.3203125 0.4140625 0.3203125 0.4234375 0.303125 0.428125 0.2984375 0.4265625 0.284375 0.3671875 0.28125 0.365625 0.2828125 0.3609375 0.2796875 0.359375 0.278125 0.353125 0.2796875 0.3484375 0.275 0.340625 0.275 0.3296875 0.2578125 0.265625 0.259375 0.2625
0 0.640625 0.159375 0.6953125 0.375 0.6953125 0.38125 0.6796875 0.3859375 0.675 0.38125 0.621875 0.16875 0.621875 0.1640625 0.6390625 0.159375
0 0.1671875 0.3796875 0.1765625 0.4171875 0.18125 0.425 0.1828125 0.43125 0.18125 0.4359375 0.1890625 0.4671875 0.19375 0.475 0.1953125 0.4921875 0.196875 0.4984375 0.2 0.5 0.203125 0.51875 0.225 0.6 0.2234375 0.6046875 0.2265625 0.609375 0.2265625 0.615625 0.2296875 0.61875 0.2328125 0.63125 0.23125 0.6359375 0.2484375 0.7 0.246875 0.70625 0.234375 0.709375 0.228125 0.7078125 0.1484375 0.3890625 0.1515625 0.3828125 0.165625 0.3796875
0 0.1171875 0.365625 0.1203125 0.3671875 0.134375 0.428125 0.1390625 0.4359375 0.1375 0.440625 0.1421875 0.4484375 0.140625 0.453125 0.1453125 0.4609375 0.1484375 0.4734375 0.146875 0.478125 0.1515625 0.4859375 0.15625 0.5046875 0.1546875 0.509375 0.1625 0.540625 0.165625 0.54375 0.1640625 0.546875 0.1671875 0.553125 0.171875 0.578125 0.175 0.58125 0.175 0.590625 0.1859375 0.6328125 0.16875 0.6390625 0.1640625 0.63125 0.1625 0.615625 0.159375 0.6125 0.15625 0.6 0.1578125 0.5953125 0.153125 0.5875 0.15 0.575 0.1515625 0.571875 0.1484375 0.56875 0.140625 0.5375 0.1421875 0.5328125 0.1359375 0.51875 0.1375 0.5140625 0.13125 0.5 0.128125 0.478125 0.125 0.475 0.1109375 0.41875 0.1125 0.4140625 0.1015625 0.375 0.1046875 0.36875 0.115625 0.3671875
5 0.50625 0.0953125 0.509375 0.1 0.528125 0.1796875 0.53125 0.1828125 0.53125 0.1921875 0.5703125 0.34375 0.56875 0.35 0.575 0.375 0.578125 0.3765625 0.5796875 0.38125 0.58125 0.4 0.5875 0.4140625 0.5859375 0.415625 0.5875 0.425 0.5921875 0.4328125 0.5890625 0.4375 0.5515625 0.446875 0.5484375 0.446875 0.5453125 0.4421875 0.5359375 0.4046875 0.5359375 0.396875 0.5328125 0.3921875 0.5265625 0.3671875 0.5265625 0.35625 0.521875 0.3484375 0.51875 0.3359375 0.5203125 0.33125 0.50625 0.275 0.5015625 0.2671875 0.503125 0.2625 0.4921875 0.21875 0.4890625 0.215625 0.490625 0.2125 0.484375 0.1875 0.4796875 0.1796875 0.475 0.1609375 0.4765625 0.15625 0.4734375 0.1546875 0.4734375 0.14375 0.4640625 0.1109375 0.465625 0.10625 0.4828125 0.103125 0.4859375 0.1 0.5046875 0.0953125
2 0.6344277265625 0.08000329218749999 0.638102490625 0.09238531250000001 0.6422341296875 0.0971731578125 0.7218935281250001 0.07731184062499999 0.7033591890625 0.0029746671874999998 0.6831850312500001 0.0021866687499999997 0.6208696296875 0.0185547828125 0.6344277265625 0.08000329218749999
1 0.7082934328125 0.25607326874999997 0.7239778593749999 0.2529938421875 0.719068296875 0.2309460140625 0.7039370625 0.2338875140625 0.7082934328125 0.25607326874999997
1 0.698765721875 0.22021635312500001 0.7151984359375 0.21778149687499998 0.7108420640625 0.1955957421875 0.6946044484375 0.19881309375 0.698765721875 0.22021635312500001
1 0.7266005703125 0.327142528125 0.74153670625 0.32341853125000003 0.737375434375 0.3020152734375 0.7209427203125001 0.3044501296875 0.7266005703125 0.327142528125
1 0.33971815312500003 0.2282935546875 0.35797343125 0.223742003125 0.3526415671875 0.197643765625 0.332173528125 0.2027470203125 0.33971815312500003 0.2282935546875
1 0.32872796718749997 0.18777287812500001 0.3469832484375 0.183221325 0.341651384375 0.15712308749999998 0.3215414359375 0.1613059203125 0.32872796718749997 0.18777287812500001
1 0.31837381875 0.14860130625 0.3371822890625 0.143911828125 0.3311021375 0.11716902031250001 0.3117404765625 0.121996425 0.31837381875 0.14860130625
1 0.2512273640625 0.7465390703125 0.2478761171875 0.744881209375 0.23811378906249997 0.7481463703125 0.24240595312500002 0.7653612953125 0.254381040625 0.76154443125 0.2512273640625 0.7465390703125
1 0.2486490984375 0.7904011843750001 0.26026609375 0.7875047421875 0.2567222203125 0.7709343890625 0.2441618375 0.7724037640625 0.2486490984375 0.7904011843750001
1 0.26371365468749997 0.7966188484375001 0.2614687890625 0.7946851374999999 0.25060008125 0.79822615 0.2546971453125 0.814658578125 0.2663141421875 0.8117621359375 0.26371365468749997 0.7966188484375001
1 0.34619581250000003 0.6372533546875 0.3629866203125 0.6338980750000001 0.3574917625 0.60950275625 0.34034286406250003 0.6137784578125001 0.34619581250000003 0.6372533546875
3 0.67807349375 0.40395009374999996 0.6872372609374999 0.44070395781249994 0.7030474390625 0.43676203750000003 0.6938836703125 0.40000817499999997 0.67807349375 0.40395009374999996
3 0.749005465625 0.34738819374999996 0.7568718296875 0.378938453125 0.7738547687499999 0.37470413125 0.76598840625 0.3431538703125 0.749005465625 0.34738819374999996
3 0.6461537203125001 0.8755766734374999 0.6544824671875 0.9089814515624999 0.667714778125 0.9056822656250001 0.6593860312500001 0.8722774875000001 0.6461537203125001 0.8755766734374999