0 0.26875 0.603125 0.26875 0.6125 0.3 0.8015625 0.3 0.809375 0.2890625 0.8125 0.2828125 0.8109375 0.25625 0.634375 0.2515625 0.6140625 0.2515625 0.6046875 0.2640625 0.6015625 0.2671875 0.603125
0 0.5109375 0.353125 0.5453125 0.5625 0.5453125 0.565625 0.5390625 0.56875 0.53125 0.56875 0.528125 0.5625 0.528125 0.553125 0.5234375 0.5328125 0.525 0.5234375 0.5203125 0.5125 0.521875 0.50625 0.51875 0.5015625 0.5203125 0.49375 0.515625 0.4828125 0.5140625 0.4734375 0.515625 0.465625 0.5109375 0.453125 0.5078125 0.434375 0.5046875 0.3953125 0.5015625 0.3921875 0.503125 0.3859375 0.5 0.375 0.4984375 0.3546875 0.509375 0.353125
0 0.784375 0.503125 0.7875 0.5125 0.7875 0.521875 0.846875 0.8890625 0.8453125 0.89375 0.8359375 0.89375 0.7359375 0.9109375 0.728125 0.909375 0.7234375 0.896875 0.709375 0.7984375 0.6734375 0.58125 0.6734375 0.5671875 0.66875 0.5515625 0.665625 0.521875 0.7828125 0.503125
0 0.446875 0.4890625 0.478125 0.6765625 0.4765625 0.6859375 0.459375 0.6890625 0.4546875 0.6875 0.44375 0.6109375 0.4390625 0.5984375 0.440625 0.590625 0.4375 0.5875 0.4390625 0.58125 0.425 0.5 0.4265625 0.490625 0.4453125 0.4890625
0 0.3375 0.8609375 0.3109375 0.6984375 0.3125 0.6953125 0.321875 0.69375 0.3328125 0.69375 0.334375 0.6984375 0.3578125 0.846875 0.3578125 0.8578125 0.3390625 0.8609375
0 0.446875 0.2171875 0.4484375 0.2265625 0.4515625 0.2296875 0.4515625 0.2484375 0.45625 0.26875 0.4609375 0.3078125 0.4640625 0.309375 0.4625 0.3171875 0.475 0.3953125 0.4796875 0.4078125 0.478125 0.415625 0.4796875 0.425 0.4828125 0.428125 0.48125 0.434375 0.484375 0.4375 0.4828125 0.4453125 0.4875 0.475 0.4890625 0.4828125 0.4921875 0.4859375 0.490625 0.490625 0.4921875 0.5046875 0.49375 0.5125 0.496875 0.515625 0.4953125 0.5203125 0.4859375 0.521875 0.478125 0.521875 0.4765625 0.515625 0.4484375 0.3296875 0.44375 0.309375 0.4453125 0.3 0.4390625 0.2796875 0.43125 0.2296875 0.4328125 0.21875 0.4453125 0.2171875
0 0.5046875 0.5984375 0.546875 0.8609375 0.54375 0.8640625 0.5390625 0.8640625 0.5375 0.8609375 0.50625 0.6546875 0.496875 0.6046875 0.496875 0.6 0.503125 0.5984375
0 0.2984375 0.2375 0.303125 0.2421875 0.3015625 0.25 0.3078125 0.2703125 0.3078125 0.2796875 0.321875 0.359375 0.3203125 0.36875 0.325 0.3953125 0.328125 0.4 0.3265625 0.4078125 0.3078125 0.4109375 0.3046875 0.409375 0.296875 0.3515625 0.2921875 0.3390625 0.2921875 0.325 0.2890625 0.321875 0.290625 0.3125 0.2796875 0.2515625 0.2796875 0.240625 0.296875 0.2375
0 0.66875 0.171875 0.7046875 0.3890625 0.7046875 0.396875 0.696875 0.4 0.684375 0.3984375 0.65 0.1828125 0.65 0.175 0.6671875 0.171875
0 0.1953125 0.5171875 0.0765625 0.3390625
0 0.1625 0.5125 0.1609375 0.5203125 0.1640625 0.5234375 0.1625 0.53125 0.165625 0.5484375 0.16875 0.5515625 0.1671875 0.559375 0.175 0.603125 0.1734375 0.60625 0.15625 0.6078125 0.153125 0.6015625 0.1515625 0.5921875 0.153125 0.584375 0.15 0.58125 0.1484375 0.571875 0.15 0.5640625 0.146875 0.5609375 0.14375 0.5421875 0.1453125 0.540625 0.140625 0.5234375 0.1390625 0.49375 0.1359375 0.4890625 0.1359375 0.475 0.13125 0.4640625 0.1296875 0.453125 0.13125 0.4453125 0.128125 0.4421875 0.1265625 0.434375 0.1265625 0.425 0.11875 0.384375 0.1203125 0.3765625 0.1140625 0.3453125 0.1140625 0.3359375 0.1234375 0.3328125 0.1328125 0.334375 0.140625 0.3921875 0.1421875 0.4 0.1453125 0.403125 0.14375 0.4109375 0.146875 0.4140625 0.1453125 0.421875 0.15 0.4328125 0.1515625 0.44375 0.15 0.4515625 0.153125 0.4546875 0.1546875 0.4625 0.15625 0.4734375 0.1546875 0.48125 0.1609375 0.5125
5 0.540625 0.096875 0.54375 0.103125 0.5546875 0.1796875 0.5578125 0.1859375 0.55625 0.190625 0.5828125 0.35 0.58125 0.3578125 0.584375 0.36875 0.584375 0.378125 0.5875 0.3828125 0.590625 0.3984375 0.5890625 0.4078125 0.590625 0.415625 0.59375 0.41875 0.5921875 0.4234375 0.59375 0.4359375 0.596875 0.4375 0.5953125 0.44375 0.5609375 0.45 0.5515625 0.45 0.5484375 0.440625 0.546875 0.421875 0.5421875 0.4015625 0.54375 0.4 0.5375 0.371875 0.5390625 0.3625 0.5328125 0.3421875 0.534375 0.3328125 0.528125 0.303125 0.525 0.275 0.521875 0.2703125 0.521875 0.2546875 0.5140625 0.215625 0.5109375 0.1859375 0.50625 0.175 0.5046875 0.1640625 0.50625 0.15625 0.503125 0.153125 0.503125 0.1359375 0.4984375 0.115625 0.4984375 0.1046875 0.51875 0.1015625 0.5234375 0.0984375 0.5390625 0.096875
2 0.6705213140625 0.0933176546875 0.6731029296875 0.105972834375 0.6768015593750001 0.1111025578125 0.75788885625 0.098259590625 0.7459039578125 0.0225899203125 0.7258752484375 0.020046625000000002 0.6623704 0.030921309375 0.6705213140625 0.0933176546875
1 0.7287604296875 0.275155453125 0.7446535609375 0.2734547328125 0.7416842765625 0.25106290468750003 0.7263542515625 0.2526744390625 0.7287604296875 0.275155453125
1 0.7223941093749999 0.2386045890625 0.7389765046875 0.237611203125 0.7365703265625 0.2151301890625 0.7201140875 0.21692009687499997 0.7223941093749999 0.2386045890625
1 0.7408038078125 0.34754984375000003 0.756007675 0.3451417875 0.7537276546875 0.32345729843750004 0.737145259375 0.3244506828125 0.7408038078125 0.34754984375000003
1 0.36400885 0.21535799687499999 0.38259135624999996 0.2124148171875 0.3795543921875 0.18595118906250002 0.3587194625 0.1892511171875 0.36400885 0.21535799687499999
1 0.356592096875 0.1740336546875 0.375174603125 0.17109047500000002 0.372137640625 0.144626846875 0.3517396578125 0.147041065625 0.356592096875 0.1740336546875
1 0.3496913765625 0.1341087203125 0.3688369890625 0.131076353125 0.36511076249999996 0.10390538906249999 0.34540204375 0.10702694374999999 0.3496913765625 0.1341087203125
1 0.2306867234375 0.7239189500000001 0.22749272031249998 0.72197531875 0.2174829640625 0.7243772125 0.22025841562499998 0.741900715625 0.23252059531249997 0.739142071875 0.2306867234375 0.7239189500000001
1 0.22429543281250003 0.767389446875 0.23612066406249999 0.7655165140625 0.23403447656249998 0.7487003453125001 0.2213938265625 0.7490694203125 0.22429543281250003 0.767389446875
1 0.238760759375 0.7748964125 0.23669297031249997 0.77277440625 0.2255570015625 0.775354675 0.2282062953125 0.7920816546875 0.2400315265625 0.790208721875 0.238760759375 0.7748964125
1 0.33481866562499996 0.6233261453125001 0.3518380109375 0.62144705 0.3484902546875 0.5966656546875 0.33103396093750004 0.599430459375 0.33481866562499996 0.6233261453125001
3 0.6857671703125 0.4198357203125 0.6916927578125 0.4572484 0.7077863328125 0.45469942812499997 0.701860746875 0.41728674843749997 0.6857671703125 0.4198357203125
3 0.7613589203125 0.369671184375 0.7664455625000001 0.401786984375 0.7837329234375 0.3990489359375 0.77864628125 0.366933134375 0.7613589203125 0.369671184375
3 0.612863896875 0.8868856265625 0.6182495328125001 0.9208891875 0.6317190328125 0.918755828125 0.6263333984375 0.8847522671875 0.612863896875 0.8868856265625