0 0.775 0.1578125 0.7921875 0.1625 0.79375 0.165625 0.8 0.1671875 0.803125 0.165625 0.8109375 0.1703125 0.821875 0.1703125 0.86875 0.184375 0.9328125 0.2 0.934375 0.20625 0.9296875 0.221875 0.7671875 0.1796875 0.765625 0.1734375 0.76875 0.1625 0.7734375 0.1578125
0 0.5953125 0.3765625 0.625 0.3859375 0.6296875 0.384375 0.6390625 0.3890625 0.646875 0.3890625 0.653125 0.3921875 0.665625 0.39375 0.7703125 0.421875 0.7734375 0.4265625 0.76875 0.44375 0.75625 0.4421875 0.7265625 0.4328125 0.71875 0.4328125 0.7140625 0.4296875 0.6859375 0.421875 0.6828125 0.4234375 0.675 0.421875 0.6671875 0.4171875 0.6625 0.41875 0.628125 0.409375 0.6203125 0.4046875 0.6109375 0.4046875 0.5875 0.3984375 0.5859375 0.3921875 0.5890625 0.3796875 0.59375 0.3765625
0 0.4546875 0.8 0.490625 0.8109375 0.5078125 0.8125 0.578125 0.8328125 0.659375 0.853125 0.665625 0.859375 0.6546875 0.8953125 0.65 0.8953125 0.6421875 0.890625 0.625 0.8890625 0.609375 0.884375 0.60625 0.88125 0.5828125 0.8765625 0.578125 0.8734375 0.5734375 0.875 0.4328125 0.8375 0.4296875 0.8359375 0.440625 0.7984375 0.44375 0.796875 0.453125 0.8
0 0.584375 0.9640625 0.678125 0.990625 0.696875 0.9953125 0.7015625 0.99375 0.7140625 0.9984375 0.640625 0.9984375 0.56875 0.978125 0.571875 0.9640625 0.5734375 0.9625 0.5828125 0.9640625
0 0.3515625 0.578125 0.5328125 0.628125 0.5453125 0.63125 0.55 0.6296875 0.5671875 0.634375 0.5734375 0.6390625 0.5859375 0.6421875 0.590625 0.640625 0.63125 0.6515625 0.6328125 0.6546875 0.6546875 0.659375 0.6515625 0.6765625 0.646875 0.6796875 0.3953125 0.6109375 0.3671875 0.60625 0.365625 0.603125 0.34375 0.5984375 0.3453125 0.5890625 0.35 0.5796875
0 0.1234375 0.790625 0.1609375 0.8015625 0.165625 0.8 0.178125 0.80625 0.1875 0.80625 0.20625 0.8109375 0.2125 0.815625 0.2296875 0.8203125 0.240625 0.8203125 0.259375 0.828125 0.275 0.83125 0.2765625 0.8390625 0.2734375 0.85 0.2703125 0.853125 0.115625 0.8125 0.1140625 0.80625 0.1171875 0.7953125 0.121875 0.790625
0 0.440625 0.66875 0.471875 0.678125 0.4765625 0.6765625 0.4828125 0.678125 0.4953125 0.684375 0.5140625 0.6890625 0.5171875 0.6875 0.5203125 0.690625 0.53125 0.6921875 0.5359375 0.6953125 0.5421875 0.696875 0.546875 0.6953125 0.559375 0.6984375 0.7546875 0.7515625 0.7546875 0.7625 0.75 0.771875 0.7015625 0.7578125 0.696875 0.759375 0.690625 0.7578125 0.440625 0.690625 0.4359375 0.6875 0.440625 0.6703125
2 0.1565119015625 0 0.15287690468749998 0.0135659921875 0.23879756406250002 0.0365883625 0.24860138593749997 0 0.1565119015625 0
5 0.3730783453125 0.3498115 0.40372250468750004 0.22439699218750003 0.2209854671875 0.1760973578125 0.22172917656250002 0.17662775625 0.1894396609375 0.3017235734375 0.3730783453125 0.3498115
3 0.6964216515625 0.3898730953125 0.66702323125 0.3819958125 0.66381824375 0.393956990625 0.6932166640624999 0.40183427343749994 0.6964216515625 0.3898730953125
3 0.8790353937500001 0.17489150625 0.8279036421875 0.1611907953125 0.8254689140625 0.1702773265625 0.8766006656249999 0.1839780375 0.8790353937500001 0.17489150625
3 0.528612190625 0.61277901875 0.479046175 0.5994978453125 0.47596070937499996 0.6110129578125 0.5255267265625 0.6242941328125 0.528612190625 0.61277901875
3 0.6222432 0.703306978125 0.5751543156250001 0.6906895484375 0.5722282140625 0.7016099078125 0.6193170984374999 0.7142273359375 0.6222432 0.703306978125
3 0.7302798140625 1 0.7327414203125 0.9908131625 0.68650940625 0.9784253312500001 0.68346525625 0.9897862484375001 0.7215834953125 1 0.7302798140625 1
3 0.2122579484375 0.800893603125 0.1857339375 0.793786515625 0.182717825 0.8050428015625 0.20924183593749998 0.8121498875000001 0.2122579484375 0.800893603125
5 0.20055611875 0.6876180609375 0.1795575078125 0.7718344671875 0.332855784375 0.8126597656250001 0.353662253125 0.7281540093750001 0.20055611875 0.6876180609375
3 0.4445832453125 0.044317660937499996 0.403437921875 0.0332928046875 0.3999333890625 0.046371903125 0.44107871249999997 0.057396759374999995 0.4445832453125 0.044317660937499996
0 0.7034448171875 0.1404555234375 0.3521048765625 0.0463142703125 0.3349496296875 0.110338521875 0.6862895703125 0.20447977499999997 0.7034448171875 0.1404555234375
1 0.1015625 0.25 0.1203125 0.2546875 0.1171875 0.265625 0.109375 0.265625 0.0984375 0.2625 0.1015625 0.2515625
1 0.1578125 0.2625 0.16875 0.265625 0.171875 0.26875 0.16875 0.2796875 0.1515625 0.2765625 0.1515625 0.2703125 0.15625 0.2640625
1 0.0953125 0.2734375 0.1015625 0.2734375 0.1140625 0.278125 0.1125 0.2859375 0.10625 0.2890625 0.09375 0.284375 0.0953125 0.275
1 0.1234375 0.2796875 0.1390625 0.284375 0.1375 0.2953125 0.1359375 0.2953125 0.1203125 0.290625 0.1234375 0.28125
1 0.15 0.2859375 0.1546875 0.2890625 0.165625 0.290625 0.1625 0.3015625 0.1484375 0.2984375 0.146875 0.296875 0.1484375 0.2875