0 0.2734375 0.0296875 0.3796875 0.05625 0.3875 0.0609375 0.396875 0.0609375 0.4 0.0640625 0.40625 0.065625 0.4109375 0.0640625 0.428125 0.06875 0.4296875 0.071875 0.425 0.090625 0.259375 0.05 0.2640625 0.0296875 0.265625 0.028125 0.271875 0.0296875
0 0.3046875 0.3015625 0.4296875 0.3328125 0.43125 0.3359375 0.4359375 0.334375 0.45 0.340625 0.4796875 0.346875 0.4765625 0.3671875 0.4734375 0.36875 0.446875 0.3625 0.4390625 0.3578125 0.434375 0.359375 0.396875 0.35 0.3890625 0.3453125 0.384375 0.346875 0.3703125 0.340625 0.3453125 0.334375 0.340625 0.3359375 0.3328125 0.33125 0.2921875 0.321875 0.296875 0.303125 0.303125 0.3015625
0 0.18125 0.7328125 0.1875 0.73125 0.34375 0.7703125 0.3515625 0.775 0.40625 0.7875 0.4078125 0.790625 0.4 0.8234375 0.396875 0.828125 0.253125 0.7921875 0.25 0.7890625 0.24375 0.7890625 0.2390625 0.7859375 0.2265625 0.7828125 0.215625 0.7828125 0.190625 0.7765625 0.1890625 0.7734375 0.1828125 0.771875 0.178125 0.7734375 0.1734375 0.7703125 0.1734375 0.7640625 0.18125 0.734375
0 0 0.815625 0.0609375 0.83125 0.071875 0.83125 0.084375 0.834375 0.0921875 0.8390625 0.209375 0.8671875 0.2125 0.8703125 0.209375 0.884375 0.1453125 0.8703125 0.0015625 0.834375 0 0.8328125 0 0.8171875
0 0.2859375 0.565625 0.30625 0.5703125 0.3171875 0.5703125 0.3484375 0.578125 0.35625 0.5828125 0.36875 0.5859375 0.3734375 0.584375 0.3921875 0.5890625 0.4 0.59375 0.59375 0.6421875 0.5890625 0.6609375 0.5703125 0.65625 0.559375 0.65625 0.553125 0.6546875 0.5515625 0.6515625 0.284375 0.5859375 0.2828125 0.578125 0.2859375 0.5671875
0 0.5359375 0.8984375 0.55625 0.9046875 0.5609375 0.903125 0.5734375 0.90625 0.58125 0.9109375 0.6 0.915625 0.6109375 0.915625 0.6234375 0.91875 0.63125 0.9234375 0.6484375 0.925 0.65625 0.9296875 0.690625 0.9375 0.6921875 0.94375 0.6875 0.959375 0.5296875 0.9203125 0.5296875 0.9125 0.534375 0.9
0 0.1546875 0.596875 0.365625 0.6484375 0.3671875 0.6515625 0.38125 0.653125 0.3859375 0.65625 0.39375 0.65625 0.3984375 0.659375 0.4234375 0.665625 0.4265625 0.6640625 0.434375 0.665625 0.4421875 0.6703125 0.4703125 0.6765625 0.465625 0.6953125 0.4578125 0.6953125 0.1515625 0.6171875 0.1484375 0.6125 0.1546875 0.5984375
2 1 0.1698484484375 0.9679462437499999 0.16185655000000002 0.9531192171875 0.22132450312500002 1 0.2330131953125 1 0.1698484484375
5 0.9001551203125 0.3520806359375 0.9010627265625001 0.3519772953125 0.717821184375 0.30562843281249996 0.6838210109375 0.43017501718749995 0.8677485109375 0.47714617031250006 0.9001551203125 0.3520806359375
3 0.3786005859375 0.3204690234375 0.40813200624999996 0.32783203437499997 0.41112775625 0.3158167421875 0.381596334375 0.3084537328125 0.3786005859375 0.3204690234375
3 0.3238281234375 0.0410213375 0.3751911984375 0.053827590625 0.37746697500000004 0.0446999515625 0.3261039 0.031893700000000004 0.3238281234375 0.0410213375
3 0.41741483125 0.5963344953124999 0.4672050859375 0.6087486 0.470089115625 0.5971813921875 0.42029886093749996 0.5847672875 0.41741483125 0.5963344953124999
3 0.291783440625 0.6295213734375 0.33908535781250004 0.641315065625 0.3418204265625 0.630345303125 0.294518509375 0.6185516093750001 0.291783440625 0.6295213734375
3 0.055643415625000005 0.8278519 0.1020845859375 0.839430984375 0.1049299953125 0.8280186687500001 0.058488825 0.8164395843750001 0.055643415625000005 0.8278519
3 0.6029695515625 0.9139747984375 0.629613559375 0.9206178953125 0.6324327624999999 0.9093106859375 0.6057887562500001 0.9026675890625 0.6029695515625 0.9139747984375
5 0.51737861875 0.7704939390625001 0.49460716250000003 0.8544915156249999 0.6484773546875 0.893105384375 0.6709404796875 0.8092677281249999 0.51737861875 0.7704939390625001
3 0.7661120296874999 0.141456090625 0.8074434968749999 0.1517611828125 0.810719234375 0.1386229140625 0.7693877671875 0.12831782187500002 0.7661120296874999 0.141456090625
0 0.48033851875 0.1512172109375 0.8332679390625 0.2392123984375 0.8493031953125 0.1748984984375 0.496373775 0.0869033109375 0.48033851875 0.1512172109375
1 0.9625 0.471875 0.96875 0.4734375 0.9671875 0.4859375 0.95 0.4828125 0.9484375 0.4796875 0.9515625 0.4703125 0.9609375 0.471875
1 0.9 0.45625 0.9125 0.4578125 0.915625 0.459375 0.9171875 0.4640625 0.9140625 0.4734375 0.8984375 0.4703125 0.896875 0.465625 0.9 0.4578125
1 0.9453125 0.4921875 0.9640625 0.496875 0.959375 0.509375 0.94375 0.5046875 0.9453125 0.49375
1 0.928125 0.4875 0.9359375 0.490625 0.9328125 0.5015625 0.9171875 0.496875 0.91875 0.4875 0.9203125 0.4859375 0.9265625 0.4875
1 0.89375 0.4796875 0.9109375 0.484375 0.909375 0.4921875 0.903125 0.49375 0.8921875 0.490625 0.89375 0.48125