0 0.7078125 0.0984375 0.709375 0.1 0.7203125 0.0984375 0.840625 0.0984375 0.8421875 0.1 0.8421875 0.1203125 0.671875 0.1203125 0.671875 0.1 0.6734375 0.0984375 0.69375 0.0984375 0.6953125 0.1 0.70625 0.0984375
0 0.603125 0.3546875 0.6046875 0.35625 0.6078125 0.3546875 0.61875 0.35625 0.6203125 0.3546875 0.7421875 0.3546875 0.74375 0.35625 0.74375 0.3765625 0.696875 0.3765625 0.6953125 0.378125 0.690625 0.3765625 0.55625 0.378125 0.5546875 0.3765625 0.5546875 0.3578125 0.55625 0.35625 0.6015625 0.3546875
0 0.7484375 0.8 0.7515625 0.8015625 0.7515625 0.840625 0.7484375 0.8421875 0.74375 0.840625 0.7328125 0.8421875 0.703125 0.8421875 0.7015625 0.840625 0.51875 0.8421875 0.51875 0.803125 0.5203125 0.8015625 0.746875 0.8
0 0.6890625 0.94375 0.6890625 0.928125 0.690625 0.9265625 0.81875 0.9265625 0.8203125 0.925 0.9703125 0.9265625 0.9703125 0.9421875 0.690625 0.94375
0 0.6015625 0.6125 0.603125 0.6140625 0.6203125 0.6140625 0.621875 0.6125 0.690625 0.6140625 0.690625 0.6328125 0.6890625 0.634375 0.4125 0.634375 0.4109375 0.6359375 0.3734375 0.634375 0.3734375 0.615625 0.375 0.6140625 0.6 0.6125
0 0.36875 0.878125 0.3703125 0.88125 0.3703125 0.8984375 0.36875 0.9 0.20625 0.9 0.20625 0.8796875 0.2078125 0.878125 0.25 0.878125 0.2515625 0.8765625 0.3671875 0.878125
0 0.53125 0.6765625 0.5328125 0.678125 0.8109375 0.6765625 0.8125 0.6828125 0.8109375 0.696875 0.7578125 0.696875 0.75625 0.6984375 0.4875 0.6984375 0.4859375 0.696875 0.4859375 0.678125 0.5296875 0.6765625
2 0.1277580640625 0.0586944125 0.0388064515625 0.0586944125 0.0388064515625 0.119982896875 0.1277580640625 0.119982896875 0.1277580640625 0.0586944125
5 0.146660484375 0.259348346875 0.1475161296875 0.2596681875 0.1487040328125 0.388858609375 0.33853145156250003 0.387778790625 0.3356717734375 0.2587063859375 0.146660484375 0.259348346875
3 0.6612258062499999 0.3427879140625 0.630790321875 0.3427879140625 0.630790321875 0.3551710375 0.6612258062499999 0.3551710375 0.6612258062499999 0.3427879140625
3 0.78197580625 0.08786773125 0.729040321875 0.08786773125 0.729040321875 0.0972748 0.78197580625 0.0972748 0.78197580625 0.08786773125
3 0.5568266125 0.6015307875 0.505512096875 0.6015307875 0.505512096875 0.613452109375 0.5568266125 0.613452109375 0.5568266125 0.6015307875
3 0.67069758125 0.6647405921875 0.6219475812499999 0.6647405921875 0.6219475812499999 0.6760461796875 0.67069758125 0.6760461796875 0.67069758125 0.6647405921875
3 0.8518427421875 0.913851196875 0.8039798390625 0.913851196875 0.8039798390625 0.925612884375 0.8518427421875 0.925612884375 0.8518427421875 0.913851196875
3 0.299939515625 0.8651140249999999 0.2724798390625 0.8651140249999999 0.2724798390625 0.8767673890625 0.299939515625 0.8767673890625 0.299939515625 0.8651140249999999
5 0.2593185484375 0.758726909375 0.2608322578125 0.8455085515625 0.41947338749999996 0.8452662484375001 0.41769919375000003 0.7582548453125 0.2593185484375 0.758726909375
3 0.3285322578125 0.074187571875 0.285935484375 0.074187571875 0.285935484375 0.08772805 0.3285322578125 0.08772805 0.3285322578125 0.074187571875
0 0.6034556453125 0.1000513109375 0.23972177343749998 0.1000513109375 0.23972177343749998 0.16633409375 0.6034556453125 0.16633409375 0.6034556453125 0.1000513109375
1 0.05 0.3609375 0.06875 0.3609375 0.0671875 0.3734375 0.05 0.3734375 0.05 0.3625
1 0.103125 0.3640625 0.10625 0.359375 0.1203125 0.359375 0.121875 0.3609375 0.1203125 0.3734375 0.1046875 0.3734375 0.103125 0.3703125 0.1046875 0.365625
1 0.05 0.384375 0.06875 0.384375 0.0671875 0.396875 0.0515625 0.396875 0.05 0.3859375
1 0.078125 0.384375 0.0953125 0.384375 0.0953125 0.3953125 0.0796875 0.396875 0.078125 0.3859375
1 0.10625 0.3828125 0.121875 0.384375 0.121875 0.3953125 0.1046875 0.3953125 0.1046875 0.384375