0 0.7078125 0.3390625 0.7109375 0.3453125 0.709375 0.3515625 0.725 0.4140625 0.7234375 0.41875 0.73125 0.446875 0.734375 0.4734375 0.74375 0.5078125 0.7453125 0.5296875 0.7328125 0.5328125 0.7265625 0.5328125 0.721875 0.5171875 0.7203125 0.4984375 0.7171875 0.4953125 0.71875 0.490625 0.709375 0.45625 0.709375 0.44375 0.703125 0.421875 0.7015625 0.403125 0.6890625 0.346875 0.6890625 0.34375 0.6921875 0.3421875 0.70625 0.3390625
0 0.190625 0.7796875 0.19375 0.7859375 0.1953125 0.8046875 0.2046875 0.840625 0.209375 0.875 0.21875 0.909375 0.2171875 0.9140625 0.2234375 0.9359375 0.221875 0.940625 0.2234375 0.9484375 0.2328125 0.9828125 0.2328125 0.9875 0.2234375 0.9921875 0.21875 0.9921875 0.215625 0.9890625 0.2171875 0.9859375 0.20625 0.94375 0.2046875 0.9359375 0.20625 0.93125 0.203125 0.9171875 0.1984375 0.903125 0.2 0.896875 0.190625 0.8625 0.1875 0.8484375 0.1890625 0.84375 0.1875 0.8359375 0.175 0.7875 0.1765625 0.78125 0.1859375 0.778125 0.1890625 0.7796875
0 0.796875 0.259375 0.80625 0.25625 0.8203125 0.25625 0.8265625 0.284375 0.825 0.2890625 0.8375 0.3375 0.8375 0.35 0.8421875 0.3578125 0.840625 0.3640625 0.8484375 0.3921875 0.8484375 0.4046875 0.859375 0.446875 0.8578125 0.4484375 0.859375 0.459375 0.86875 0.49375 0.8671875 0.503125 0.8484375 0.5078125 0.84375 0.503125 0.840625 0.4890625 0.840625 0.4765625 0.83125 0.4421875 0.828125 0.428125 0.828125 0.415625 0.8203125 0.3875 0.821875 0.38125 0.8078125 0.3265625 0.809375 0.3203125 0.796875 0.271875 0.7984375 0.2703125 0.796875 0.2609375
0 0.5671875 0.4140625 0.578125 0.4578125 0.5765625 0.4640625 0.5796875 0.4671875 0.578125 0.4703125 0.5875 0.5046875 0.5859375 0.5109375 0.59375 0.5390625 0.596875 0.565625 0.6078125 0.6078125 0.60625 0.6125 0.6140625 0.640625 0.6125 0.646875 0.621875 0.6828125 0.6203125 0.6875 0.625 0.696875 0.625 0.7046875 0.6140625 0.7078125 0.609375 0.7078125 0.60625 0.703125 0.5984375 0.6703125 0.5953125 0.65625 0.5953125 0.64375 0.5875 0.615625 0.584375 0.6015625 0.5859375 0.596875 0.578125 0.5671875 0.5796875 0.5625 0.56875 0.5203125 0.56875 0.5078125 0.55625 0.459375 0.5578125 0.453125 0.55 0.425 0.55 0.4171875 0.565625 0.4140625
0 0.753125 0.3734375 0.7546875 0.36875 0.746875 0.340625 0.74375 0.3265625 0.74375 0.3140625 0.7390625 0.2984375 0.7421875 0.2953125 0.75625 0.29375 0.7609375 0.2984375 0.7609375 0.3109375 0.7703125 0.3453125 0.7703125 0.3578125 0.7734375 0.371875 0.7875 0.4265625 0.7859375 0.4328125 0.790625 0.446875 0.790625 0.459375 0.8046875 0.521875 0.8046875 0.5265625 0.8015625 0.528125 0.7890625 0.53125 0.7859375 0.5296875 0.7828125 0.5234375 0.7828125 0.5109375 0.778125 0.496875 0.7796875 0.490625 0.765625 0.4359375 0.765625 0.4234375 0.7546875 0.375
0 0.2984375 0.3609375 0.3046875 0.3640625 0.309375 0.384375 0.309375 0.396875 0.321875 0.4453125 0.3203125 0.4515625 0.3296875 0.4859375 0.328125 0.4921875 0.3375 0.5265625 0.3390625 0.534375 0.3375 0.5390625 0.3484375 0.58125 0.3484375 0.59375 0.3625 0.6484375 0.3609375 0.6546875 0.3640625 0.6671875 0.353125 0.671875 0.35 0.6703125 0.3453125 0.671875 0.3421875 0.6671875 0.34375 0.665625 0.33125 0.6171875 0.3296875 0.609375 0.33125 0.6046875 0.31875 0.55625 0.3203125 0.55 0.3078125 0.5015625 0.3078125 0.4890625 0.2984375 0.453125 0.3 0.4484375 0.2875 0.4 0.2890625 0.39375 0.2828125 0.371875 0.284375 0.3640625 0.296875 0.3625
0 0.696875 0.5953125 0.6984375 0.59375 0.696875 0.5859375 0.7 0.5828125 0.7140625 0.5828125 0.715625 0.5875 0.7140625 0.59375 0.7265625 0.6421875 0.7265625 0.6546875 0.734375 0.6828125 0.7328125 0.6875 0.7359375 0.690625 0.7359375 0.7015625 0.74375 0.73125 0.7453125 0.75 0.759375 0.8046875 0.7609375 0.81875 0.759375 0.8234375 0.74375 0.825 0.740625 0.8125 0.7421875 0.8078125 0.7265625 0.7453125 0.728125 0.7421875 0.7265625 0.7328125 0.7140625 0.684375 0.715625 0.678125 0.7125 0.665625 0.709375 0.6640625 0.7078125 0.6578125 0.709375 0.6515625 0.70625 0.64375 0.7046875 0.6359375 0.70625 0.63125 0.6984375 0.596875
0 0.0796875 0.55 0.090625 0.596875 0.090625 0.609375 0.0984375 0.6375 0.096875 0.64375 0.103125 0.659375 0.103125 0.6703125 0.1109375 0.6984375 0.1109375 0.7109375 0.1203125 0.746875 0.11875 0.7484375 0.1203125 0.759375 0.10625 0.7625 0.0984375 0.7609375 0.0953125 0.7484375 0.096875 0.746875 0.0953125 0.7359375 0.084375 0.69375 0.0828125 0.675 0.071875 0.6328125 0.071875 0.6203125 0.06875 0.60625 0.0640625 0.5921875 0.065625 0.5859375 0.0578125 0.5578125 0.059375 0.553125 0.0609375 0.5546875 0.078125 0.55
0 0.16875 0.2328125 0.1734375 0.234375 0.178125 0.253125 0.1765625 0.259375 0.190625 0.3140625 0.1921875 0.321875 0.190625 0.3265625 0.203125 0.375 0.2015625 0.378125 0.2125 0.4234375 0.2125 0.4359375 0.221875 0.4703125 0.221875 0.4828125 0.2328125 0.525 0.23125 0.5296875 0.234375 0.54375 0.2140625 0.5484375 0.2109375 0.546875 0.2046875 0.5203125 0.2015625 0.49375 0.1921875 0.459375 0.1890625 0.4453125 0.190625 0.440625 0.18125 0.4046875 0.1828125 0.3984375 0.1734375 0.3640625 0.1734375 0.3515625 0.1609375 0.303125 0.159375 0.2953125 0.1609375 0.290625 0.15 0.2484375 0.1515625 0.2359375 0.1671875 0.2328125
0 0.3203125 0.078125 0.3234375 0.0796875 0.3234375 0.0890625 0.33125 0.1171875 0.3296875 0.1234375 0.3421875 0.171875 0.34375 0.190625 0.353125 0.2265625 0.3515625 0.23125 0.3546875 0.234375 0.3546875 0.2453125 0.359375 0.2609375 0.3546875 0.265625 0.34375 0.265625 0.3421875 0.2609375 0.334375 0.2265625 0.3359375 0.221875 0.321875 0.165625 0.3234375 0.1609375 0.3109375 0.1125 0.3125 0.10625 0.30625 0.0828125 0.3078125 0.0796875 0.31875 0.078125
0 0.8765625 0.31875 0.88125 0.3203125 0.890625 0.359375 0.8890625 0.365625 0.8953125 0.3875 0.89375 0.3921875 0.9109375 0.4609375 0.9109375 0.4734375 0.91875 0.503125 0.9203125 0.521875 0.9328125 0.5703125 0.9328125 0.5828125 0.9390625 0.6046875 0.9375 0.609375 0.9453125 0.640625 0.940625 0.64375 0.9265625 0.646875 0.921875 0.6453125 0.9171875 0.6265625 0.9171875 0.6140625 0.909375 0.5859375 0.90625 0.559375 0.896875 0.525 0.896875 0.5125 0.8859375 0.4703125 0.8875 0.4640625 0.8734375 0.409375 0.8734375 0.396875 0.8671875 0.375 0.86875 0.3703125 0.8578125 0.328125 0.8609375 0.321875 0.875 0.3203125
3 0.9313471968749999 0.5040723671875 0.9182347265624999 0.44727602343750006 0.9079743984374999 0.44964480625 0.92108686875 0.5064411515625 0.9313471968749999 0.5040723671875
3 0.861765259375 0.40785564374999994 0.8461928406249999 0.3404040890625 0.8363602578125 0.3426741203125 0.8519326765624999 0.4101256734375 0.861765259375 0.40785564374999994
3 0.7999559734374999 0.42439324218749996 0.79060961875 0.3839097375 0.775510771875 0.38739558125 0.784857125 0.4278790859375 0.7999559734374999 0.42439324218749996
3 0.6170332703125 0.586209396875 0.6012921390625 0.518027065625 0.5884375656249999 0.5209947781250001 0.604178696875 0.5891771078125 0.6170332703125 0.586209396875
3 0.35324164375 0.5361496375 0.3405899609375 0.48134917968749996 0.32794648125000003 0.48426815625 0.3405981640625 0.539068615625 0.35324164375 0.5361496375
3 0.3570380015625 0.1916889109375 0.34396725625 0.1350732953125 0.3335458296875 0.1374792703125 0.346616575 0.1940948859375 0.3570380015625 0.1916889109375
3 0.218656084375 0.39567111875 0.21246630312499998 0.3688602265625 0.2018171171875 0.371318784375 0.2080069 0.398129678125 0.218656084375 0.39567111875
3 0.230315046875 0.9108615921875 0.21517983125 0.845303775 0.20324185468749997 0.8480598734375 0.21837706875000001 0.9136176921875 0.230315046875 0.9108615921875
3 0.11848460937500001 0.6786097234375 0.104534015625 0.6181830625 0.09372372968750001 0.6206788140625 0.10767432343750001 0.6811054750000001 0.11848460937500001 0.6786097234375
2 0.58742958125 0.8336874296874999 0.5357507046875 0.6098416234374999 0.4516349046875 0.6292612859375 0.5033137812499999 0.8531070921874999 0.58742958125 0.8336874296874999
2 0.575976221875 0.835673653125 0.534306934375 0.6188985296875 0.4632506671875 0.6338812328125 0.50550199375 0.84704661875 0.575976221875 0.835673653125
5 0.444441875 0.6684457578125 0.389354953125 0.68006609375 0.4145678140625 0.8008497875 0.469556515625 0.790410859375 0.444441875 0.6684457578125
1 0.6828125 0.71875 0.684375 0.7203125 0.6859375 0.71875 0.690625 0.7390625 0.68125 0.74375 0.6765625 0.74375 0.6734375 0.7375 0.671875 0.7234375 0.6734375 0.7203125 0.68125 0.71875
1 0.653125 0.7234375 0.6578125 0.725 0.6671875 0.721875 0.6703125 0.7328125 0.66875 0.7375 0.6703125 0.74375 0.659375 0.746875 0.6546875 0.7453125 0.6515625 0.7328125 0.653125 0.725
1 0.6546875 0.7640625 0.659375 0.784375 0.6515625 0.7875 0.64375 0.7875 0.6390625 0.765625 0.653125 0.7640625
1 0.4171875 0.5578125 0.4203125 0.565625 0.41875 0.5765625 0.4140625 0.575 0.409375 0.5765625 0.40625 0.5671875 0.40625 0.559375 0.415625 0.5578125
1 0.4109375 0.584375 0.421875 0.58125 0.425 0.59375 0.425 0.5984375 0.4140625 0.6 0.4109375 0.5859375
1 0.4171875 0.60625 0.41875 0.6078125 0.428125 0.60625 0.43125 0.6234375 0.4203125 0.625 0.4171875 0.6203125 0.415625 0.6078125