0 0.5671875 0.2484375 0.575 0.25 0.578125 0.26875 0.5578125 0.2703125 0.55625 0.2734375 0.5140625 0.278125 0.5109375 0.28125 0.4796875 0.284375 0.4671875 0.2890625 0.4359375 0.2921875 0.390625 0.3015625 0.3859375 0.2984375 0.384375 0.2890625 0.384375 0.28125 0.396875 0.2796875 0.4 0.2765625 0.44375 0.271875 0.45625 0.2671875 0.496875 0.2625 0.5 0.259375 0.5109375 0.259375 0.5671875 0.25
0 0.3484375 0.8890625 0.353125 0.8984375 0.353125 0.9046875 0.35 0.90625 0.290625 0.9140625 0.2875 0.9171875 0.234375 0.9234375 0.23125 0.9265625 0.2 0.9296875 0.196875 0.9328125 0.15625 0.9375 0.1453125 0.940625 0.140625 0.940625 0.1390625 0.934375 0.1390625 0.925 0.1421875 0.9234375 0.1859375 0.91875 0.1890625 0.915625 0.2078125 0.9140625 0.2203125 0.909375 0.2640625 0.9046875 0.26875 0.9015625 0.2734375 0.903125 0.2765625 0.9 0.2796875 0.9015625 0.2875 0.8984375 0.31875 0.8953125 0.328125 0.89375 0.33125 0.890625 0.346875 0.8890625
0 0.6125 0.115625 0.615625 0.1203125 0.6171875 0.1375 0.6078125 0.1390625 0.603125 0.1421875 0.5609375 0.146875 0.5484375 0.1515625 0.4953125 0.1578125 0.4921875 0.1609375 0.4609375 0.1640625 0.4484375 0.16875 0.39375 0.175 0.390625 0.178125 0.3703125 0.18125 0.3671875 0.178125 0.365625 0.165625 0.365625 0.15625 0.3703125 0.1546875 0.4125 0.15 0.425 0.1453125 0.4578125 0.1421875 0.4671875 0.140625 0.4703125 0.1375 0.5015625 0.134375 0.5078125 0.13125 0.521875 0.13125 0.525 0.128125 0.5796875 0.121875 0.584375 0.11875 0.6109375 0.115625
0 0.265625 0.4734375 0.2640625 0.4578125 0.2671875 0.4546875 0.2765625 0.45625 0.2890625 0.4515625 0.321875 0.4484375 0.325 0.4453125 0.3546875 0.4421875 0.3671875 0.4375 0.409375 0.4328125 0.421875 0.428125 0.4546875 0.425 0.4671875 0.4203125 0.4984375 0.4171875 0.5109375 0.4125 0.5453125 0.4078125 0.55625 0.4078125 0.559375 0.4234375 0.5546875 0.4265625 0.5234375 0.4296875 0.5109375 0.434375 0.46875 0.4390625 0.45625 0.44375 0.4125 0.4484375 0.4109375 0.4515625 0.3796875 0.4546875 0.3765625 0.4578125 0.3265625 0.4640625 0.3234375 0.4671875 0.2671875 0.4734375
0 0.6 0.1859375 0.603125 0.203125 0.596875 0.20625 0.5796875 0.2078125 0.575 0.2109375 0.53125 0.215625 0.51875 0.2203125 0.4765625 0.225 0.4640625 0.2296875 0.409375 0.2359375 0.40625 0.2390625 0.3875 0.240625 0.375 0.2453125 0.3671875 0.2421875 0.365625 0.225 0.3734375 0.225 0.3859375 0.2203125 0.4375 0.2140625 0.440625 0.2109375 0.4625 0.209375 0.465625 0.20625 0.5390625 0.196875 0.540625 0.19375 0.5984375 0.1859375
0 0.6984375 0.634375 0.7015625 0.6390625 0.703125 0.6546875 0.6953125 0.6578125 0.675 0.659375 0.6625 0.6640625 0.61875 0.66875 0.6171875 0.671875 0.5859375 0.675 0.5765625 0.6765625 0.5734375 0.6796875 0.5203125 0.6859375 0.5078125 0.690625 0.4640625 0.6953125 0.4515625 0.7 0.409375 0.7046875 0.4 0.7078125 0.3984375 0.70625 0.3953125 0.7078125 0.3921875 0.7015625 0.390625 0.6890625 0.3953125 0.6859375 0.4046875 0.6859375 0.40625 0.6828125 0.471875 0.675 0.475 0.671875 0.515625 0.6671875 0.528125 0.6625 0.5609375 0.659375 0.5703125 0.6578125 0.5734375 0.6546875 0.6046875 0.6515625 0.6171875 0.646875 0.6609375 0.6421875 0.6734375 0.6375 0.696875 0.634375
0 0.3375 0.33125 0.346875 0.3328125 0.35 0.340625 0.3484375 0.3484375 0.3421875 0.3484375 0.3375 0.3515625 0.30625 0.3546875 0.29375 0.359375 0.2828125 0.359375 0.2796875 0.3625 0.2609375 0.3625 0.2484375 0.3671875 0.1953125 0.3734375 0.1828125 0.378125 0.128125 0.384375 0.115625 0.3890625 0.109375 0.3890625 0.10625 0.3859375 0.1046875 0.375 0.10625 0.371875 0.1140625 0.371875 0.1171875 0.36875 0.1796875 0.3609375 0.1890625 0.359375 0.19375 0.35625 0.225 0.353125 0.2375 0.3484375 0.240625 0.35 0.2484375 0.346875 0.278125 0.34375 0.28125 0.340625 0.303125 0.3390625 0.3375 0.3328125
0 0.603125 0.9109375 0.6078125 0.93125 0.603125 0.934375 0.5375 0.94375 0.5359375 0.946875 0.4828125 0.953125 0.4703125 0.9578125 0.4265625 0.9625 0.41875 0.965625 0.415625 0.9640625 0.4125 0.9671875 0.403125 0.96875 0.3984375 0.96875 0.396875 0.965625 0.39375 0.946875 0.4015625 0.946875 0.4046875 0.94375 0.4140625 0.9421875 0.4453125 0.9390625 0.4484375 0.9359375 0.4875 0.93125 0.490625 0.928125 0.5015625 0.9296875 0.5140625 0.925 0.521875 0.9265625 0.525 0.9234375 0.5453125 0.921875 0.5578125 0.9171875 0.6015625 0.9109375
0 0.8640625 0.7109375 0.86875 0.715625 0.8703125 0.7328125 0.8578125 0.7375 0.8171875 0.7421875 0.8140625 0.7453125 0.759375 0.7515625 0.746875 0.75625 0.715625 0.759375 0.70625 0.7609375 0.703125 0.7640625 0.671875 0.7671875 0.659375 0.771875 0.6046875 0.778125 0.6 0.78125 0.559375 0.7875 0.5546875 0.7703125 0.5546875 0.7640625 0.5578125 0.7625 0.5671875 0.7625 0.5796875 0.7578125 0.6125 0.7546875 0.625 0.75 0.665625 0.7453125 0.66875 0.7421875 0.7125 0.7375 0.715625 0.734375 0.71875 0.7359375 0.725 0.7328125 0.7671875 0.728125 0.7796875 0.7234375 0.834375 0.7171875 0.846875 0.7125 0.8625 0.7109375
0 0.7734375 0.5625 0.7703125 0.5484375 0.778125 0.5453125 0.7890625 0.5453125 0.8125 0.5390625 0.84375 0.5359375 0.85625 0.53125 0.9109375 0.525 0.9234375 0.5203125 0.94375 0.51875 0.9515625 0.515625 0.95625 0.515625 0.959375 0.51875 0.9609375 0.5296875 0.95625 0.5328125 0.9359375 0.534375 0.9234375 0.5390625 0.8796875 0.54375 0.8671875 0.5484375 0.825 0.553125 0.8125 0.5578125 0.775 0.5625
0 0.53125 0.08125 0.534375 0.0890625 0.534375 0.0984375 0.5375 0.1 0.5328125 0.1046875 0.490625 0.109375 0.478125 0.1140625 0.4578125 0.115625 0.4546875 0.11875 0.4015625 0.125 0.3890625 0.1296875 0.346875 0.134375 0.334375 0.1390625 0.290625 0.14375 0.2859375 0.146875 0.246875 0.1515625 0.234375 0.15625 0.2125 0.159375 0.209375 0.1546875 0.2078125 0.14375 0.2078125 0.1375 0.2109375 0.134375 0.2421875 0.13125 0.2453125 0.128125 0.265625 0.1265625 0.278125 0.121875 0.33125 0.115625 0.34375 0.1109375 0.3765625 0.1078125 0.3890625 0.103125 0.453125 0.0953125 0.465625 0.090625 0.4875 0.0890625 0.4890625 0.0859375 0.5296875 0.08125
3 0.3430826296875 0.10918984375 0.40080567343749995 0.10107740000000001 0.3993401515625 0.0906496609375 0.34161710625 0.09876210625000001 0.3430826296875 0.10918984375
3 0.45778352031249997 0.1392344640625 0.526335625 0.12960009374999998 0.5249311999999999 0.11960708125 0.45637909375 0.12924145 0.45778352031249997 0.1392344640625
3 0.46524700937499996 0.2082171390625 0.5063910500000001 0.202434721875 0.5042344234375 0.18708951875 0.46309038124999996 0.19287193593750002 0.46524700937499996 0.2082171390625
3 0.379411690625 0.434699025 0.44870649843750005 0.424960275 0.446870428125 0.41189596406250006 0.377575621875 0.4216347140625 0.379411690625 0.434699025
3 0.5206508140625 0.6628153734375 0.5763454078125 0.654988009375 0.574539490625 0.6421382359375001 0.518844896875 0.6499656 0.5206508140625 0.6628153734375
3 0.8405547296875 0.533569175 0.898094096875 0.5254825453125 0.8966055640624999 0.5148910796874999 0.8390661968750001 0.5229777109375 0.8405547296875 0.533569175
3 0.6997451078125 0.736091984375 0.726993453125 0.7322624796875 0.7254723875 0.721439540625 0.6982240421875 0.7252690453125 0.6997451078125 0.736091984375
3 0.2147792515625 0.9111449796875 0.2814067234375 0.9017811 0.279701575 0.8896483390625001 0.213074103125 0.8990122203125 0.2147792515625 0.9111449796875
3 0.47152042187500004 0.9311699703125 0.5329330156250001 0.9225389937499999 0.5313889390625001 0.911552325 0.46997634687499995 0.9201833015625001 0.47152042187500004 0.9311699703125
2 0.169158578125 0.623448584375 0.39665669375 0.591475809375 0.38464210312499997 0.5059875578125 0.1571439875 0.537960334375 0.169158578125 0.623448584375
2 0.17403233125 0.6192338312500001 0.388180884375 0.5822872 0.37670415468749996 0.510581140625 0.1593942046875 0.549364765625 0.17403233125 0.6192338312500001
2 0.0516158921875 0.896434971875 0.05081728906250001 0.8965472078125 0.0539109953125 0.9185600656249999 0.05470959843749999 0.9184478296874999 0.0516158921875 0.896434971875
5 0.23978807500000002 0.6324953843750001 0.249748684375 0.6875727390625 0.371545459375 0.6678259671875 0.3626525890625 0.6122335390625 0.23978807500000002 0.6324953843750001
1 0.228125 0.40625 0.23125 0.4125 0.2296875 0.4203125 0.221875 0.4203125 0.21875 0.4234375 0.2078125 0.421875 0.20625 0.4109375 0.2078125 0.4078125 0.2265625 0.40625
1 0.23125 0.4234375 0.2328125 0.4328125 0.2359375 0.4375 0.23125 0.4421875 0.2140625 0.44375 0.2109375 0.4359375 0.2109375 0.428125 0.215625 0.428125 0.2203125 0.425 0.2296875 0.425
1 0.1984375 0.4515625 0.2015625 0.465625 0.1890625 0.46875 0.178125 0.46875 0.1765625 0.4546875 0.196875 0.4515625
1 0.475 0.5984375 0.478125 0.609375 0.4671875 0.6125 0.4609375 0.6125 0.4578125 0.6015625 0.4734375 0.5984375
1 0.4515625 0.603125 0.453125 0.6140625 0.446875 0.6140625 0.440625 0.6171875 0.4359375 0.615625 0.434375 0.6046875 0.45 0.603125
1 0.4265625 0.60625 0.4296875 0.6171875 0.4203125 0.6203125 0.4109375 0.6203125 0.409375 0.609375 0.425 0.60625