0 0.396875 0.2609375 0.3984375 0.2625 0.4671875 0.2625 0.46875 0.2640625 0.5828125 0.2671875 0.5828125 0.2859375 0.58125 0.2875 0.3890625 0.28125 0.3890625 0.2625 0.3953125 0.2609375
0 0.721875 0.8640625 0.7234375 0.865625 0.7703125 0.865625 0.771875 0.8671875 0.7828125 0.865625 0.8 0.86875 0.8015625 0.8671875 0.8359375 0.8671875 0.865625 0.8703125 0.9140625 0.8703125 0.915625 0.8859375 0.9125 0.8875 0.909375 0.8859375 0.821875 0.884375 0.8203125 0.8828125 0.703125 0.88125 0.7 0.8796875 0.7 0.8671875 0.703125 0.8640625 0.7203125 0.8640625
0 0.3328125 0.134375 0.4234375 0.1359375 0.425 0.1375 0.4390625 0.1359375 0.440625 0.1375 0.5828125 0.140625 0.584375 0.1421875 0.584375 0.1640625 0.5828125 0.165625 0.496875 0.1640625 0.4953125 0.1625 0.4578125 0.1625 0.45625 0.1609375 0.3984375 0.1609375 0.396875 0.159375 0.33125 0.1578125 0.3328125 0.1359375
0 0.478125 0.415625 0.4796875 0.4171875 0.484375 0.415625 0.4859375 0.4171875 0.5234375 0.4171875 0.525 0.41875 0.7078125 0.4234375 0.709375 0.425 0.7234375 0.4234375 0.7265625 0.425 0.7265625 0.440625 0.725 0.4421875 0.6671875 0.4421875 0.665625 0.440625 0.6140625 0.440625 0.6125 0.4390625 0.5796875 0.4390625 0.578125 0.4375 0.4328125 0.434375 0.4296875 0.4328125 0.4296875 0.4171875 0.43125 0.415625 0.4765625 0.415625
0 0.365625 0.2015625 0.3671875 0.203125 0.4921875 0.2046875 0.5203125 0.2078125 0.59375 0.209375 0.59375 0.2265625 0.590625 0.2296875 0.5546875 0.228125 0.553125 0.2265625 0.4890625 0.2265625 0.4875 0.225 0.35625 0.221875 0.3546875 0.2203125 0.35625 0.203125 0.3640625 0.2015625
0 0.3203125 0.6609375 0.5484375 0.6671875 0.55 0.66875 0.6171875 0.66875 0.6328125 0.671875 0.63125 0.690625 0.6265625 0.6921875 0.625 0.690625 0.5671875 0.690625 0.565625 0.6890625 0.5109375 0.6890625 0.509375 0.6875 0.45 0.6875 0.4484375 0.6859375 0.3203125 0.6828125 0.31875 0.68125 0.3203125 0.6625
0 0.784375 0.315625 0.7859375 0.3171875 0.8703125 0.31875 0.871875 0.3203125 0.8703125 0.3359375 0.725 0.3328125 0.7234375 0.33125 0.696875 0.3328125 0.6734375 0.3296875 0.6265625 0.328125 0.625 0.3203125 0.628125 0.3109375 0.7328125 0.3140625 0.734375 0.315625 0.7359375 0.3140625 0.7828125 0.315625
0 0.459375 0.9203125 0.4609375 0.921875 0.50625 0.921875 0.5359375 0.925 0.5375 0.9234375 0.5484375 0.925 0.56875 0.9234375 0.5703125 0.925 0.665625 0.928125 0.6640625 0.95 0.453125 0.94375 0.4515625 0.9421875 0.453125 0.940625 0.453125 0.921875 0.4578125 0.9203125
0 0.4640625 0.7671875 0.465625 0.76875 0.48125 0.76875 0.48125 0.790625 0.4796875 0.7921875 0.3734375 0.790625 0.371875 0.7890625 0.3328125 0.7890625 0.33125 0.7875 0.2203125 0.7859375 0.21875 0.784375 0.1640625 0.7828125 0.1640625 0.7640625 0.1671875 0.759375 0.4625 0.7671875
0 0.053125 0.578125 0.0546875 0.5796875 0.0890625 0.5796875 0.090625 0.58125 0.15625 0.58125 0.1578125 0.5828125 0.234375 0.584375 0.2375 0.5859375 0.2359375 0.6 0.0484375 0.5953125 0.046875 0.58125 0.0515625 0.578125
0 0.409375 0.0890625 0.4515625 0.0890625 0.4828125 0.0921875 0.5609375 0.0921875 0.5625 0.09375 0.6015625 0.09375 0.603125 0.0953125 0.66875 0.0953125 0.6703125 0.096875 0.7359375 0.0984375 0.7375 0.1 0.7359375 0.121875 0.553125 0.1171875 0.5515625 0.115625 0.4890625 0.115625 0.45625 0.1125 0.4109375 0.1125 0.40625 0.109375 0.409375 0.090625
3 0.601 0.0806242875 0.542709678125 0.0806242875 0.542709678125 0.0911545046875 0.601 0.0911545046875 0.601 0.0806242875
3 0.4915967734375 0.126778790625 0.42237096718749995 0.126778790625 0.42237096718749995 0.1368700109375 0.4915967734375 0.1368700109375 0.4915967734375 0.126778790625
3 0.4938064515625 0.190724059375 0.45225806406249996 0.190724059375 0.45225806406249996 0.20622006874999999 0.4938064515625 0.20622006874999999 0.4938064515625 0.190724059375
3 0.6103266125 0.40535917968749996 0.54035080625 0.40535917968749996 0.54035080625 0.41855188125 0.6103266125 0.41855188125 0.6103266125 0.40535917968749996
3 0.5022096781250001 0.6511288484375 0.4459677421875 0.6511288484375 0.4459677421875 0.6641049031249999 0.5022096781250001 0.6641049031249999 0.5022096781250001 0.6511288484375
3 0.1674314515625 0.5699429874999999 0.1093266125 0.5699429874999999 0.1093266125 0.5806385406250001 0.1674314515625 0.5806385406250001 0.1674314515625 0.5699429874999999
3 0.33505645156249997 0.7506641968750001 0.307540321875 0.7506641968750001 0.307540321875 0.7615935 0.33505645156249997 0.7615935 0.33505645156249997 0.7506641968750001
3 0.839665321875 0.85519669375 0.7723830640625 0.85519669375 0.7723830640625 0.8674486890625 0.839665321875 0.8674486890625 0.839665321875 0.85519669375
3 0.5882096781249999 0.911915621875 0.5261935484375 0.911915621875 0.5261935484375 0.9230102625000001 0.5882096781249999 0.9230102625000001 0.5882096781249999 0.911915621875
2 0.84480241875 0.489874571875 0.6150685484375 0.489874571875 0.6150685484375 0.5762029640625 0.84480241875 0.5762029640625 0.84480241875 0.489874571875
2 0.844161290625 0.5014811859375 0.6235685484375 0.4933187 0.6221830640625 0.5659241734375 0.839389515625 0.572707525 0.844161290625 0.5014811859375
2 1 0.8301738875 0.9991935484375001 0.8301738875 0.9991935484375001 0.8524030781249999 1 0.8524030781249999 1 0.8301738875
5 0.6516306453125 0.592026225 0.650561290625 0.6483152796875 0.7739209671875 0.6509190421875 0.7761193546875 0.5949914484375001 0.6516306453125 0.592026225
1 0.7546875 0.36875 0.775 0.36875 0.7765625 0.3703125 0.7765625 0.3828125 0.7734375 0.384375 0.7546875 0.3828125 0.753125 0.38125 0.7546875 0.3703125
1 0.753125 0.3875 0.775 0.3890625 0.7734375 0.4046875 0.753125 0.403125 0.7515625 0.4015625 0.753125 0.3890625
1 0.790625 0.409375 0.8125 0.409375 0.8125 0.425 0.7890625 0.425 0.790625 0.4109375
1 0.5359375 0.60625 0.5375 0.59375 0.5546875 0.5953125 0.553125 0.60625 0.5375 0.60625
1 0.5609375 0.5953125 0.578125 0.5953125 0.578125 0.60625 0.5734375 0.6078125 0.5609375 0.60625 0.5609375 0.596875
1 0.5859375 0.5953125 0.603125 0.5953125 0.6015625 0.6078125 0.5921875 0.60625 0.5859375 0.6078125 0.584375 0.60625 0.5859375 0.596875