0 0.781248165625 0.54577825 0.7826962796875 0.5483631328125 0.7968713359375 0.5498529921875 0.7983425296875 0.5467640453125 0.8143589875 0.394377625 0.8144663609375 0.3879017609375 0.799724303125 0.3863523078125 0.7976861093750001 0.389381659375 0.781248165625 0.54577825
0 0.8126201359375 0.8418082281249999 0.827279825 0.7241476390625 0.8372349031249999 0.6076143625 0.8192594281250001 0.6041032765625001 0.8177882343749999 0.6071922234375 0.7933420609375 0.8397820203125 0.8003759031250001 0.84376488125 0.8126201359375 0.8418082281249999
0 0.8521735640625 1 0.863802903125 0.8893542296874999 0.8665069125 0.864401796875 0.8691136234375 0.8388261015625 0.8815896015625 0.7201251 0.8652308328125 0.71759483125 0.8632769343750001 0.7198221499999999 0.8338290562499999 1 0.8521735640625 1
0 0.458944096875 0.6124535546875001 0.4609822921875 0.609424203125 0.49396555624999994 0.2901551609375 0.47346917812499995 0.2888117984375 0.44721462343749996 0.5276986781249999 0.43968909843750004 0.604753515625 0.44136702968749997 0.6106061296874999 0.458944096875 0.6124535546875001
0 0.41647183906249996 0.17659405156250002 0.4001130703125 0.17406378125 0.3975921703125 0.17623150781250002 0.36983533125 0.445774453125 0.37136774375 0.447557303125 0.3885464046875 0.447741065625 0.41647183906249996 0.17659405156250002
0 0.2513510875 0.6676695578125 0.259627271875 0.60528970625 0.26930637968750004 0.4968363625 0.26899226718749997 0.494370665625 0.25124660468750004 0.49412730937499993 0.2340881296875 0.6682878296875 0.249964190625 0.6699564703124999 0.2513510875 0.6676695578125
0 0.04438310625 0.449680053125 0.0455783296875 0.4546710390625 0.064289403125 0.45663765156249997 0.0670631953125 0.4520638265625 0.0802087015625 0.310128109375 0.098758921875 0.1504991234375 0.096345396875 0.1461909828125 0.078768328125 0.144343559375 0.0758259421875 0.15052145156250002 0.04438310625 0.449680053125
0 0.225806825 0.5725428578125 0.2535175078125 0.31434757343749997 0.25036838437500003 0.31158390625 0.1614333328125 0.3014255609375 0.13388003906249998 0.30177316875 0.11091307343750001 0.5093807296875 0.10721906249999999 0.5608896750000001 0.225806825 0.5725428578125
1 0.6277178250000001 0.2393415890625 0.6113590578125 0.23681131875 0.6071291359375001 0.26069355 0.6251889109375 0.2634026015625 0.6277178250000001 0.2393415890625
1 0.6237789375 0.2713633453125 0.6073358718749999 0.269635109375 0.603672953125 0.293576934375 0.621081428125 0.2970284265625 0.623119621875 0.293999075 0.6253113484374999 0.2731461953125 0.6237789375 0.2713633453125
1 0.60050171875 0.23648106093750001 0.5834916515625 0.23469323125 0.5803957343749999 0.25869464999999997 0.59788850625 0.2613441078125 0.60050171875 0.23648106093750001
1 0.5971298328125 0.2685624109375 0.5788171671875 0.2682594609375 0.5770238484375 0.29077600000000003 0.5950836234375 0.293485053125 0.5971298328125 0.2685624109375
1 0.5385712140625001 0.5202718734375 0.522695153125 0.5186032328125 0.5213845390625 0.5419814015625 0.5362108937500001 0.5427288203125 0.5385712140625001 0.5202718734375
1 0.5348009203124999 0.5506895625 0.521277165625 0.548457265625 0.5186719671875 0.5514270234375 0.5176142453125 0.572399090625 0.5329233046875 0.5740081375 0.5361647390625001 0.55407648125 0.5348009203124999 0.5506895625
1 0.5000993609375 0.515417425 0.4966050359375 0.5377551828125 0.5123968015625 0.5402258578125 0.515638234375 0.5202942015625001 0.5142744171875 0.516907284375 0.5000993609375 0.515417425
1 0.493317446875 0.5690345 0.5084579140625001 0.572247615625 0.51331605625 0.553296775 0.512036534375 0.5491078234375 0.49681177187500003 0.5466967421875 0.493317446875 0.5690345
3 0.8139335890625 0.50115600625 0.820831625 0.43552558125 0.8087147874999999 0.43425205 0.8018167515625001 0.499882475 0.8139335890625 0.50115600625
3 0.8322284296875001 0.7618512921875 0.8400975687500001 0.6869814375 0.8276518703125 0.6856733421875 0.8197827312499999 0.7605431953124999 0.8322284296875001 0.7618512921875
3 0.8771037187499999 0.8873261765624999 0.882427084375 0.8366777421875 0.868864390625 0.8352522453125 0.8635410265625 0.8859006796875001 0.8771037187499999 0.8873261765624999
3 0.09288643125 0.328383946875 0.0983185390625 0.2767008890625 0.08459708593750001 0.27525870625 0.0791649765625 0.3269417640625 0.09288643125 0.328383946875
0 0.160386690625 0 0.138381384375 0.2093665046875 0.213168978125 0.2172269984375 0.23545545781250002 0.00518530625 0.1861205609375 0 0.160386690625 0
0 0.6734432015625 0.922253384375 0.713240728125 0.5436052124999999 0.6426489515625 0.5361857171875 0.602851425 0.9148338890625001 0.6734432015625 0.922253384375