0 0.5161290328125 0.2155074109375 0.5185483875 0.21379703593750002 0.5185483875 0.1995439 0.51532258125 0.1984036484375 0.3620967734375 0.1984036484375 0.3556451609375 0.198973775 0.3556451609375 0.21379703593750002 0.3588709671875 0.2155074109375 0.5161290328125 0.2155074109375
0 0.8104838703125001 0.16533637343750002 0.8072580640625 0.153363740625 0.6887096781250001 0.1510832390625 0.5717741937499999 0.153363740625 0.570161290625 0.171607753125 0.573387096875 0.1727480046875 0.8072580640625 0.1727480046875 0.8104838703125001 0.16533637343750002
0 0.966935484375 0.0986316984375 0.9645161296874999 0.09749144843749999 0.8491935484375001 0.09749144843749999 0.8240951609374999 0.097410490625 0.798387096875 0.09749144843749999 0.6790322578125 0.09749144843749999 0.6782258062500001 0.1140250859375 0.6806451609375 0.1157354625 0.966935484375 0.1157354625 0.966935484375 0.0986316984375
0 0.6161290328125 0.5467502843750001 0.6161290328125 0.5290763968750001 0.6129032265625 0.5273660203125 0.291935484375 0.5279361453125 0.2927419359375 0.5484606609375 0.533064515625 0.5496009125 0.6104838703125 0.5490307875 0.6161290328125 0.5467502843750001
0 0.46129032187499996 0.63340935 0.45967741875 0.6163055875000001 0.1870967734375 0.6168757125 0.186290321875 0.63340935 0.188709678125 0.6356898515625 0.45967741875 0.6351197265625 0.46129032187499996 0.63340935
0 0.695161290625 0.7309007984375 0.6927419359375 0.7297605468749999 0.629838709375 0.7280501703125 0.5209677421875 0.7297605468749999 0.5185483875 0.7303306734375 0.520161290625 0.7480045609375 0.695161290625 0.746864309375 0.695161290625 0.7309007984375
0 0.5024193546875 0.9566704671874999 0.5024193546875 0.9378563281250001 0.4975806453125 0.9355758265624999 0.3550483875 0.9373386546875 0.1943548390625 0.9355758265624999 0.19032258124999998 0.9384264531250001 0.19032258124999998 0.9561003421875001 0.19677419375 0.95838084375 0.4975806453125 0.95838084375 0.5024193546875 0.9566704671874999
0 0.601612903125 0.8842645375 0.6008064515625 0.7651083234375 0.3411290328125 0.7645381984374999 0.33870967812499997 0.7679589515624999 0.3379032265625 0.8574686437500001 0.3411290328125 0.8848346640625 0.55 0.8859749140625001 0.601612903125 0.8842645375
1 0.2274193546875 0.40022805000000006 0.22661290312500001 0.41676168750000003 0.25080645156250003 0.4184720640625 0.251612903125 0.40022805000000006 0.2274193546875 0.40022805000000006
1 0.2822580640625 0.3990878 0.261290321875 0.3990878 0.25967741875 0.400798175 0.25967741875 0.41733181249999995 0.2838709671875 0.4184720640625 0.2854838703125 0.400798175 0.2822580640625 0.3990878
1 0.2274193546875 0.4275940703125 0.2274193546875 0.44469783281249997 0.251612903125 0.445267959375 0.2524193546875 0.4275940703125 0.2274193546875 0.4275940703125
1 0.25967741875 0.4275940703125 0.261290321875 0.44583808437499994 0.2838709671875 0.445267959375 0.28467741874999997 0.4270239453125 0.25967741875 0.4275940703125
1 0.5161290328125 0.4595210953125 0.5161290328125 0.47548460625000005 0.5395161296875 0.47434435625000004 0.538709678125 0.4595210953125 0.5161290328125 0.4595210953125
1 0.570161290625 0.4595210953125 0.55 0.45838084375 0.5467741937499999 0.46009122031249994 0.5459677421875 0.4737742296875 0.5491935484375 0.4760547328125 0.570161290625 0.47491448125 0.570161290625 0.4595210953125
1 0.538709678125 0.4834663625 0.5185483875 0.4823261125 0.51532258125 0.48403648749999995 0.51532258125 0.49828962343749994 0.5379032265625 0.49942987499999997 0.538709678125 0.4834663625
1 0.551612903125 0.48118586093750004 0.5475806453125001 0.4828962375 0.5467741937499999 0.49828962343749994 0.5693548390625 0.49942987499999997 0.5709677421875 0.48403648749999995 0.551612903125 0.48118586093750004
3 0.468334678125 0.1876653359375 0.4023427421875 0.1876653359375 0.4023427421875 0.1998489171875 0.468334678125 0.1998489171875 0.468334678125 0.1876653359375
3 0.725689515625 0.1422206390625 0.6504072578125 0.1422206390625 0.6504072578125 0.1547348921875 0.725689515625 0.1547348921875 0.725689515625 0.1422206390625
3 0.845786290625 0.08447548437499999 0.7948588703125 0.08447548437499999 0.7948588703125 0.098112884375 0.845786290625 0.098112884375 0.845786290625 0.08447548437499999
3 0.3718790328125 0.9228221203125001 0.319911290625 0.9228221203125001 0.319911290625 0.9366191562499999 0.3718790328125 0.9366191562499999 0.3718790328125 0.9228221203125001
0 0.2487580640625 0.814817559375 0.0355483875 0.814817559375 0.0355483875 0.890017103125 0.2487580640625 0.890017103125 0.2487580640625 0.814817559375
0 0.9018104843750001 0.28336944062499997 0.5210766125 0.28336944062499997 0.5210766125 0.35435005625 0.9018104843750001 0.35435005625 0.9018104843750001 0.28336944062499997