0 0.2179957296875 0.4591371796875 0.21650272343750002 0.45657796250000005 0.202303825 0.45533572031249997 0.2008867640625 0.45844987187499997 0.18753225625 0.611092609375 0.1875379171875 0.6175693609375 0.202304771875 0.61886129375 0.2042897859375 0.6157968312500001 0.2179957296875 0.4591371796875
0 0.1814621015625 0.1636998046875 0.1688581046875 0.2815983203125 0.1609383296875 0.3982875875 0.17897234374999998 0.4014844234375 0.1803894046875 0.398370271875 0.20077260156249999 0.16538925468750001 0.193670321875 0.1615297578125 0.1814621015625 0.1636998046875
0 0.14077341875 0 0.1395083640625 0.0021705624999999997 0.1294573375 0.11705430624999999 0.1271892203125 0.14205013125 0.12502926406249998 0.167667425 0.1146268046875 0.2865680828125 0.1310272390625 0.2888124671875 0.13294196875 0.2865513875 0.1578938140625 0.0013504843750000001 0.1424577 0 0.14077341875 0
0 0.5390870640625 0.3868470484375 0.5371020484375 0.38991150937499996 0.5096958218750001 0.7097075625 0.5302125234374999 0.710693009375 0.552293928125 0.47138430937500003 0.5584735140625 0.39420986875 0.556693696875 0.3883874296875 0.5390870640625 0.3868470484375
0 0.5891596515625 0.821898925 0.6055600875 0.824143309375 0.608042771875 0.82193191875 0.6310912109375 0.5519456015624999 0.629527915625 0.5501897671875 0.612348665625 0.5503058421875 0.5891596515625 0.821898925
0 0.7456848046875 0.32801645625 0.738498559375 0.3905312484375 0.7307136984375 0.499136996875 0.7310707937500001 0.5015968359375 0.7488180015625 0.5015304515625 0.76293434375 0.327097 0.747031578125 0.3257056875 0.7456848046875 0.32801645625
0 0.9564257062499999 0.542360671875 0.955143559375 0.5373913046875 0.9364010125 0.5357515453125 0.93370746875 0.5403730828125 0.9230410843750001 0.6825166031250001 0.9072795984375001 0.8424450234374999 0.9097679421875 0.8467103859374999 0.9273745765625 0.8482507671875 0.9302086953125001 0.8420224640624999 0.9564257062499999 0.542360671875
0 0.7728853671875 0.42268286093749996 0.7496850328125 0.6813224390625 0.752881909375 0.6840307250000001 0.8419807031250001 0.6926353921875 0.869523734375 0.691806965625 0.88886395 0.4838301953125 0.8916584421874999 0.4322646265625 0.7728853671875 0.42268286093749996
1 0.37685074375 0.7628476953125001 0.3932511796875 0.7650920796875 0.39706365312499997 0.7411396640625 0.37895935000000003 0.7387462109375 0.37685074375 0.7628476953125001
1 0.380230175 0.730762071875 0.396700896875 0.7322030734375 0.399945415625 0.70820096875 0.3824793546875 0.705053821875 0.380494340625 0.708118284375 0.3786668828125 0.7290062374999999 0.380230175 0.730762071875
1 0.40411262812500004 0.7652328015625 0.42115130624999997 0.7667234921875 0.42382786875 0.742671696875 0.40629152187499995 0.740327934375 0.40411262812500004 0.7652328015625
1 0.406924103125 0.7330974890624999 0.42523926718749994 0.73308079375 0.4266393453125 0.710536384375 0.4085350421875 0.70814293125 0.406924103125 0.7330974890624999
1 0.46108086718749997 0.4804043734375 0.4769836328125 0.4817956859375 0.47788604062499995 0.4583982046875 0.4630489 0.4579096546875 0.46108086718749997 0.4804043734375
1 0.464319725 0.4499255171875 0.47788037968749997 0.45192145312500004 0.4804333515625 0.4489066796875 0.4811248984375 0.427919346875 0.4657900890625 0.426577725 0.46289700468749995 0.4465629171875 0.464319725 0.4499255171875
1 0.4996315828125 0.48458665625 0.502735528125 0.46219131718749995 0.4869030484375 0.45999662187499996 0.484009965625 0.47998181406249996 0.485432684375 0.48334441406249995 0.4996315828125 0.48458665625
1 0.5054767171875 0.43085938749999997 0.49028247968749994 0.42791100000000004 0.485755815625 0.4469437390625 0.4871082484375 0.451109721875 0.502372771875 0.45325472656250004 0.5054767171875 0.43085938749999997
3 0.1860940484375 0.5043230656250001 0.1803424734375 0.5700638828125 0.1924796921875 0.5711257515625 0.19823126875 0.5053849359375 0.1860940484375 0.5043230656250001
3 0.163252234375 0.243986775 0.156690953125 0.3189825609375 0.16915758593750002 0.32007325 0.17571886718750002 0.24507746406250003 0.163252234375 0.243986775
3 0.11619394218750001 0.11931418281249999 0.111755325 0.170047809375 0.1253408296875 0.17123638593749999 0.129779446875 0.12050276093750001 0.11619394218750001 0.11931418281249999
3 0.9100466765625 0.6644848046875 0.9055173890624999 0.71625479375 0.9192619234375 0.717457284375 0.9237912109374999 0.6656872953125 0.9100466765625 0.6644848046875
0 0.79172240625 0.7777240421875 0.7731399578125 0.9901223921875 0.8480533453125 0.9966764640625 0.8666357921875001 0.7842781140625 0.79172240625 0.7777240421875
0 0.3192138765625 0.080837928125 0.2860307328125 0.46012299375000004 0.3567412453125 0.46630936093750003 0.38992438906250004 0.08702429687499999 0.3192138765625 0.080837928125