2 0.1921875 0.2328125 0.19375 0.246875 0.1984375 0.2546875 0.196875 0.2609375 0.2 0.2765625 0.203125 0.278125 0.203125 0.290625 0.2078125 0.2953125 0.2046875 0.2984375 0.209375 0.30625 0.2109375 0.3265625 0.2140625 0.3296875 0.2140625 0.3421875 0.2171875 0.34375 0.215625 0.3515625 0.2 0.35625 0.1859375 0.3546875 0.1828125 0.359375 0.178125 0.3578125 0.16875 0.3625 0.1640625 0.3609375 0.15625 0.3625 0.1484375 0.3671875 0.134375 0.3671875 0.1328125 0.3703125 0.1234375 0.3671875 0.1234375 0.359375 0.1171875 0.3390625 0.1109375 0.3015625 0.10625 0.2921875 0.10625 0.28125 0.103125 0.278125 0.1046875 0.2734375 0.1 0.2515625 0.10625 0.246875 0.1125 0.2484375 0.11875 0.24375 0.1265625 0.2453125 0.1578125 0.2375 0.1640625 0.2390625 0.1734375 0.234375 0.1765625 0.234375 0.178125 0.240625 0.18125 0.234375 0.1875 0.23125 0.190625 0.2328125
5 0.73125 0.834375 0.190625 0.1078125
0 0.2171875 0.659375 0.2828125 0.646875 0.3125 0.6390625 0.31875 0.640625 0.3265625 0.6390625 0.3296875 0.6359375 0.334375 0.6375 0.35 0.63125 0.35625 0.6328125 0.3765625 0.628125 0.378125 0.634375 0.378125 0.6421875 0.365625 0.6453125 0.3 0.6578125 0.29375 0.6609375 0.2703125 0.6640625 0.2546875 0.6703125 0.246875 0.671875 0.2421875 0.6703125 0.1671875 0.6875 0.1453125 0.690625 0.09375 0.703125 0.0890625 0.7015625 0.0875 0.6890625 0.0984375 0.6875 0.1140625 0.68125 0.203125 0.6625 0.209375 0.6640625 0.2171875 0.6609375
0 0.6984375 0.425 0.8875 0.384375 0.8953125 0.384375 0.8984375 0.4 0.8953125 0.40625 0.8890625 0.4078125 0.7046875 0.446875 0.7015625 0.4421875 0.6984375 0.4265625
0 0.43125 0.5484375 0.4359375 0.5609375 0.43125 0.565625 0.2640625 0.6 0.25625 0.6046875 0.25 0.603125 0.1453125 0.6265625 0.1375 0.6265625 0.134375 0.6125 0.253125 0.5875 0.2625 0.5828125 0.26875 0.584375 0.3203125 0.571875 0.4296875 0.55
0 0.659375 0.6609375 0.6625 0.671875 0.6609375 0.678125 0.375 0.7390625 0.371875 0.7359375 0.36875 0.725 0.3734375 0.7203125 0.6578125 0.6609375
0 0.6359375 0.1828125 0.6390625 0.1984375 0.634375 0.2 0.6203125 0.2015625 0.6125 0.20625 0.575 0.2140625 0.56875 0.2125 0.5609375 0.2171875 0.5171875 0.225 0.465625 0.2375 0.4375 0.240625 0.425 0.2453125 0.421875 0.24375 0.41875 0.246875 0.415625 0.2453125 0.4140625 0.246875 0.4109375 0.24375 0.409375 0.23125 0.4125 0.2296875 0.4921875 0.2140625 0.5015625 0.209375 0.5296875 0.203125 0.5328125 0.2046875 0.5453125 0.2 0.5515625 0.2015625 0.634375 0.1828125
0 0.440625 0.4296875 0.44375 0.4390625 0.4421875 0.446875 0.2515625 0.4859375 0.24375 0.4890625 0.240625 0.4875 0.2375 0.475 0.2421875 0.471875 0.4390625 0.43125
0 0.1109375 0.5921875 0.1078125 0.5796875 0.1109375 0.575 0.2125 0.5546875 0.228125 0.5484375 0.234375 0.55 0.346875 0.525 0.3484375 0.525 0.3515625 0.5390625 0.3515625 0.5421875 0.346875 0.54375 0.1125 0.5921875
2 0.190625 0.23125 0.2046875 0.2984375 0.209375 0.30625 0.2109375 0.3140625 0.209375 0.3203125 0.2125 0.328125 0.215625 0.35 0.1328125 0.36875 0.1234375 0.3671875 0.1 0.25 0.128125 0.2421875 0.1484375 0.240625 0.15625 0.2375 0.1640625 0.2375 0.1671875 0.234375 0.178125 0.234375 0.1890625 0.23125
1 0.8984375 0.6359375 0.9015625 0.6515625 0.878125 0.65625 0.8765625 0.640625 0.896875 0.6375
1 0.8421875 0.6484375 0.8640625 0.64375 0.8671875 0.6578125 0.8625 0.6609375 0.8453125 0.6640625 0.8421875 0.65
1 0.86875 0.6703125 0.871875 0.6859375 0.865625 0.6890625 0.859375 0.6875 0.85 0.6890625 0.8484375 0.675 0.8671875 0.6703125
1 0.834375 0.678125 0.8375 0.6921875 0.821875 0.696875 0.815625 0.696875 0.8125 0.6828125 0.8328125 0.678125