2 0.81875 0.16875 0.8234375 0.171875 0.8328125 0.1703125 0.8390625 0.1734375 0.8390625 0.1953125 0.840625 0.196875 0.8390625 0.2015625 0.840625 0.209375 0.8390625 0.2609375 0.840625 0.2625 0.8375 0.2828125 0.8390625 0.2921875 0.834375 0.2953125 0.8296875 0.29375 0.821875 0.2953125 0.784375 0.29375 0.7796875 0.2953125 0.7765625 0.2921875 0.771875 0.2921875 0.7671875 0.2953125 0.75625 0.29375 0.746875 0.2953125 0.74375 0.290625 0.7453125 0.2859375 0.74375 0.278125 0.7453125 0.240625 0.7421875 0.2375 0.7453125 0.2328125 0.74375 0.225 0.7453125 0.1734375 0.7515625 0.171875 0.75625 0.1734375 0.759375 0.178125 0.7609375 0.1765625 0.759375 0.171875 0.7734375 0.1734375 0.775 0.171875 0.8140625 0.171875 0.8171875 0.1703125
5 0.43125 0.840625 0.4328125 0.8421875 0.4328125 0.8796875 0.43125 0.88125 0.4328125 0.9078125 0.43125 0.909375 0.25625 0.909375 0.2546875 0.9078125 0.2546875 0.8421875 0.25625 0.840625 0.4296875 0.840625
0 0.703125 0.596875 0.7046875 0.5984375 0.709375 0.596875 0.809375 0.596875 0.8109375 0.5984375 0.9234375 0.596875 0.925 0.5984375 0.9421875 0.5984375 0.9421875 0.6125 0.7859375 0.6125 0.784375 0.6140625 0.646875 0.6125 0.646875 0.5984375 0.6671875 0.5984375 0.66875 0.596875 0.7015625 0.5984375
0 0.0890625 0.4671875 0.2890625 0.4671875 0.2890625 0.4875 0.2875 0.4890625 0.090625 0.4890625 0.0890625 0.4875 0.0890625 0.46875
0 0.753125 0.53125 0.7546875 0.5328125 0.8796875 0.5328125 0.8796875 0.5484375 0.7609375 0.5484375 0.759375 0.55 0.75625 0.5484375 0.5765625 0.5484375 0.575 0.546875 0.5765625 0.5328125 0.7453125 0.5328125 0.7515625 0.53125
0 0.3765625 0.6890625 0.671875 0.6890625 0.6734375 0.690625 0.671875 0.70625 0.3765625 0.70625 0.3765625 0.690625
0 0.3 0.2171875 0.4390625 0.215625 0.440625 0.2171875 0.53125 0.2171875 0.5328125 0.2203125 0.5328125 0.2296875 0.53125 0.2328125 0.5265625 0.234375 0.5234375 0.2328125 0.51875 0.234375 0.5171875 0.2328125 0.5015625 0.234375 0.375 0.234375 0.3734375 0.2328125 0.3703125 0.234375 0.3234375 0.234375 0.321875 0.2328125 0.3 0.2328125 0.3 0.21875
0 0.5421875 0.41875 0.7484375 0.41875 0.75 0.4203125 0.7484375 0.434375 0.5421875 0.434375 0.5421875 0.4203125
0 0.7828125 0.490625 0.784375 0.4921875 0.896875 0.4921875 0.8984375 0.5078125 0.896875 0.509375 0.653125 0.509375 0.653125 0.4921875 0.771875 0.4921875 0.7734375 0.490625 0.78125 0.4921875
2 0.76875 0.1703125 0.7703125 0.171875 0.7796875 0.1703125 0.78125 0.171875 0.79375 0.1703125 0.8359375 0.1703125 0.8390625 0.171875 0.8375 0.18125 0.8390625 0.1859375 0.8390625 0.2921875 0.8375 0.29375 0.746875 0.29375 0.7453125 0.2921875 0.7453125 0.2609375 0.74375 0.259375 0.7453125 0.171875 0.7671875 0.1703125
1 0.1375 0.715625 0.1609375 0.715625 0.1609375 0.73125 0.1375 0.73125 0.1375 0.7171875
1 0.1734375 0.715625 0.1953125 0.715625 0.1953125 0.73125 0.1734375 0.73125 0.1734375 0.7171875
1 0.1734375 0.7421875 0.1953125 0.7421875 0.1953125 0.7578125 0.184375 0.759375 0.1734375 0.7578125 0.1734375 0.74375
1 0.209375 0.7421875 0.23125 0.7421875 0.23125 0.7578125 0.209375 0.7578125 0.2078125 0.7546875 0.209375 0.74375