2 0.83125 0.7109375 0.8328125 0.7125 0.840625 0.7109375 0.853125 0.7125 0.8515625 0.7234375 0.8484375 0.725 0.85 0.7265625 0.8546875 0.725 0.853125 0.7359375 0.85625 0.740625 0.859375 0.778125 0.8640625 0.7828125 0.8609375 0.7875 0.8609375 0.7921875 0.8640625 0.796875 0.8625 0.8015625 0.859375 0.8046875 0.846875 0.8046875 0.8375 0.8078125 0.83125 0.80625 0.825 0.809375 0.8171875 0.8078125 0.75625 0.815625 0.753125 0.8140625 0.7421875 0.815625 0.7390625 0.8125 0.740625 0.803125 0.7375 0.7984375 0.7375 0.7765625 0.734375 0.771875 0.7359375 0.7625 0.7328125 0.7578125 0.7359375 0.7546875 0.7359375 0.75 0.73125 0.7421875 0.7328125 0.7328125 0.7296875 0.725 0.7375 0.7203125 0.7390625 0.721875 0.7453125 0.721875 0.7515625 0.71875 0.7609375 0.7203125 0.7671875 0.7171875 0.784375 0.7171875 0.7875 0.7140625 0.7953125 0.7171875 0.8 0.7140625 0.80625 0.715625 0.825 0.7140625 0.8296875 0.7109375
5 0.134375 0.2921875 0.1375 0.296875 0.1546875 0.46875 0.125 0.4734375 0.1109375 0.471875 0.0953125 0.4765625 0.0859375 0.475 0.06875 0.3 0.1328125 0.2921875
0 0.4046875 0.6578125 0.41875 0.6578125 0.41875 0.66875 0.4234375 0.684375 0.421875 0.6984375 0.425 0.703125 0.4234375 0.7109375 0.428125 0.7296875 0.4328125 0.7875 0.4359375 0.803125 0.4359375 0.8296875 0.4390625 0.8328125 0.4390625 0.846875 0.4484375 0.921875 0.446875 0.934375 0.4484375 0.9515625 0.434375 0.9515625 0.4203125 0.8046875 0.415625 0.7890625 0.4171875 0.775 0.4125 0.746875 0.4046875 0.659375
0 0.4890625 0.18828125 0.0453125 0.2015625
0 0.475 0.5796875 0.478125 0.5921875 0.478125 0.60625 0.5078125 0.875 0.5078125 0.88125 0.5046875 0.8828125 0.4921875 0.8828125 0.48125 0.771875 0.478125 0.7640625 0.4796875 0.7578125 0.4609375 0.5921875 0.4609375 0.58125 0.4734375 0.5796875
0 0.2828125 0.4 0.3 0.3984375 0.31875 0.584375 0.321875 0.6 0.321875 0.6140625 0.325 0.6296875 0.325 0.64375 0.328125 0.659375 0.328125 0.6734375 0.33125 0.6890625 0.3296875 0.69375 0.3140625 0.69375 0.3125 0.6890625 0.2828125 0.4015625
0 0.7609375 0.271875 0.76875 0.3515625 0.7703125 0.3625 0.7734375 0.3671875 0.771875 0.3765625 0.775 0.3828125 0.7765625 0.425 0.7859375 0.5015625 0.78125 0.5046875 0.771875 0.5046875 0.7671875 0.4984375 0.76875 0.4875 0.7671875 0.4765625 0.7640625 0.471875 0.7640625 0.4578125 0.7515625 0.353125 0.753125 0.3453125 0.75 0.3375 0.746875 0.3078125 0.7484375 0.2953125 0.7453125 0.2734375 0.759375 0.271875
0 0.5703125 0.5359375 0.5859375 0.534375 0.5875 0.5421875 0.6046875 0.71875 0.6078125 0.734375 0.6078125 0.7390625 0.603125 0.7421875 0.59375 0.7421875 0.590625 0.734375 0.5703125 0.5375
0 0.5234375 0.6515625 0.5265625 0.6640625 0.5359375 0.7671875 0.5390625 0.771875 0.5375 0.7796875 0.55 0.8953125 0.534375 0.8984375 0.53125 0.8875 0.53125 0.8734375 0.5078125 0.6640625 0.509375 0.653125 0.521875 0.653125
2 0.853125 0.7109375 0.853125 0.7203125 0.85625 0.7296875 0.8546875 0.7359375 0.8578125 0.74375 0.85625 0.75 0.859375 0.7578125 0.8625 0.78125 0.8640625 0.796875 0.8625 0.803125 0.859375 0.8046875 0.85 0.803125 0.8453125 0.80625 0.83125 0.80625 0.75625 0.815625 0.740625 0.8140625 0.73125 0.725 0.7375 0.721875 0.7640625 0.7203125 0.7671875 0.7171875 0.7953125 0.7171875 0.8515625 0.7109375
1 0.2328125 0.1640625 0.2484375 0.1625 0.2515625 0.1859375 0.2453125 0.1875 0.234375 0.1859375 0.2328125 0.165625
1 0.2375 0.2 0.2515625 0.1984375 0.2546875 0.215625 0.2546875 0.2203125 0.2390625 0.221875 0.2375 0.2015625
1 0.2265625 0.2015625 0.228125 0.2234375 0.2171875 0.225 0.2125 0.225 0.2125 0.21875 0.209375 0.2140625 0.209375 0.2046875 0.2171875 0.2015625 0.225 0.2015625
1 0.2265625 0.2359375 0.2296875 0.2375 0.23125 0.259375 0.21875 0.2609375 0.215625 0.259375 0.2140625 0.2390625 0.225 0.2375