0 0.7 0.5046875 0.7015625 0.50625 0.70625 0.5046875 0.7078125 0.50625 0.7390625 0.50625 0.740625 0.5078125 0.8171875 0.5078125 0.8203125 0.509375 0.81875 0.528125 0.6359375 0.5265625 0.634375 0.525 0.5359375 0.5234375 0.534375 0.521875 0.534375 0.5046875 0.5359375 0.503125 0.6984375 0.5046875
0 0.66875 0.8796875 0.6703125 0.88125 0.85625 0.8828125 0.8578125 0.884375 0.93125 0.8859375 0.9328125 0.8875 0.9328125 0.9140625 0.93125 0.915625 0.9296875 0.9796875 0.9078125 0.98125 0.90625 0.9796875 0.73125 0.978125 0.7296875 0.9765625 0.665625 0.9765625 0.6609375 0.975 0.6640625 0.884375 0.6671875 0.88125
0 0.58125 0.1703125 0.7359375 0.171875 0.7375 0.1734375 0.7828125 0.1734375 0.784375 0.175 0.7828125 0.19375 0.75625 0.1953125 0.7546875 0.19375 0.665625 0.19375 0.6640625 0.1921875 0.5984375 0.1921875 0.596875 0.190625 0.5828125 0.1921875 0.5796875 0.1890625 0.58125 0.171875
0 0.4890625 0.8328125 0.490625 0.834375 0.5015625 0.8328125 0.503125 0.834375 0.5859375 0.8359375 0.5859375 0.8515625 0.5828125 0.853125 0.5796875 0.8515625 0.4859375 0.8515625 0.484375 0.85 0.3984375 0.8484375 0.396875 0.84375 0.4 0.83125 0.4875 0.8328125
0 0.3484375 0.934375 0.35625 0.9328125 0.3578125 0.934375 0.4328125 0.934375 0.434375 0.9359375 0.4984375 0.9359375 0.5 0.9375 0.590625 0.9375 0.596875 0.9390625 0.5984375 0.94375 0.596875 0.9765625 0.5953125 0.978125 0.384375 0.975 0.3828125 0.9734375 0.3484375 0.9734375 0.346875 0.971875 0.3484375 0.9359375
0 0.2765625 0.6828125 0.278125 0.684375 0.2984375 0.6828125 0.3 0.684375 0.3640625 0.684375 0.365625 0.6859375 0.453125 0.6859375 0.4640625 0.6890625 0.4625 0.7109375 0.384375 0.7109375 0.3828125 0.709375 0.3296875 0.709375 0.328125 0.7078125 0.3046875 0.709375 0.303125 0.7078125 0.1453125 0.7046875 0.14375 0.6984375 0.146875 0.68125 0.275 0.6828125
0 0.546875 0.359375 0.6296875 0.359375 0.63125 0.3609375 0.69375 0.3609375 0.6953125 0.3625 0.75625 0.3625 0.7578125 0.3640625 0.7609375 0.3625 0.7625 0.3640625 0.85625 0.3640625 0.8640625 0.3671875 0.8625 0.36875 0.8625 0.3875 0.7890625 0.3875 0.7875 0.3859375 0.715625 0.3859375 0.7140625 0.384375 0.7125 0.3859375 0.7046875 0.384375 0.6953125 0.3859375 0.69375 0.384375 0.65 0.384375 0.6484375 0.3828125 0.6421875 0.384375 0.5671875 0.3828125 0.565625 0.38125 0.5546875 0.3828125 0.546875 0.38125 0.5453125 0.378125 0.546875 0.3609375
0 0.6125 0.23125 0.6140625 0.2328125 0.63125 0.23125 0.634375 0.2328125 0.634375 0.2421875 0.63125 0.2484375 0.6234375 0.246875 0.609375 0.2484375 0.6078125 0.246875 0.553125 0.246875 0.5515625 0.2453125 0.3640625 0.2421875 0.3625 0.240625 0.3640625 0.228125 0.365625 0.2265625 0.446875 0.228125 0.4484375 0.2296875 0.4921875 0.228125 0.49375 0.2296875 0.525 0.2296875 0.5265625 0.23125 0.6109375 0.2328125
0 0.58125 0.5609375 0.69375 0.5625 0.6953125 0.5640625 0.746875 0.5640625 0.7484375 0.565625 0.7484375 0.58125 0.746875 0.5828125 0.7078125 0.5828125 0.70625 0.58125 0.6875 0.5828125 0.6859375 0.58125 0.58125 0.5796875 0.5796875 0.578125 0.58125 0.5625
0 0.346875 0.0984375 0.3484375 0.1 0.421875 0.1 0.4234375 0.1015625 0.421875 0.121875 0.2 0.1171875 0.2 0.0984375 0.20625 0.0953125 0.271875 0.096875 0.2734375 0.0984375 0.3453125 0.0984375
5 0.1015625 0.253125 0.103125 0.2546875 0.4703125 0.2609375 0.471875 0.2625 0.471875 0.29375 0.4703125 0.2953125 0.4703125 0.325 0.4671875 0.3265625 0.3828125 0.325 0.38125 0.3234375 0.06875 0.31875 0.0625 0.3171875 0.0640625 0.2546875 0.0671875 0.253125 0.1 0.253125
1 0.846875 0.2578125 0.865625 0.2578125 0.8640625 0.2703125 0.846875 0.2703125 0.846875 0.259375
1 0.6859375 0.46875 0.6875 0.4703125 0.70625 0.4703125 0.7078125 0.471875 0.7078125 0.4875 0.70625 0.4890625 0.6828125 0.4890625 0.68125 0.4734375 0.684375 0.4703125
1 0.665625 0.46875 0.6671875 0.4703125 0.665625 0.4890625 0.640625 0.4859375 0.640625 0.4703125 0.6640625 0.46875
1 0.609375 0.128125 0.634375 0.128125 0.6359375 0.1296875 0.634375 0.146875 0.609375 0.146875 0.609375 0.1296875
1 0.6828125 0.4453125 0.7046875 0.4453125 0.709375 0.4484375 0.7078125 0.4640625 0.6828125 0.4640625 0.6828125 0.446875
1 0.5734375 0.128125 0.5984375 0.128125 0.6 0.1296875 0.5984375 0.1453125 0.5921875 0.146875 0.590625 0.1453125 0.5734375 0.1453125 0.571875 0.14375 0.5734375 0.1296875
1 0.659375 0.44375 0.6671875 0.4453125 0.6671875 0.4640625 0.6421875 0.4625 0.6421875 0.4453125 0.6578125 0.44375