0 0.6984375 0.8 0.7 0.8015625 0.753125 0.8015625 0.7546875 0.8 0.94375 0.8015625 0.9453125 0.8 0.9484375 0.8015625 0.9484375 0.815625 0.9453125 0.8171875 0.6625 0.8171875 0.659375 0.8140625 0.6609375 0.8015625 0.69375 0.8015625 0.696875 0.8
0 0.7421875 0.4859375 0.74375 0.4875 0.746875 0.4859375 0.753125 0.4875 0.778125 0.4875 0.7796875 0.4859375 0.78125 0.4875 0.809375 0.4875 0.8109375 0.4859375 0.8125 0.4875 0.81875 0.4859375 0.8203125 0.4875 0.878125 0.4875 0.878125 0.5109375 0.8734375 0.5125 0.6671875 0.5125 0.665625 0.5109375 0.6484375 0.5109375 0.646875 0.509375 0.646875 0.4875 0.740625 0.4859375
0 0.7765625 0.5265625 0.778125 0.528125 0.7828125 0.5265625 0.8703125 0.5265625 0.871875 0.528125 0.871875 0.546875 0.8703125 0.5484375 0.6734375 0.5484375 0.671875 0.546875 0.671875 0.528125 0.6734375 0.5265625 0.775 0.5265625
0 0.315625 0.1390625 0.3171875 0.140625 0.3203125 0.1390625 0.4328125 0.140625 0.434375 0.15 0.4328125 0.1625 0.1421875 0.1625 0.140625 0.1609375 0.140625 0.140625 0.146875 0.1390625 0.15 0.140625 0.2375 0.140625 0.2390625 0.1390625 0.2546875 0.140625 0.309375 0.1390625 0.3109375 0.140625 0.3140625 0.1390625
0 0.5015625 0.4125 0.503125 0.4140625 0.51875 0.4125 0.525 0.4140625 0.565625 0.4140625 0.5671875 0.4125 0.56875 0.4140625 0.64375 0.4140625 0.6453125 0.415625 0.6453125 0.43125 0.64375 0.4328125 0.43125 0.4328125 0.4296875 0.43125 0.4296875 0.4140625 0.5 0.4140625
0 0.759375 0.1375 0.7609375 0.1390625 0.8484375 0.1390625 0.8515625 0.140625 0.8515625 0.1609375 0.659375 0.1609375 0.6578125 0.1578125 0.6578125 0.140625 0.659375 0.1390625 0.7578125 0.1390625
0 0.1609375 0.5359375 0.1625 0.5375 0.165625 0.5359375 0.328125 0.5375 0.3296875 0.5390625 0.3296875 0.5546875 0.071875 0.5546875 0.071875 0.5390625 0.0734375 0.5375 0.153125 0.5375 0.159375 0.5359375
0 0.434375 0.721875 0.4359375 0.7234375 0.440625 0.721875 0.66875 0.721875 0.6703125 0.725 0.66875 0.7375 0.625 0.7375 0.6234375 0.7390625 0.621875 0.7375 0.6 0.7375 0.5984375 0.7390625 0.596875 0.7375 0.5921875 0.7390625 0.5890625 0.7375 0.5609375 0.7375 0.559375 0.7390625 0.55625 0.7375 0.525 0.7375 0.5234375 0.7390625 0.5125 0.7375 0.509375 0.7390625 0.5078125 0.7375 0.475 0.7375 0.4734375 0.7390625 0.471875 0.7375 0.4375 0.7375 0.4359375 0.7390625 0.3390625 0.7375 0.3359375 0.7390625 0.3328125 0.7375 0.334375 0.721875 0.4328125 0.721875
0 0.828125 0.659375 0.8296875 0.6609375 0.8296875 0.678125 0.821875 0.6796875 0.81875 0.678125 0.8125 0.6796875 0.5484375 0.6796875 0.5453125 0.678125 0.5453125 0.6609375 0.546875 0.659375 0.8265625 0.659375
0 0.2796875 0.83125 0.28125 0.834375 0.28125 0.8546875 0.2796875 0.85625 0.2171875 0.85625 0.215625 0.8546875 0.2109375 0.85625 0.053125 0.85625 0.05 0.8546875 0.05 0.8328125 0.0515625 0.83125 0.278125 0.83125
0 0.4703125 0.221875 0.6078125 0.221875 0.609375 0.2203125 0.61875 0.221875 0.6515625 0.221875 0.653125 0.2203125 0.659375 0.221875 0.8046875 0.221875 0.8046875 0.2421875 0.4703125 0.2421875 0.4703125 0.2234375
0 0.2984375 0.934375 0.3 0.9359375 0.303125 0.934375 0.309375 0.9359375 0.4140625 0.9359375 0.415625 0.9375 0.415625 0.95625 0.4125 0.959375 0.18125 0.959375 0.178125 0.95625 0.178125 0.9375 0.1796875 0.9359375 0.28125 0.9359375 0.2828125 0.934375 0.290625 0.9359375 0.296875 0.934375
5 0.2359375 0.2015625 0.2375 0.203125 0.24375 0.2015625 0.2671875 0.2015625 0.26875 0.203125 0.4140625 0.2015625 0.425 0.203125 0.425 0.359375 0.4234375 0.3609375 0.3796875 0.3609375 0.378125 0.3625 0.3734375 0.3609375 0.309375 0.3609375 0.3078125 0.3625 0.30625 0.3609375 0.2578125 0.3609375 0.25625 0.3625 0.2484375 0.3609375 0.1734375 0.3609375 0.171875 0.3625 0.040625 0.3609375 0.040625 0.203125 0.234375 0.2015625
2 0.5296875 0.7703125 0.53125 0.771875 0.55625 0.771875 0.5578125 0.7703125 0.559375 0.771875 0.5734375 0.7703125 0.615625 0.771875 0.6171875 0.775 0.615625 0.859375 0.6125 0.8625 0.5078125 0.8609375 0.5046875 0.8578125 0.50625 0.8421875 0.503125 0.8171875 0.50625 0.790625 0.5046875 0.7796875 0.5078125 0.771875 0.521875 0.7734375 0.528125 0.771875
2 0.1890625 0.5875 0.190625 0.5890625 0.225 0.5875 0.2296875 0.590625 0.253125 0.5875 0.2796875 0.5890625 0.2796875 0.6390625 0.278125 0.640625 0.2796875 0.6421875 0.278125 0.653125 0.2796875 0.671875 0.278125 0.675 0.265625 0.678125 0.1859375 0.6765625 0.184375 0.6109375 0.1859375 0.609375 0.1859375 0.5890625 0.1875 0.5890625
3 0.31508467812499996 0.1264680734375 0.2508830640625 0.1264680734375 0.2508830640625 0.13987172187500002 0.31508467812499996 0.13987172187500002 0.31508467812499996 0.1264680734375
3 0.76822580625 0.125954959375 0.7351935484375 0.125954959375 0.7351935484375 0.1382867734375 0.76822580625 0.1382867734375 0.76822580625 0.125954959375
3 0.661959678125 0.20923888281249997 0.6101209671875 0.20923888281249997 0.6101209671875 0.2201909921875 0.661959678125 0.2201909921875 0.661959678125 0.20923888281249997
3 0.562165321875 0.3999657921875 0.50539919375 0.3999657921875 0.50539919375 0.413295325 0.562165321875 0.413295325 0.562165321875 0.3999657921875
3 0.7968790328125 0.4729646515625 0.7221048390625 0.4729646515625 0.7221048390625 0.48474344374999995 0.7968790328125 0.48474344374999995 0.7968790328125 0.4729646515625
3 0.793165321875 0.516148803125 0.7482862906250001 0.516148803125 0.7482862906250001 0.5266448125000001 0.793165321875 0.5266448125000001 0.793165321875 0.516148803125
3 0.233334678125 0.5238626 0.161439515625 0.5238626 0.161439515625 0.5363882546875 0.233334678125 0.5363882546875 0.233334678125 0.5238626
3 0.6998709671875 0.6487884828125 0.667564515625 0.6487884828125 0.667564515625 0.6585775375 0.6998709671875 0.6585775375 0.6998709671875 0.6487884828125
3 0.5257661296875 0.7094498296875 0.46976612968750003 0.7094498296875 0.46976612968750003 0.7213027359375 0.5257661296875 0.7213027359375 0.5257661296875 0.7094498296875
3 0.83027419375 0.7875912203125 0.7700967734375 0.7875912203125 0.7700967734375 0.7996493734375 0.83027419375 0.7996493734375 0.83027419375 0.7875912203125
3 0.17877419375 0.8168956671875 0.1418064515625 0.8168956671875 0.1418064515625 0.831576396875 0.17877419375 0.831576396875 0.17877419375 0.8168956671875
3 0.326088709375 0.922799315625 0.2647016125 0.922799315625 0.2647016125 0.9339281640625 0.326088709375 0.9339281640625 0.326088709375 0.922799315625
0 0.9177500000000001 0.582368871875 0.5792016125 0.582368871875 0.5792016125 0.6439823265625 0.9177500000000001 0.6439823265625 0.9177500000000001 0.582368871875
1 0.4296875 0.478125 0.43125 0.4625 0.4515625 0.4625 0.453125 0.4640625 0.4515625 0.4796875 0.4328125 0.4796875 0.43125 0.478125
1 0.48125 0.4625 0.484375 0.465625 0.484375 0.478125 0.48125 0.4796875 0.478125 0.478125 0.465625 0.4796875 0.459375 0.4765625 0.4625 0.4625 0.4796875 0.4625
1 0.490625 0.478125 0.4921875 0.4625 0.5125 0.4625 0.5140625 0.4640625 0.5140625 0.478125 0.5109375 0.4796875 0.509375 0.478125 0.4984375 0.4796875 0.4921875 0.478125
1 0.521875 0.4625 0.54375 0.4625 0.5453125 0.4640625 0.5453125 0.478125 0.5390625 0.4796875 0.521875 0.478125 0.521875 0.4640625
1 0.4484375 0.4859375 0.453125 0.4875 0.453125 0.5015625 0.4515625 0.503125 0.43125 0.503125 0.4296875 0.5015625 0.4296875 0.4875 0.4328125 0.4859375 0.446875 0.4875
1 0.4640625 0.4859375 0.465625 0.4875 0.4828125 0.4875 0.484375 0.490625 0.4828125 0.503125 0.4625 0.503125 0.4609375 0.5015625 0.4609375 0.4875 0.4625 0.4875