0 0.8953125 0.13125 0.909375 0.134375 0.90625 0.1578125 0.846875 0.4140625 0.8375 0.415625 0.83125 0.4125 0.8375 0.3859375 0.8375 0.375 0.840625 0.371875 0.8515625 0.325 0.85 0.31875 0.853125 0.3046875 0.8671875 0.24375 0.871875 0.2359375 0.875 0.2234375 0.875 0.2109375 0.88125 0.1953125 0.8828125 0.1890625 0.88125 0.1859375 0.884375 0.1828125 0.8953125 0.1328125
0 0.5734375 0.1296875 0.596875 0.134375 0.5953125 0.15 0.553125 0.3328125 0.546875 0.346875 0.5453125 0.3578125 0.5390625 0.359375 0.521875 0.3546875 0.5265625 0.3234375 0.534375 0.290625 0.5390625 0.28125 0.5375 0.2765625 0.540625 0.2625 0.54375 0.259375 0.5421875 0.25625 0.546875 0.2484375 0.5515625 0.228125 0.55 0.225 0.553125 0.2203125 0.5734375 0.13125
0 0.6171875 0.1453125 0.6296875 0.1484375 0.63125 0.153125 0.5859375 0.34375 0.56875 0.340625 0.565625 0.3359375 0.5875 0.240625 0.5921875 0.2328125 0.590625 0.2265625 0.609375 0.146875 0.615625 0.1453125
0 0.153125 0.4875 0.15625 0.490625 0.1546875 0.503125 0.1484375 0.5234375 0.0921875 0.7734375 0.0890625 0.775 0.0703125 0.7703125 0.0703125 0.7625 0.0765625 0.74375 0.090625 0.6828125 0.0921875 0.6625 0.096875 0.6546875 0.096875 0.6484375 0.1 0.6421875 0.10625 0.6140625 0.1046875 0.609375 0.109375 0.5984375 0.109375 0.5890625 0.1140625 0.5796875 0.11875 0.5609375 0.134375 0.4875 0.1359375 0.4859375 0.1515625 0.4875
0 0.45625 0.340625 0.4671875 0.34375 0.4671875 0.35 0.4203125 0.553125 0.4046875 0.5515625 0.4015625 0.55 0.4015625 0.5453125 0.4484375 0.3421875 0.4546875 0.340625
0 0.2359375 0.078125 0.25 0.0828125 0.2078125 0.265625 0.203125 0.2703125 0.1875 0.2671875 0.184375 0.2640625 0.2265625 0.08125 0.2296875 0.078125 0.234375 0.078125
0 0.5015625 0.675 0.5140625 0.678125 0.515625 0.6828125 0.4578125 0.9296875 0.4421875 0.9265625 0.4421875 0.91875 0.459375 0.85 0.4578125 0.84375 0.4609375 0.8375 0.4609375 0.8296875 0.4671875 0.815625 0.471875 0.7953125 0.471875 0.7828125 0.475 0.76875 0.48125 0.7546875 0.496875 0.68125 0.5 0.6765625
0 0.7546875 0.3859375 0.76875 0.3875 0.7703125 0.3921875 0.753125 0.4609375 0.7546875 0.465625 0.7515625 0.46875 0.746875 0.4875 0.7453125 0.4953125 0.746875 0.4984375 0.74375 0.5015625 0.7375 0.528125 0.7390625 0.534375 0.7375 0.540625 0.734375 0.5421875 0.7359375 0.5453125 0.7328125 0.5484375 0.71875 0.609375 0.7171875 0.6296875 0.7125 0.6484375 0.709375 0.6515625 0.7109375 0.65625 0.7046875 0.6828125 0.7015625 0.684375 0.703125 0.690625 0.6984375 0.6984375 0.6953125 0.7109375 0.696875 0.7140625 0.6953125 0.7171875 0.6921875 0.7171875 0.6796875 0.7125 0.696875 0.634375 0.7015625 0.615625 0.7046875 0.6125 0.703125 0.6078125 0.7546875 0.3875
0 0.734375 0.215625 0.746875 0.21875 0.7484375 0.228125 0.7453125 0.23125 0.7453125 0.24375 0.6890625 0.4875 0.684375 0.496875 0.66875 0.49375 0.6671875 0.4859375 0.7265625 0.228125 0.7296875 0.2171875 0.7328125 0.215625
0 0.7796875 0.7890625 0.79375 0.7921875 0.7984375 0.7953125 0.7984375 0.7984375 0.7859375 0.8515625 0.78125 0.8609375 0.7828125 0.865625 0.7515625 0.9984375 0.7265625 0.9984375 0.7265625 0.9921875 0.7734375 0.790625 0.778125 0.7890625
0 0.2984375 0.140625 0.3171875 0.1453125 0.3171875 0.153125 0.24375 0.4703125 0.240625 0.471875 0.2234375 0.4671875 0.2546875 0.3328125 0.253125 0.328125 0.2609375 0.30625 0.2640625 0.2921875 0.2625 0.2875 0.2703125 0.265625 0.2984375 0.1421875
0 0.9109375 0.68125 0.9265625 0.6859375 0.928125 0.6953125 0.88125 0.8984375 0.878125 0.9109375 0.8734375 0.9171875 0.8578125 0.9140625 0.853125 0.909375 0.8765625 0.8140625 0.875 0.809375 0.878125 0.80625 0.878125 0.7953125 0.88125 0.7921875 0.8796875 0.7875 0.8828125 0.784375 0.8859375 0.7734375 0.9046875 0.6859375 0.909375 0.68125
5 0.19375 0.5078125 0.2078125 0.509375 0.3296875 0.5375 0.3484375 0.54375 0.340625 0.5734375 0.3390625 0.590625 0.3359375 0.59375 0.321875 0.6546875 0.3234375 0.6578125 0.3203125 0.6625 0.3125 0.6953125 0.3109375 0.703125 0.3125 0.7078125 0.3078125 0.715625 0.29375 0.7765625 0.2921875 0.7953125 0.2875 0.8046875 0.2859375 0.821875 0.2828125 0.825 0.2796875 0.8375 0.2765625 0.8625 0.2734375 0.865625 0.2625 0.9171875 0.259375 0.9171875 0.1078125 0.88125 0.1171875 0.8453125 0.11875 0.8375 0.1171875 0.8328125 0.1203125 0.81875 0.1265625 0.8046875 0.13125 0.784375 0.1296875 0.778125 0.1390625 0.7375 0.14375 0.7296875 0.1421875 0.7265625 0.1453125 0.7234375 0.1453125 0.7109375 0.1484375 0.696875 0.15 0.690625 0.153125 0.6890625 0.153125 0.6765625 0.15625 0.6640625 0.1609375 0.65625 0.1625 0.6375 0.165625 0.6359375 0.175 0.5953125 0.175 0.584375 0.1796875 0.575 0.178125 0.56875 0.18125 0.5578125 0.184375 0.5546875 0.1828125 0.5484375 0.1859375 0.534375 0.19375 0.509375
2 0.7984375 0.4484375 0.8109375 0.4515625 0.81875 0.45625 0.8390625 0.4578125 0.8484375 0.4625 0.85625 0.4625 0.859375 0.465625 0.871875 0.4671875 0.8765625 0.46875 0.8796875 0.4734375 0.878125 0.48125 0.8734375 0.4890625 0.8734375 0.5 0.8703125 0.5015625 0.86875 0.509375 0.8703125 0.5140625 0.865625 0.521875 0.8671875 0.528125 0.865625 0.534375 0.8609375 0.5421875 0.8625 0.5484375 0.859375 0.5515625 0.85625 0.56875 0.8515625 0.5765625 0.7921875 0.5640625 0.784375 0.559375 0.7828125 0.5609375 0.778125 0.5578125 0.775 0.559375 0.7671875 0.5546875 0.76875 0.5453125 0.771875 0.540625 0.7703125 0.5328125 0.7734375 0.53125 0.78125 0.496875 0.78125 0.484375 0.7859375 0.4640625 0.7890625 0.453125 0.796875 0.4484375
2 0.55625 0.7390625 0.5828125 0.7453125 0.5875 0.7484375 0.590625 0.746875 0.596875 0.7484375 0.6 0.7515625 0.6171875 0.753125 0.621875 0.75625 0.6203125 0.778125 0.6140625 0.8046875 0.609375 0.8125 0.60625 0.8265625 0.6078125 0.8296875 0.60625 0.8390625 0.603125 0.840625 0.6015625 0.846875 0.6 0.8453125 0.59375 0.846875 0.5859375 0.8421875 0.565625 0.8390625 0.559375 0.8359375 0.553125 0.8375 0.540625 0.834375 0.53125 0.8296875 0.5203125 0.828125 0.515625 0.8234375 0.51875 0.821875 0.5234375 0.8015625 0.5234375 0.7890625 0.528125 0.784375 0.528125 0.775 0.534375 0.753125 0.5328125 0.7484375 0.5359375 0.7375 0.5421875 0.7359375 0.5546875 0.7390625
3 0.0944447765625 0.596149553125 0.0800025546875 0.658705684375 0.09306266875 0.6617208484375 0.1075048890625 0.59916471875 0.0944447765625 0.596149553125
3 0.1958793875 0.154506978125 0.188448746875 0.1866926203125 0.200464496875 0.189466675 0.2078951375 0.1572810328125 0.1958793875 0.154506978125
3 0.25312407187499997 0.27678431875 0.24146289843750002 0.32729440625 0.25213430625 0.3297580953125 0.2637954796875 0.27924800625 0.25312407187499997 0.27678431875
3 0.4165138171875 0.4169251703125 0.4037442171875 0.4722363859375 0.4167321140625 0.4752348796875 0.429501715625 0.4199236625 0.4165138171875 0.4169251703125
3 0.5404408171874999 0.204648328125 0.5236202828125001 0.2775060640625 0.5350971859375 0.28015571562499997 0.5519177203125001 0.2072979796875 0.5404408171874999 0.204648328125
3 0.581682759375 0.2179811765625 0.5715871734375 0.2617099609375 0.5818141703124999 0.26407105 0.59190975625 0.22034226562499998 0.581682759375 0.2179811765625
3 0.4632643578125 0.7651986234375 0.44709146562499996 0.8352511187499999 0.4592960875 0.838068778125 0.47546898125 0.7680162828125 0.4632643578125 0.7651986234375
3 0.689936228125 0.33872183906250003 0.6826688578125 0.370200278125 0.6922070203125 0.3724023359375 0.699474390625 0.340923896875 0.689936228125 0.33872183906250003
3 0.7098777625 0.5220102140625 0.697280503125 0.5765749375 0.7088296203125 0.5792412625 0.7214268796875001 0.5246765390625 0.7098777625 0.5220102140625
3 0.8545158046875001 0.2428846609375 0.8409788296875 0.3015197375 0.8527279328124999 0.30423223125 0.8662649078125 0.24559715468749999 0.8545158046875001 0.2428846609375
3 0.73651356875 0.8842788234375 0.7281976359375 0.9202990859375 0.7425020984375 0.9236015312499999 0.75081803125 0.8875812703125 0.73651356875 0.8842788234375
3 0.8728414687500001 0.7645631078124999 0.8590323765625 0.82437685625 0.86987599375 0.826880303125 0.8836850843749999 0.767066553125 0.8728414687500001 0.7645631078124999
0 0.674231065625 0.11148587031249999 0.59807425 0.441357284375 0.6581085546875001 0.4552172953125 0.7342653718750001 0.12534588124999999 0.674231065625 0.11148587031249999
1 0.453125 0.5390625 0.4671875 0.540625 0.4703125 0.54375 0.4671875 0.559375 0.4640625 0.5640625 0.459375 0.5640625 0.4484375 0.559375 0.453125 0.540625
1 0.4640625 0.5078125 0.4765625 0.5109375 0.475 0.525 0.4703125 0.534375 0.465625 0.534375 0.45625 0.5296875 0.459375 0.5109375 0.4625 0.509375
1 0.4671875 0.4796875 0.475 0.4796875 0.4828125 0.4828125 0.4796875 0.4921875 0.48125 0.4984375 0.478125 0.5046875 0.4734375 0.5046875 0.4625 0.5 0.4671875 0.48125
1 0.4734375 0.45 0.478125 0.4484375 0.4890625 0.4515625 0.4890625 0.4609375 0.4859375 0.465625 0.4875 0.4703125 0.484375 0.475 0.46875 0.4703125 0.4734375 0.4515625
1 0.478125 0.54375 0.4921875 0.546875 0.4890625 0.5671875 0.4859375 0.5703125 0.4734375 0.5671875 0.471875 0.5625 0.478125 0.5453125
1 0.484375 0.515625 0.4921875 0.5140625 0.5 0.51875 0.496875 0.534375 0.49375 0.5390625 0.490625 0.5390625 0.4796875 0.5359375 0.484375 0.5171875