0 0.8328125 0.5375 0.834375 0.5453125 0.8328125 0.559375 0.7546875 0.5609375 0.753125 0.5625 0.746875 0.5609375 0.675 0.5625 0.6734375 0.5640625 0.5765625 0.5640625 0.5765625 0.54375 0.5796875 0.5421875 0.83125 0.5375
0 0.4359375 0.584375 0.4375 0.5859375 0.453125 0.5859375 0.4546875 0.584375 0.53125 0.5828125 0.534375 0.5875 0.534375 0.60625 0.490625 0.6078125 0.4890625 0.609375 0.3859375 0.609375 0.384375 0.6109375 0.303125 0.6109375 0.3015625 0.6125 0.2953125 0.6109375 0.2953125 0.5890625 0.434375 0.584375
0 0.5609375 0.5109375 0.5625 0.5265625 0.5484375 0.528125 0.484375 0.528125 0.4828125 0.5296875 0.4703125 0.528125 0.46875 0.5296875 0.4234375 0.5296875 0.421875 0.53125 0.4125 0.5296875 0.4109375 0.53125 0.2609375 0.5328125 0.259375 0.534375 0.2375 0.5328125 0.2375 0.51875 0.2453125 0.5171875 0.559375 0.5109375
0 0.3015625 0.15 0.3125 0.1515625 0.3140625 0.15 0.38125 0.15 0.3828125 0.1484375 0.459375 0.1484375 0.459375 0.1625 0.4578125 0.1640625 0.3484375 0.165625 0.346875 0.1671875 0.2953125 0.1671875 0.29375 0.16875 0.2609375 0.16875 0.259375 0.153125 0.2609375 0.1515625 0.3 0.15
0 0.4578125 0.9125 0.459375 0.9140625 0.4640625 0.9125 0.5265625 0.9125 0.528125 0.9140625 0.5265625 0.928125 0.503125 0.928125 0.5015625 0.9296875 0.3359375 0.93125 0.334375 0.9296875 0.3359375 0.915625 0.45625 0.9140625
0 0.61875 0.696875 0.609375 0.6953125 0.6078125 0.696875 0.446875 0.7 0.4453125 0.6984375 0.4453125 0.68125 0.446875 0.6796875 0.4984375 0.6796875 0.5 0.678125 0.696875 0.675 0.6984375 0.6796875 0.696875 0.69375 0.6203125 0.6953125
0 0.2296875 0.09296875 0.32578125 0.03125
0 0.2140625 0.6421875 0.2203125 0.64375 0.221875 0.6421875 0.2734375 0.6421875 0.275 0.640625 0.3640625 0.640625 0.365625 0.6421875 0.365625 0.6609375 0.3046875 0.6625 0.303125 0.6640625 0.2265625 0.6640625 0.225 0.665625 0.21875 0.6640625 0.2140625 0.665625 0.2046875 0.6640625 0.1984375 0.665625 0.1140625 0.665625 0.08125 0.66875 0.0484375 0.66875 0.0453125 0.6671875 0.0453125 0.646875 0.08125 0.646875 0.0828125 0.6453125 0.1046875 0.646875 0.10625 0.6453125 0.1390625 0.6453125 0.140625 0.64375 0.2125 0.6421875
0 0.3359375 0.753125 0.3484375 0.7546875 0.35 0.753125 0.4640625 0.7515625 0.465625 0.753125 0.465625 0.76875 0.271875 0.7734375 0.2703125 0.771875 0.2703125 0.75625 0.271875 0.7546875 0.334375 0.7546875
0 0.40625 0.8703125 0.4078125 0.871875 0.4078125 0.8890625 0.4046875 0.890625 0.390625 0.8890625 0.3890625 0.890625 0.3484375 0.890625 0.346875 0.8921875 0.2703125 0.8921875 0.26875 0.89375 0.2625 0.8921875 0.2609375 0.89375 0.178125 0.89375 0.1765625 0.8953125 0.1046875 0.8953125 0.1046875 0.8765625 0.1125 0.875 0.4046875 0.8703125
2 0.24375 0.3765625 0.2453125 0.378125 0.246875 0.3765625 0.2921875 0.378125 0.29375 0.3765625 0.35625 0.3765625 0.3578125 0.375 0.3734375 0.3765625 0.3765625 0.3859375 0.375 0.39375 0.3765625 0.3953125 0.3765625 0.434375 0.378125 0.4359375 0.378125 0.4671875 0.3796875 0.46875 0.378125 0.48125 0.371875 0.484375 0.28125 0.484375 0.2796875 0.4859375 0.26875 0.484375 0.2671875 0.4859375 0.2234375 0.4859375 0.221875 0.4875 0.196875 0.4859375 0.1859375 0.4890625 0.165625 0.4859375 0.1640625 0.425 0.1609375 0.39375 0.1625 0.38125 0.1671875 0.3796875 0.1765625 0.38125 0.1828125 0.378125 0.21875 0.3796875 0.2421875 0.3765625
5 0.4984375 0.23125 0.53125 0.2296875 0.5328125 0.228125 0.8640625 0.221875 0.865625 0.2703125 0.8671875 0.271875 0.8671875 0.303125 0.7203125 0.3046875 0.71875 0.30625 0.584375 0.3078125 0.5828125 0.309375 0.575 0.3078125 0.5734375 0.309375 0.5125 0.309375 0.50625 0.3109375 0.503125 0.309375 0.5 0.234375 0.4984375 0.2328125
1 0.715625 0.4515625 0.7390625 0.4515625 0.7390625 0.4671875 0.7234375 0.4703125 0.715625 0.46875 0.715625 0.453125
1 0.7671875 0.46015625 0.02578125 0.01875
1 0.7 0.4765625 0.7015625 0.478125 0.7 0.49375 0.6796875 0.49375 0.6765625 0.490625 0.675 0.478125 0.6984375 0.4765625
1 0.75625 0.475 0.7796875 0.475 0.78125 0.4859375 0.7796875 0.4921875 0.7578125 0.4921875 0.75625 0.4765625
1 0.68984375 0.509375 0.0265625 0.01953125
1 0.7171875 0.5 0.7375 0.4984375 0.740625 0.5 0.7421875 0.50625 0.7421875 0.515625 0.71875 0.5171875 0.7171875 0.5015625
1 0.7578125 0.515625 0.75625 0.5125 0.7578125 0.4984375 0.78125 0.4984375 0.78125 0.515625 0.759375 0.515625