2 0.8845355578125 1 0.9080016234375 0.8088842406250001 0.7226804812500001 0.7861296656250001 0.69642050625 1 0.8845355578125 1
4 0.061886864062500005 0 0 0.5040280671875 0 0.91056635625 0.11180349062499999 0 0.061886864062500005 0
0 0.9663192546875001 0.3400996875 0.9971740734375001 0.0888073625 0.9647640015625001 0.0848279046875 0.9339091828124999 0.33612023125 0.9663192546875001 0.3400996875
0 0.9336282546874999 0.33369613125 0.96431120625 0.0838035484375 0.939251871875 0.08072665 0.9085689218749999 0.33061923125 0.9336282546874999 0.33369613125
0 0.942168709375 0.5120923296875 0.9639145750000001 0.334986465625 0.938265609375 0.33183716875 0.91651974375 0.5089430328125 0.942168709375 0.5120923296875
0 0.9164222765625001 0.504862275 0.937677540625 0.33175204687500004 0.911674796875 0.3285593109375 0.8904195343750001 0.501669540625 0.9164222765625001 0.504862275
0 0.9085755125 0.8104659703125 0.9453425546875 0.51102243125 0.9142493281249999 0.5072046640625001 0.8774822859375 0.8066482031250001 0.9085755125 0.8104659703125
0 0.8752970156250001 0.8026727656249999 0.911498459375 0.5078356578125 0.8885028359374999 0.50501215 0.852301390625 0.7998492578125 0.8752970156250001 0.8026727656249999
1 0.904813665625 0.3602284359375 0.9076729078125 0.33694177812500004 0.890318090625 0.3348108734375 0.8874588484375 0.3580975328125 0.904813665625 0.3602284359375
1 0.886312775 0.359713496875 0.8893845078125 0.33469624375 0.8746044140624999 0.3328814765625 0.8715326828125001 0.3578987296875 0.886312775 0.359713496875
1 0.8711352421875 0.35934827812500003 0.8742944703125 0.333618428125 0.8502375093750001 0.33066460468750003 0.84707828125 0.35639445468750003 0.8711352421875 0.35934827812500003
1 0.84815825 0.3577541546875 0.8517330843750001 0.32863946718750003 0.8350858234375 0.326595440625 0.8315109906249999 0.355710128125 0.84815825 0.3577541546875
1 0.8281976078125 0.35166075937499996 0.831059975 0.32834865 0.8192870031249999 0.3269031109375 0.8164246359374999 0.3502152203125 0.8281976078125 0.35166075937499996
1 0.8128949515624999 0.3506085046875 0.8159260609375 0.3259221 0.7992984562500001 0.3238804859375 0.796267346875 0.348566890625 0.8128949515624999 0.3506085046875
1 0.792928978125 0.3478082375 0.7958569671875 0.3239616796875 0.78060516875 0.32208899375 0.7776771796874999 0.3459355515625 0.792928978125 0.3478082375
1 0.881886259375 0.5628807265625 0.8850111140625 0.5374308234375 0.8663984171875001 0.5351454718750001 0.8632735625000001 0.560595375 0.881886259375 0.5628807265625
3 0.8901376828125 0.4755300953125 0.9037589265625 0.364593975 0.8877406062500001 0.3626271734375 0.8741193640624999 0.47356329375 0.8901376828125 0.4755300953125
3 0.8697857390625 0.49269054843750004 0.8855943796875 0.3639394984375 0.8699888031249999 0.36202337500000004 0.8541801625 0.490774425 0.8697857390625 0.49269054843750004
3 0.8537952656250001 0.4635244 0.8656915875 0.36663662656249996 0.8489853640625 0.3645853609375 0.8370890421875 0.461473134375 0.8537952656250001 0.4635244
3 0.835611875 0.45010581875 0.8462645046875 0.3633471046875 0.8317988812499999 0.36157095 0.82114625 0.4483296640625 0.835611875 0.45010581875
3 0.8207087453125 0.44571841875 0.8313113781249999 0.359366903125 0.8144872296875001 0.3573011578125 0.8038845968749999 0.4436526734375 0.8207087453125 0.44571841875
3 0.792166034375 0.522762934375 0.8120682359375 0.3606725125 0.7959712984375 0.35869605781249997 0.7760690968749999 0.520786478125 0.792166034375 0.522762934375
3 0.7713072703125 0.5304835671875 0.7921969265625 0.36035097656250004 0.775038653125 0.35824420625000003 0.7541489984374999 0.5283767953125 0.7713072703125 0.5304835671875
3 0.8640324406250001 0.6883839640625 0.8792317359374999 0.5645956453125 0.8570615953124999 0.5618734937500001 0.8418623000000001 0.6856618140624999 0.8640324406250001 0.6883839640625
3 0.12071300625 0.3583489015625 0.1453649875 0.1575746296875 0.1253568296875 0.1551179375 0.10070484843750001 0.355892209375 0.12071300625 0.3583489015625
3 0.0992417703125 0.5168883046875 0.11891898281249999 0.356630275 0.10290066406250001 0.3546634734375 0.083223453125 0.514921503125 0.0992417703125 0.5168883046875
3 0.083282853125 0.6577497734375 0.10049455468749999 0.517571715625 0.082982503125 0.5154215062499999 0.06577080156250001 0.6555995625000001 0.083282853125 0.6577497734375
3 0.0525462140625 0.9298526453125 0.0858009203125 0.6590147953125001 0.067266840625 0.6567390953125 0.034012134375 0.9275769453124999 0.0525462140625 0.9298526453125
0 0.103123521875 0.35414833125 0.127738003125 0.153679459375 0.0936769640625 0.14949728906249998 0.06906248125 0.3499661625 0.103123521875 0.35414833125
0 0.08581732187499999 0.5115070359375 0.10472894375 0.35748423281249997 0.0679555984375 0.352969034375 0.0490439765625 0.5069918375 0.08581732187499999 0.5115070359375
0 0.065311684375 0.656576534375 0.0826483796875 0.51538048125 0.044577846875 0.5107060062500001 0.0272411515625 0.651902059375 0.065311684375 0.656576534375
0 0 0.9226257734375001 0.03546203125 0.9269799624999999 0.0686229921875 0.6569056109375 0.0309848578125 0.652284228125 0 0.90463564375 0 0.9226257734375001