2 0.2027059671875 0.9620653640624999 0.22269591875 0.733579171875 0.0366935453125 0.7173060718750001 0.016703593750000002 0.945792265625 0.2027059671875 0.9620653640624999
4 1 0.0742397765625 0.985303859375 0.07295403125 0.904197846875 1 0.953931653125 1 1 0.47343639218750005 1 0.0742397765625
0 0.0986943453125 0 0.077116084375 0.24664066875000001 0.10964529375000001 0.24948660625 0.13147254218749999 0 0.0986943453125 0
0 0.13204899375 0 0.11042408125 0.24717388593749998 0.13557553125 0.24937435156249999 0.157392959375 0 0.13204899375 0
0 0.0907228515625 0.42214828125 0.1062745640625 0.24439138749999997 0.080531315625 0.24213914375 0.0649796015625 0.41989603906250006 0.0907228515625 0.42214828125
0 0.11776495312499999 0.420460271875 0.1329658078125 0.24671369843750002 0.10686748125000001 0.244430390625 0.091666625 0.41817696406250005 0.11776495312499999 0.420460271875
0 0.0670108625 0.7214642234374999 0.0933050796875 0.4209199453125 0.06209755625 0.41818964062499997 0.0358033390625 0.71873391875 0.0670108625 0.7214642234374999
0 0.0930550734375 0.7200492546875 0.11894479843750001 0.424128340625 0.09586464375 0.4221090890625 0.06997491875 0.7180300015625 0.0930550734375 0.7200492546875
1 0.1505112390625 0.2806412171875 0.152556046875 0.257268959375 0.135137434375 0.255745028125 0.1330926265625 0.2791172875 0.1505112390625 0.2806412171875
1 0.1661307140625 0.2837579953125 0.1683274859375 0.25864878125 0.15349306093749998 0.2573509375 0.15129628906249998 0.2824601515625 0.1661307140625 0.2837579953125
1 0.190363484375 0.2873709484375 0.1926228296875 0.261546515625 0.1684774359375 0.2594340671875 0.16621809062499998 0.28525849999999997 0.190363484375 0.2873709484375
1 0.205732871875 0.289938196875 0.208289440625 0.2607164859375 0.1915809859375 0.2592546859375 0.18902441718750002 0.28847639687500004 0.205732871875 0.289938196875
1 0.221632009375 0.287699996875 0.2236790515625 0.2643021921875 0.2118628015625 0.2632684046875 0.209815759375 0.286666209375 0.221632009375 0.287699996875
1 0.2416915203125 0.2902786234375 0.2438592390625 0.265501471875 0.2271705125 0.26404139843749996 0.22500279218750002 0.2888185484375 0.2416915203125 0.2902786234375
1 0.2604225328125 0.291569896875 0.26251650625 0.26763568125 0.2472086421875 0.2662964171875 0.24511466875000001 0.2902306328125 0.2604225328125 0.291569896875
1 0.13206635 0.4837424 0.13430111250000001 0.4581989453125 0.1156199953125 0.456564559375 0.11338523281249999 0.4821080140625 0.13206635 0.4837424
3 0.1395525421875 0.39635720937499996 0.149293871875 0.28501329375 0.1332166703125 0.2836067203125 0.12347534062500001 0.3949506359375 0.1395525421875 0.39635720937499996
3 0.1554776296875 0.4173378296875 0.16678329375 0.288113496875 0.1511203515625 0.2867431671875 0.13981468749999998 0.4159675 0.1554776296875 0.4173378296875
3 0.1782873484375 0.3922302859375 0.1867950890625 0.2949863578125 0.1700274546875 0.2935193796875 0.1615197140625 0.3907633078125 0.1782873484375 0.3922302859375
3 0.1966144328125 0.3826887234375 0.2042327375 0.295611090625 0.1897139390625 0.294340859375 0.182095634375 0.38141849375 0.1966144328125 0.3826887234375
3 0.2144712796875 0.3817028375 0.22205382812500002 0.2950338984375 0.2051678359375 0.293556565625 0.1975852859375 0.38022550312500003 0.2144712796875 0.3817028375
3 0.2256419234375 0.4629342515625 0.2398751265625 0.30024799375 0.2237190171875 0.2988345171875 0.2094858140625 0.461520775 0.2256419234375 0.4629342515625
3 0.24550489999999997 0.47491614687499994 0.26044428750000004 0.3041581578125 0.24322294218749999 0.3026514859375 0.2282835546875 0.47340947343749995 0.24550489999999997 0.47491614687499994
3 0.12700695 0.6105274890625 0.1378768359375 0.48628412968749996 0.1156251984375 0.4843373640625 0.1047553125 0.608580721875 0.12700695 0.6105274890625
3 0.9205312890625 0.442059440625 0.9381613312500001 0.2405471328125 0.9180796250000001 0.23879021093750002 0.90044958125 0.44030251875 0.9205312890625 0.442059440625
3 0.904566625 0.6012481484375 0.918638925 0.44040101875 0.902561725 0.43899444687500006 0.888489425 0.599841575 0.904566625 0.6012481484375
3 0.8923892796875 0.742480665625 0.9046983531249999 0.6017873218750001 0.8871219281249999 0.600249584375 0.8748128546875 0.7409429281250001 0.8923892796875 0.742480665625
3 0.86822929375 1 0.8906890109375001 0.743284253125 0.8720867999999999 0.7416567703125 0.8494846968750001 1 0.86822929375 1
0 0.9527142890625001 0.442841709375 0.9703175140625 0.2416359234375 0.9361312671875 0.2386450140625 0.9185280421875 0.4398508 0.9527142890625001 0.442841709375
0 0.9396478671875 0.600598078125 0.9531726515625 0.44600909531250005 0.9162641296875 0.44278001875 0.9027393453125001 0.5973690015625001 0.9396478671875 0.600598078125
0 0.9308457203125 0.7468747265625 0.9432441828125 0.6051596453125 0.9050337046875001 0.6018166609375 0.8926352421875 0.74353174375 0.9308457203125 0.7468747265625
0 0.9049233796875 1 0.9271043640625001 0.746470184375 0.8893278734375001 0.7431651687499999 0.8668577390625 1 0.9049233796875 1