2 0.9862179484375 0.0573960390625 0.756858975 0.0573960390625 0.756858975 0.2441089109375 0.9862179484375 0.2441089109375 0.9862179484375 0.0573960390625
4 0.9861794875 0.9462376234375001 0.032282051562500004 0.9462376234375001 0.032282051562500004 0.995782178125 0.9861794875 0.995782178125 0.9861794875 0.9462376234375001
0 0.2844615390625 0.0566435640625 0.0312820515625 0.0566435640625 0.0312820515625 0.0892970296875 0.2844615390625 0.0892970296875 0.2844615390625 0.0566435640625
0 0.28208974375 0.0898712875 0.0303205125 0.0898712875 0.0303205125 0.1151188125 0.28208974375 0.1151188125 0.28208974375 0.0898712875
0 0.458115384375 0.059653465625 0.2796794875 0.059653465625 0.2796794875 0.08549504999999999 0.458115384375 0.08549504999999999 0.458115384375 0.059653465625
0 0.45407692343750006 0.086089109375 0.2796666671875 0.086089109375 0.2796666671875 0.112287128125 0.45407692343750006 0.112287128125 0.45407692343750006 0.086089109375
0 0.7583589749999999 0.0566336640625 0.4566666671875 0.0566336640625 0.4566666671875 0.0879603953125 0.7583589749999999 0.0879603953125 0.7583589749999999 0.0566336640625
0 0.7546794875 0.0906138609375 0.4576282046875 0.0906138609375 0.4576282046875 0.113782178125 0.7546794875 0.113782178125 0.7546794875 0.0906138609375
1 0.311935896875 0.11523762343749999 0.288474359375 0.11523762343749999 0.288474359375 0.13272277187499998 0.311935896875 0.13272277187499998 0.311935896875 0.11523762343749999
1 0.3136794875 0.133663365625 0.288474359375 0.133663365625 0.288474359375 0.1485544546875 0.3136794875 0.1485544546875 0.3136794875 0.133663365625
1 0.3151666671875 0.1487722765625 0.2892435890625 0.1487722765625 0.2892435890625 0.1730099015625 0.3151666671875 0.1730099015625 0.3151666671875 0.1487722765625
1 0.316384615625 0.1717722765625 0.2870512828125 0.1717722765625 0.2870512828125 0.1885445546875 0.316384615625 0.1885445546875 0.316384615625 0.1717722765625
1 0.31276923125 0.19232673281249998 0.2892820515625 0.19232673281249998 0.2892820515625 0.20418811875 0.31276923125 0.20418811875 0.31276923125 0.19232673281249998
1 0.31358974375000004 0.2076435640625 0.2887179484375 0.2076435640625 0.2887179484375 0.2243960390625 0.31358974375000004 0.2243960390625 0.31358974375000004 0.2076435640625
1 0.3132435890625 0.2278019796875 0.28921794843750004 0.2278019796875 0.28921794843750004 0.2431683171875 0.3132435890625 0.2431683171875 0.3132435890625 0.2278019796875
1 0.5158717953124999 0.1132970296875 0.49023076874999993 0.1132970296875 0.49023076874999993 0.1320495046875 0.5158717953124999 0.1320495046875 0.5158717953124999 0.1132970296875
3 0.42816666718749996 0.11575247500000001 0.3163974359375 0.11575247500000001 0.3163974359375 0.1318910890625 0.42816666718749996 0.1318910890625 0.42816666718749996 0.11575247500000001
3 0.44767948750000003 0.13386138593750002 0.3179615390625 0.13386138593750002 0.3179615390625 0.1495841578125 0.44767948750000003 0.1495841578125 0.44767948750000003 0.13386138593750002
3 0.4206794875 0.153287128125 0.323064103125 0.153287128125 0.323064103125 0.1701188125 0.4206794875 0.1701188125 0.4206794875 0.153287128125
3 0.4095769234375 0.172970296875 0.3221666671875 0.172970296875 0.3221666671875 0.1875445546875 0.4095769234375 0.1875445546875 0.4095769234375 0.172970296875
3 0.4070384609375 0.1882970296875 0.3200384609375 0.1882970296875 0.3200384609375 0.20524752500000001 0.4070384609375 0.20524752500000001 0.4070384609375 0.1882970296875
3 0.48698717968749994 0.20723762343750002 0.32367948750000003 0.20723762343750002 0.32367948750000003 0.2234554453125 0.48698717968749994 0.2234554453125 0.48698717968749994 0.20723762343750002
3 0.4971923078125 0.227 0.3257820515625 0.227 0.3257820515625 0.244287128125 0.4971923078125 0.244287128125 0.4971923078125 0.227
3 0.642615384375 0.11572277187499999 0.5178974359375 0.11572277187499999 0.5178974359375 0.13805940625 0.642615384375 0.13805940625 0.642615384375 0.11572277187499999
3 0.40562820468750005 0.893722771875 0.20334615312499998 0.893722771875 0.20334615312499998 0.9138811875 0.40562820468750005 0.9138811875 0.40562820468750005 0.893722771875
3 0.5656025640625 0.895712871875 0.40414102500000004 0.895712871875 0.40414102500000004 0.9118514843750001 0.5656025640625 0.9118514843750001 0.5656025640625 0.895712871875
3 0.707358975 0.8943861390625001 0.5661282046875 0.8943861390625001 0.5661282046875 0.9120297031250001 0.707358975 0.9120297031250001 0.707358975 0.8943861390625001
3 0.9811794875000001 0.8917326734375 0.7083076921875 0.8917326734375 0.7083076921875 0.910405940625 0.9811794875000001 0.910405940625 0.9811794875000001 0.8917326734375
0 0.40360256406249995 0.91169306875 0.20162820468749998 0.91169306875 0.20162820468749998 0.9460099015625 0.40360256406249995 0.9460099015625 0.40360256406249995 0.91169306875
0 0.5618974359375 0.90969306875 0.4067179484375 0.90969306875 0.4067179484375 0.946742575 0.5618974359375 0.946742575 0.5618974359375 0.90969306875
0 0.708384615625 0.9123663359374999 0.5661282046875 0.9123663359374999 0.5661282046875 0.950722771875 0.708384615625 0.950722771875 0.708384615625 0.9123663359374999
0 0.9804102562500001 0.9090396046875 0.7083076921875 0.9090396046875 0.7083076921875 0.9469603953125001 0.9804102562500001 0.9469603953125001 0.9804102562500001 0.9090396046875