0 0.2515625 0.8734375 0.259375 0.875 0.2609375 0.8734375 0.3390625 0.8734375 0.340625 0.871875 0.428125 0.8703125 0.4296875 0.871875 0.4296875 0.8875 0.2671875 0.890625 0.265625 0.8921875 0.1921875 0.8921875 0.1890625 0.89375 0.184375 0.890625 0.1859375 0.8765625 0.25 0.875
0 0.3390625 0.6875 0.3375 0.64375 0.3359375 0.6421875 0.3359375 0.5984375 0.334375 0.596875 0.3359375 0.5765625 0.3375 0.575 0.371875 0.575 0.3734375 0.5734375 0.41875 0.5734375 0.4203125 0.575 0.4234375 0.6671875 0.4265625 0.684375 0.425 0.6875 0.409375 0.6875 0.4078125 0.6890625 0.34375 0.6890625 0.340625 0.6875
0 0.7421875 0.8453125 0.74375 0.846875 0.75 0.8453125 0.7734375 0.846875 0.775 0.8453125 0.8796875 0.84375 0.88125 0.8453125 0.88125 0.8609375 0.8796875 0.8625 0.6765625 0.865625 0.675 0.8671875 0.625 0.8671875 0.6234375 0.8515625 0.6265625 0.8484375 0.6953125 0.8484375 0.696875 0.846875 0.7375 0.846875 0.740625 0.8453125
0 0.35625 0.8359375 0.3578125 0.840625 0.35625 0.8515625 0.2265625 0.853125 0.19375 0.85625 0.1109375 0.85625 0.109375 0.8578125 0.1015625 0.85625 0.075 0.8578125 0.071875 0.85625 0.071875 0.8421875 0.3546875 0.8359375
0 0.4203125 0.778125 0.421875 0.7796875 0.421875 0.796875 0.4203125 0.7984375 0.3828125 0.7984375 0.38125 0.8 0.34375 0.8 0.3421875 0.8015625 0.334375 0.8 0.3328125 0.8015625 0.240625 0.8015625 0.2390625 0.803125 0.2203125 0.803125 0.21875 0.8015625 0.21875 0.7828125 0.2890625 0.78125 0.290625 0.7796875 0.41875 0.778125
0 0.51875 0.29375 0.528125 0.296875 0.5296875 0.3109375 0.528125 0.3171875 0.2609375 0.321875 0.259375 0.3203125 0.259375 0.3015625 0.2609375 0.3 0.3265625 0.3 0.328125 0.2984375 0.3703125 0.2984375 0.371875 0.296875 0.3921875 0.2984375 0.39375 0.296875 0.5171875 0.2953125
0 0.615625 0.703125 0.621875 0.70625 0.621875 0.7296875 0.6234375 0.73125 0.6234375 0.7546875 0.621875 0.75625 0.559375 0.75625 0.5578125 0.7578125 0.5484375 0.75625 0.515625 0.759375 0.5125 0.7578125 0.5109375 0.759375 0.2203125 0.7640625 0.2171875 0.7625 0.215625 0.715625 0.21875 0.7125 0.4890625 0.7078125 0.490625 0.70625 0.540625 0.70625 0.5421875 0.7046875 0.6140625 0.7046875
0 0.6859375 0.1234375 0.6890625 0.1296875 0.6890625 0.1390625 0.6859375 0.140625 0.4328125 0.1453125 0.4328125 0.13125 0.434375 0.1296875 0.5421875 0.128125 0.54375 0.1265625 0.553125 0.128125 0.5546875 0.1265625 0.684375 0.125
2 0.87897580625 0.2207611171875 0.7523467734375 0.2207611171875 0.7523467734375 0.3425912203125 0.87897580625 0.3425912203125 0.87897580625 0.2207611171875
1 0.8765625 0.1125 0.8796875 0.1171875 0.878125 0.1203125 0.8796875 0.1265625 0.8625 0.1296875 0.85625 0.128125 0.85625 0.1140625 0.875 0.1125
1 0.2859375 0.528125 0.3109375 0.528125 0.3125 0.5296875 0.3125 0.546875 0.3109375 0.5484375 0.2859375 0.546875 0.2859375 0.5296875
1 0.825 0.0953125 0.8453125 0.09375 0.8484375 0.10625 0.8484375 0.109375 0.8453125 0.1109375 0.828125 0.1109375 0.825 0.109375 0.825 0.096875
1 0.85625 0.0953125 0.859375 0.09375 0.8765625 0.09375 0.878125 0.0953125 0.8765625 0.1109375 0.85625 0.1109375 0.85625 0.096875
1 0.80703125 0.1125 0.02421875 0.03671875
1 0.83828125 0.121875 0.02421875 0.0171875
1 0.3109375 0.5015625 0.3125 0.5109375 0.3109375 0.5203125 0.2859375 0.5203125 0.284375 0.5140625 0.2859375 0.5015625 0.309375 0.5015625
1 0.3421875 0.4578125 0.35625 0.459375 0.3578125 0.4765625 0.33125 0.4765625 0.33125 0.4609375 0.340625 0.459375
1 0.38125 0.4234375 0.384375 0.4375 0.3671875 0.440625 0.3609375 0.4375 0.3609375 0.425 0.3625 0.4234375 0.3796875 0.4234375
1 0.2703125 0.5296875 0.2703125 0.5484375 0.24375 0.5484375 0.24375 0.53125 0.2453125 0.5296875 0.26875 0.5296875
1 0.89765625 0.1203125 0.02421875 0.0171875
1 0.390625 0.4234375 0.4125 0.4234375 0.4140625 0.4265625 0.4125 0.4390625 0.3921875 0.4390625 0.390625 0.425
1 0.26875 0.503125 0.2703125 0.51875 0.2671875 0.521875 0.24375 0.521875 0.2421875 0.5125 0.24375 0.503125 0.2671875 0.503125
1 0.8859375 0.09375 0.9078125 0.09375 0.9078125 0.109375 0.8859375 0.109375 0.8859375 0.0953125
1 0.809375 0.1140625 0.81875 0.115625 0.8203125 0.1296875 0.796875 0.1296875 0.796875 0.115625 0.8078125 0.1140625