0 0.409375 0.8703125 0.4109375 0.871875 0.4234375 0.8703125 0.4234375 0.8875 0.396875 0.8859375 0.3953125 0.8875 0.3296875 0.8875 0.328125 0.8890625 0.315625 0.8875 0.2609375 0.8875 0.259375 0.8890625 0.1859375 0.8875 0.1828125 0.8890625 0.178125 0.8859375 0.1796875 0.871875 0.4078125 0.8703125
0 0.4109375 0.571875 0.4203125 0.575 0.41875 0.603125 0.4203125 0.6046875 0.4203125 0.6359375 0.4234375 0.66875 0.421875 0.6875 0.4078125 0.6859375 0.40625 0.6875 0.3421875 0.6875 0.3359375 0.684375 0.3375 0.665625 0.334375 0.640625 0.334375 0.5953125 0.3328125 0.59375 0.3328125 0.5890625 0.3359375 0.5859375 0.3359375 0.5734375 0.409375 0.571875
0 0.7375 0.85 0.7390625 0.8515625 0.7453125 0.85 0.875 0.8515625 0.8765625 0.8625 0.8734375 0.8703125 0.8546875 0.8703125 0.853125 0.86875 0.61875 0.8703125 0.6171875 0.859375 0.61875 0.853125 0.621875 0.8515625 0.6890625 0.853125 0.690625 0.8515625 0.7328125 0.8515625 0.7359375 0.85
0 0.196875 0.834375 0.1984375 0.8359375 0.2 0.834375 0.240625 0.8359375 0.2421875 0.834375 0.3 0.834375 0.3015625 0.8328125 0.3515625 0.834375 0.353125 0.8484375 0.3515625 0.85 0.31875 0.85 0.3171875 0.8484375 0.228125 0.85 0.221875 0.8484375 0.1890625 0.8515625 0.1390625 0.8515625 0.1375 0.85 0.0703125 0.8515625 0.0671875 0.85 0.0671875 0.8359375 0.109375 0.8359375 0.1109375 0.834375 0.1859375 0.8359375 0.1953125 0.834375
0 0.3203125 0.7765625 0.321875 0.778125 0.3671875 0.778125 0.36875 0.7765625 0.4171875 0.778125 0.4171875 0.796875 0.415625 0.7984375 0.378125 0.796875 0.3765625 0.7984375 0.3390625 0.7984375 0.3375 0.8 0.3296875 0.7984375 0.328125 0.8 0.3171875 0.7984375 0.2359375 0.7984375 0.2296875 0.8 0.2140625 0.796875 0.2140625 0.7796875 0.215625 0.778125 0.23125 0.7796875 0.2328125 0.778125 0.31875 0.7765625
0 0.3859375 0.2953125 0.3875 0.296875 0.3984375 0.2953125 0.4140625 0.2953125 0.415625 0.296875 0.478125 0.296875 0.4796875 0.2953125 0.521875 0.296875 0.5234375 0.2953125 0.53125 0.296875 0.534375 0.3125 0.53125 0.31875 0.4640625 0.3171875 0.4625 0.31875 0.4140625 0.31875 0.4125 0.3203125 0.4109375 0.31875 0.340625 0.31875 0.3390625 0.3203125 0.265625 0.31875 0.2640625 0.3171875 0.2640625 0.2984375 0.265625 0.296875 0.3296875 0.2984375 0.33125 0.296875 0.384375 0.2953125
0 0.5 0.70625 0.5015625 0.7078125 0.5375 0.7078125 0.5390625 0.70625 0.6109375 0.7078125 0.6125 0.70625 0.61875 0.709375 0.61875 0.7328125 0.6203125 0.734375 0.6203125 0.7578125 0.61875 0.759375 0.5453125 0.7578125 0.54375 0.759375 0.5125 0.759375 0.5109375 0.7609375 0.509375 0.759375 0.50625 0.7609375 0.496875 0.759375 0.41875 0.759375 0.4171875 0.7609375 0.40625 0.759375 0.359375 0.759375 0.3578125 0.7609375 0.24375 0.759375 0.2296875 0.7609375 0.2140625 0.7578125 0.2125 0.7109375 0.215625 0.7078125 0.23125 0.7078125 0.2328125 0.709375 0.409375 0.7078125 0.4140625 0.709375 0.415625 0.7078125 0.4984375 0.70625
0 0.5046875 0.128125 0.50625 0.1296875 0.55 0.1296875 0.5515625 0.128125 0.55625 0.1296875 0.5625 0.128125 0.59375 0.128125 0.5953125 0.1296875 0.684375 0.128125 0.690625 0.1296875 0.69375 0.128125 0.696875 0.134375 0.696875 0.1421875 0.6921875 0.1453125 0.68125 0.14375 0.440625 0.1453125 0.4390625 0.14375 0.440625 0.1296875 0.503125 0.128125
2 0.8837914765624999 0.22741768593749997 0.7571817296875001 0.2252077046875 0.7550555015625 0.347019253125 0.8816652484375 0.349229234375 0.8837914765624999 0.22741768593749997
1 0.8640625 0.121875 0.884375 0.1203125 0.8875 0.125 0.8859375 0.128125 0.8875 0.1328125 0.884375 0.1359375 0.8671875 0.1375 0.8640625 0.1359375 0.8640625 0.1234375
1 0.2859375 0.525 0.3109375 0.525 0.3125 0.5265625 0.3125 0.54375 0.3109375 0.5453125 0.2859375 0.54375 0.2859375 0.5265625
1 0.8328125 0.1015625 0.853125 0.1 0.85625 0.1140625 0.853125 0.1171875 0.8359375 0.1171875 0.8328125 0.115625 0.8328125 0.103125
1 0.8640625 0.103125 0.8671875 0.1015625 0.884375 0.1015625 0.8859375 0.103125 0.884375 0.11875 0.8640625 0.11875 0.8640625 0.1046875
1 0.8140625 0.11796875 0.025 0.0375
1 0.8546875 0.1203125 0.85625 0.1359375 0.834375 0.1359375 0.8359375 0.1203125 0.853125 0.1203125
1 0.2859375 0.5171875 0.284375 0.5015625 0.2875 0.4984375 0.3109375 0.4984375 0.3125 0.5 0.3109375 0.5015625 0.3125 0.5171875 0.2875 0.5171875
1 0.34375 0.45625 0.3578125 0.4578125 0.359375 0.475 0.3328125 0.475 0.3328125 0.459375 0.3421875 0.4578125
1 0.3828125 0.421875 0.3859375 0.4359375 0.36875 0.4390625 0.3625 0.4359375 0.3625 0.4234375 0.3640625 0.421875 0.38125 0.421875
1 0.2703125 0.5265625 0.2703125 0.5453125 0.24375 0.5453125 0.24375 0.528125 0.2453125 0.5265625 0.26875 0.5265625
1 0.90390625 0.12734375 0.025 0.0171875
1 0.4125 0.421875 0.415625 0.425 0.4140625 0.4390625 0.3921875 0.4359375 0.39375 0.421875 0.4109375 0.421875
1 0.26875 0.5 0.2703125 0.5 0.26875 0.5015625 0.2703125 0.515625 0.2671875 0.51875 0.2453125 0.51875 0.2421875 0.5078125 0.24375 0.5 0.2671875 0.5
1 0.89375 0.1015625 0.915625 0.1015625 0.915625 0.1171875 0.89375 0.1171875 0.89375 0.103125
1 0.8171875 0.1203125 0.8265625 0.121875 0.828125 0.1359375 0.8046875 0.1359375 0.8046875 0.121875 0.815625 0.1203125