5 0.512293684375 0.490842671875 0.56264791875 0.17291853906250002 0.49539614218750005 0.1622669046875 0.44504190625 0.4801910359375 0.512293684375 0.490842671875
0 0.4660854953125 0.746928246875 0.449629259375 0.745138340625 0.41885619218750003 0.9321428375 0.4353709078125 0.9372080234375 0.43981727968750006 0.9346462421874999 0.46870719375 0.7522425078125 0.4660854953125 0.746928246875
0 0.527210675 0.5659329468750001 0.523593990625 0.5806369140625 0.5053242109375 0.6959877609375 0.527596146875 0.701148296875 0.5302270421874999 0.699115478125 0.53785493125 0.654599384375 0.57551734375 0.41316377187500003 0.5526823015625 0.4079140484375 0.5506145124999999 0.4100360546875 0.532758721875 0.5264175796874999 0.5309564625000001 0.540282146875 0.527155671875 0.5574823984374999 0.527210675 0.5659329468750001
0 0.5753898703125 0.814863615625 0.5566812078125001 0.8127169593750001 0.5312652078125 0.9695427734375001 0.5501585046875 0.9741681859375 0.557457203125 0.942664021875 0.5764484046875 0.8191137921875 0.5753898703125 0.814863615625
0 0.6470338078125 0.17300759375000002 0.645849115625 0.169553940625 0.629829828125 0.16864974375 0.598105984375 0.3653017015625 0.5991645203125 0.3695518765625 0.61380528125 0.3718707453125 0.6164361765625 0.3698379265625 0.6470338078125 0.17300759375000002
0 0.752696715625 0.6502512859375 0.7541922 0.6553871734375 0.77277470625 0.658330353125 0.77685180625 0.650811059375 0.8192405 0.3831793796875 0.8159295406249999 0.3785724546875 0.7983470890625 0.376604171875 0.7962792999999999 0.3787261796875 0.780635853125 0.47749501250000004 0.773940909375 0.5216567203125 0.7685500296875001 0.553801903125 0.752696715625 0.6502512859375
0 0.7510139671875 0.74469924375 0.7161946828125 0.9645395515624999 0.7333986640625 0.968897403125 0.7362818718749999 0.9652715390625 0.7700334234375 0.748528134375 0.7510139671875 0.74469924375
0 0.9722391578125 0.3902654015625 0.8561131156249999 0.372689346875 0.8378387734375 0.473491 0.8073581015625001 0.676871890625 0.926736625 0.695779590625 0.97467621875 0.39310090625 0.9722391578125 0.3902654015625
0 1 0.11051884687499999 0.9834815718750001 0.107902584375 0.9815399390625 0.1092280703125 0.9716185718749999 0.1728822953125 0.9556193109375 0.2692399765625 0.9578040578125 0.27366852656249996 0.9797652015624999 0.27714682968750004 1 0.15488000625 1 0.11051884687499999
0 0.1101123375 0.5125497375 0.09140367499999999 0.5104030796875 0.056710546875000004 0.729446865625 0.07378837031249999 0.7346012390625 0.077545478125 0.73274679375 0.11110319375 0.5208717140625 0.1101123375 0.5125497375
0 0.147050003125 0.6000505015625001 0.10459363125000001 0.8717539828125 0.1263024609375 0.8768253312500001 0.12893335625 0.8747925125 0.17126357187500002 0.6038855546875 0.147050003125 0.6000505015625001
0 0.2344260875 0.438341125 0.2177852140625 0.4340724609375 0.18600289375 0.627449140625 0.188061484375 0.6326742140625 0.199886715625 0.6345471468749999 0.20376997968750002 0.6318961796875 0.2344260875 0.438341125
3 0.069786203125 0.64528684375 0.0779763046875 0.5935765796875 0.0668831109375 0.591819590625 0.05869300937500001 0.6435298546875 0.069786203125 0.64528684375
3 0.122585865625 0.7496091375 0.12743911875 0.718966903125 0.11646417812500001 0.7172286421875 0.111610925 0.7478708765625 0.122585865625 0.7496091375
3 0.1960205203125 0.5620865203125 0.20617992968749999 0.4979425359375 0.19640440625 0.49639424375 0.186244996875 0.5605382296875 0.1960205203125 0.5620865203125
3 0.4314969484375 0.8514575609374999 0.43569544843749997 0.82494928125 0.4224624515625 0.8228533796875 0.41826395156249996 0.8493616609375 0.4314969484375 0.8514575609374999
3 0.52365035 0.5763085703125 0.5317218640625 0.5253470375 0.5205273125 0.5235739953125 0.5124557984375 0.5745355265625001 0.52365035 0.5763085703125
3 0.6104522578125 0.2934002765625 0.6188404249999999 0.24043947187499998 0.6044361671875 0.2381580625 0.5960479999999999 0.291118865625 0.6104522578125 0.2934002765625
3 0.5423612265625 0.9035671093750001 0.5466720046875 0.8763499234375001 0.5332926015624999 0.874230834375 0.528981821875 0.9014480203125 0.5423612265625 0.9035671093750001
3 0.7712795796874999 0.5421989515625001 0.7805849078125 0.48344742500000004 0.7679656968749999 0.48144873749999995 0.75866036875 0.5402002640625 0.7712795796874999 0.5421989515625001
3 0.7292822515624999 0.8848599437500001 0.7385686546875 0.826227896875 0.7256397359375 0.82418015625 0.7163533328125 0.8828122046875 0.7292822515624999 0.8848599437500001
3 0.9653770359375 0.21153174218749998 0.973080171875 0.16289605625 0.9604665906250001 0.16089826093749998 0.9527634546874999 0.20953394687500002 0.9653770359375 0.21153174218749998
3 0.17092989218750002 0.22887767656250002 0.17562545000000002 0.1992310953125 0.1612943953125 0.1969612796875 0.1565988390625 0.22660786093750002 0.17092989218750002 0.22887767656250002
1 0.25 0.3265625 0.2640625 0.328125 0.2609375 0.35 0.246875 0.346875 0.25 0.328125
1 0.86875 0.171875 0.88125 0.175 0.878125 0.190625 0.8703125 0.190625 0.865625 0.1890625 0.86875 0.1734375
1 0.8765625 0.2015625 0.878125 0.2046875 0.8734375 0.2203125 0.8625 0.21875 0.8609375 0.2140625 0.8625 0.2046875 0.865625 0.2 0.875 0.2015625
1 0.859375 0.2296875 0.871875 0.23125 0.871875 0.2421875 0.86875 0.2453125 0.8703125 0.2484375 0.85625 0.246875 0.859375 0.23125
1 0.8546875 0.259375 0.8625 0.259375 0.86875 0.2625 0.8671875 0.2734375 0.8625 0.278125 0.853125 0.2765625 0.8515625 0.2734375 0.8546875 0.2609375
1 0.8984375 0.1765625 0.9 0.178125 0.8984375 0.19375 0.8890625 0.19375 0.884375 0.190625 0.8859375 0.1765625 0.8875 0.175 0.896875 0.1765625
1 0.8828125 0.203125 0.8953125 0.2046875 0.8953125 0.215625 0.8921875 0.2234375 0.8796875 0.2203125 0.8828125 0.2046875
1 0.884375 0.23125 0.890625 0.234375 0.8890625 0.2515625 0.875 0.25 0.8765625 0.2359375 0.878125 0.2328125 0.8828125 0.23125
1 0.8734375 0.2609375 0.8859375 0.2640625 0.8859375 0.275 0.8828125 0.28125 0.8703125 0.278125 0.8734375 0.2625