5 0.4890322578125 0.44261972656250004 0.1671451609375 0.44261972656250004 0.1671451609375 0.5107098062500001 0.4890322578125 0.5107098062500001 0.4890322578125 0.44261972656250004
0 0.941935484375 0.504561003125 0.9395161296874999 0.48745724062500007 0.75 0.48859749218750004 0.7491935484375001 0.505131128125 0.7540322578125 0.5085518812500001 0.938709678125 0.5085518812500001 0.941935484375 0.504561003125
0 0.6943548390625 0.55872291875 0.6927419359375 0.5359179015625 0.5759532265625 0.5359179015625 0.560864515625 0.5371898515625 0.5525266125 0.53581356875 0.5349435484375 0.536876853125 0.5209677421875 0.536488028125 0.40322580625000004 0.5359179015625 0.40080645156249994 0.5376282781249999 0.4024193546875 0.5610034203125001 0.64677419375 0.5615735468749999 0.691935484375 0.5610034203125001 0.6943548390625 0.55872291875
0 0.9604838703125 0.6237172171875 0.9588709671875 0.604332953125 0.8 0.604903078125 0.7991935484375 0.6237172171875 0.8032258062500001 0.62542759375 0.9282258062500001 0.62599771875 0.9604838703125 0.6237172171875
0 0.3556451609375 0.5923603187500001 0.3556451609375 0.5775370578125 0.35161290312500004 0.5758266812499999 0.1524193546875 0.5763968078125 0.1508064515625 0.5923603187500001 0.15403225781250002 0.5940706953125 0.35322580625 0.5946408203125 0.3556451609375 0.5923603187500001
0 0.613709678125 0.7941847203125 0.613709678125 0.77537058125 0.6088709671875 0.7730900796875 0.5111290328125 0.7736602046875001 0.47853629062499997 0.7739561 0.43387096718749996 0.7736602046875001 0.3338709671875 0.7736602046875001 0.3314516125 0.77537058125 0.33064516093749996 0.7930444703124999 0.33467741875 0.7970353484375 0.6056451609375 0.7970353484375 0.613709678125 0.7941847203125
0 0.925 0.7862029640625 0.7024193546874999 0.7862029640625 0.7032258062500001 0.8055872296875 0.9225806453125 0.8061573546874999 0.9266129031249999 0.803876853125 0.925 0.7862029640625
0 0.6266129031250001 0.8312428734375 0.4209677421875 0.829532496875 0.31854838750000003 0.8318129984375 0.3177419359375 0.9492588375000001 0.320161290625 0.9521094640625 0.6266129031250001 0.9521094640625 0.6266129031250001 0.8312428734375
0 0.204838709375 0.9167616875 0.20080645156250002 0.9139110609375001 0.10313225781249999 0.9146396812500001 0.038709678125 0.9144811859375 0.0370967734375 0.9161915625000001 0.0370967734375 0.9384264531250001 0.04032258125 0.9401368296875001 0.204838709375 0.9389965796874999 0.204838709375 0.9167616875
0 0.798387096875 0.1157354625 0.7959677421875 0.09806157343750001 0.5741935484375 0.09806157343750001 0.573387096875 0.11687571249999999 0.5814516125 0.11915621406250002 0.7959677421875 0.11915621406250002 0.798387096875 0.1157354625
0 0.9290322578125 0.167616875 0.6540322578125 0.16704675 0.6540322578125 0.19156214375 0.9282258062500001 0.19213226875 0.9306451609374999 0.18985176718750002 0.9290322578125 0.167616875
0 0.679838709375 0.21265678437500002 0.675 0.20980615781249998 0.47903225781250003 0.2109464078125 0.48064516093750004 0.22805017031250002 0.676612903125 0.22805017031250002 0.679838709375 0.22462941875000003 0.679838709375 0.21265678437500002
3 0.7107983875 0.086579246875 0.6584435484375 0.086579246875 0.6584435484375 0.09781071875 0.7107983875 0.09781071875 0.7107983875 0.086579246875
3 0.8055766125 0.1551681875 0.77455241875 0.1551681875 0.77455241875 0.16627993125 0.8055766125 0.16627993125 0.8055766125 0.1551681875
3 0.608875 0.19957810781250002 0.5439314515625 0.19957810781250002 0.5439314515625 0.20947548437500002 0.608875 0.20947548437500002 0.608875 0.19957810781250002
3 0.8578467734374999 0.47392246250000003 0.8310080640624999 0.47392246250000003 0.8310080640624999 0.4873204109375 0.8578467734374999 0.4873204109375 0.8578467734374999 0.47392246250000003
3 0.5716693546875 0.5239623718749999 0.52007258125 0.5239623718749999 0.52007258125 0.535296465625 0.5716693546875 0.535296465625 0.5716693546875 0.5239623718749999
3 0.27866532187500004 0.56218928125 0.2250443546875 0.56218928125 0.2250443546875 0.5767730906249999 0.27866532187500004 0.5767730906249999 0.27866532187500004 0.56218928125
3 0.8919717734375 0.5914253140625 0.864415321875 0.5914253140625 0.864415321875 0.60497149375 0.8919717734375 0.60497149375 0.8919717734375 0.5914253140625
3 0.4992419359375 0.7617645375000001 0.43975806406249995 0.7617645375000001 0.43975806406249995 0.7745410484375 0.4992419359375 0.7745410484375 0.4992419359375 0.7617645375000001
3 0.8442540328125 0.7735746859375 0.7848911296875001 0.7735746859375 0.7848911296875001 0.786664765625 0.8442540328125 0.786664765625 0.8442540328125 0.7735746859375
3 0.14228225781249998 0.901750284375 0.093040321875 0.901750284375 0.093040321875 0.9145210953125 0.14228225781249998 0.9145210953125 0.14228225781249998 0.901750284375
3 0.2836935484375 0.11805872343749998 0.25367741875 0.11805872343749998 0.25367741875 0.132568415625 0.2836935484375 0.132568415625 0.2836935484375 0.11805872343749998
1 0.365625 0.2265625 0.3875 0.2265625 0.3875 0.240625 0.365625 0.240625 0.365625 0.228125
1 0.1171875 0.8125 0.134375 0.8125 0.134375 0.825 0.1203125 0.8265625 0.1171875 0.825 0.1171875 0.8140625
1 0.1625 0.8125 0.1640625 0.825 0.1609375 0.8265625 0.1453125 0.825 0.146875 0.8125 0.1609375 0.8125
1 0.175 0.8125 0.1921875 0.8125 0.1921875 0.8265625 0.190625 0.825 0.1859375 0.8265625 0.175 0.825 0.1734375 0.8234375 0.175 0.8140625
1 0.2046875 0.8125 0.2203125 0.8125 0.221875 0.8140625 0.2203125 0.8265625 0.20625 0.8265625 0.2046875 0.8140625
1 0.1171875 0.83125 0.1328125 0.83125 0.134375 0.8328125 0.134375 0.8453125 0.11875 0.8453125 0.1171875 0.8328125
1 0.1453125 0.83125 0.1625 0.83125 0.1640625 0.8328125 0.1625 0.8453125 0.146875 0.8453125 0.1453125 0.8328125
1 0.175 0.83125 0.1921875 0.83125 0.1921875 0.8453125 0.175 0.84375 0.1734375 0.8421875 0.175 0.8328125
1 0.2046875 0.83125 0.221875 0.83125 0.221875 0.84375 0.2171875 0.8453125 0.2046875 0.84375 0.2046875 0.8328125