5 0.49070665468749997 0.5121911875 0.5299348234375 0.8316789859375 0.5975173703125 0.8233808937499999 0.5582892015625001 0.50389309375 0.49070665468749997 0.5121911875
0 0.4645380640625 0.2532892296875 0.48085017968750005 0.2504738453125 0.458885725 0.0622313796875 0.44161460625000004 0.061914482812500005 0.438046603125 0.065602609375 0.46055311874999993 0.248903471875 0.4645380640625 0.2532892296875
0 0.4556698375 0.44412146249999995 0.4550934546875 0.4289902078125 0.4408604921875 0.313072025 0.418028896875 0.3142503765625 0.4160602390625 0.3169296203125 0.4209981390625 0.3618237671875 0.4513433796875 0.604287740625 0.47474085 0.6030399078124999 0.4761436328125 0.6004301453124999 0.46122862343750004 0.4836353203125 0.4591394734375 0.46981107343749995 0.458051996875 0.4522294890625 0.4556698375 0.44412146249999995
0 0.34074243125 0.21811393125 0.35931805 0.2150206234375 0.34052242499999996 0.0572643765625 0.3210860859375 0.058025842187499996 0.3227538515625 0.09032138281249999 0.3385533953125 0.214320171875 0.34074243125 0.21811393125
0 0.44879335468750003 0.854853284375 0.450884109375 0.8578466046875001 0.46653206718750007 0.8543002609375 0.4428223578125 0.6565219890625 0.44063332187500004 0.6527282296875 0.42592055 0.65453473125 0.42395189218749996 0.6572139765625 0.44879335468750003 0.854853284375
0 0.215677459375 0.4252218484375 0.21282426562499998 0.42069712812500004 0.1941503640625 0.4229899953125 0.1923038015625 0.43134180468750005 0.2253264625 0.7002897953125 0.2297790015625 0.7038056312500001 0.24722287031249998 0.7008512859375 0.248625653125 0.698241521875 0.23643871875000003 0.5989869062500001 0.2307016953125 0.5546905718749999 0.2270233296875 0.5223047109375 0.215677459375 0.4252218484375
0 0.1912616359375 0.33396881562499997 0.164135878125 0.113047253125 0.1463971640625 0.1136002765625 0.1446250703125 0.117880403125 0.171923575 0.3355307234375 0.1912616359375 0.33396881562499997
0 0.076301540625 0.7356504203124999 0.19277367343750001 0.7205369312500001 0.1825553984375 0.618603071875 0.1557959296875 0.4146992015625 0.035830259375 0.429429134375 0.07317731718750001 0.733596503125 0.076301540625 0.7356504203124999
0 0.1437775171875 1 0.136816990625 0.944441415625 0.125636690625 0.847406475 0.122315903125 0.8437516765625 0.10024674687499999 0.846461428125 0.11801962343750001 1 0.1437775171875 1
0 0.8713249 0.3804688140625 0.88990051875 0.37737550625 0.86287304375 0.157254384375 0.8450360484375 0.15700696875 0.8419356390624999 0.15982517499999999 0.8680785796875 0.3727423328125 0.8713249 0.3804688140625
0 0.8116996562500001 0.30653908125 0.7776197125000001 0.033658370312500005 0.7553539921875 0.034767240625 0.753385334375 0.0374464859375 0.787366996875 0.30952675625000003 0.8116996562500001 0.30653908125
0 0.7722815187500001 0.4860682234375 0.78945435625 0.4855846796875 0.766703646875 0.290938690625 0.7632845781250001 0.2864834515625 0.7514011859374999 0.2879425484375 0.7483990578124999 0.2915611953125 0.7722815187500001 0.4860682234375
3 0.8735015625000001 0.24175832812500003 0.8798820125000001 0.29372292187500004 0.891029765625 0.29235415 0.8846493171875001 0.24038955624999997 0.8735015625000001 0.24175832812500003
3 0.7939921484375 0.1560308640625 0.797773046875 0.18682380781250002 0.808801965625 0.1854696265625 0.8050210671875 0.1546766828125 0.7939921484375 0.1560308640625
3 0.7750904656250001 0.35653050625 0.7830050921875 0.420989975 0.7928286953125 0.4197837875 0.78491406875 0.35532431875000003 0.7750904656250001 0.35653050625
3 0.46897452656249994 0.143275309375 0.4722453421875 0.16991396718750001 0.4855434234375 0.1682811671875 0.48227260781250003 0.141642509375 0.46897452656249994 0.143275309375
3 0.45623233125 0.43316641562499997 0.462520396875 0.48437859375 0.4737700078125 0.48299731562500003 0.4674819421875 0.4317851359375 0.45623233125 0.43316641562499997
3 0.45077307656250004 0.72904116875 0.457307828125 0.782262453125 0.4717829328125 0.780485134375 0.4652481796875 0.72726385 0.45077307656250004 0.72904116875
3 0.3480416046875 0.12374273124999999 0.3513998921875 0.15109378125 0.36484510000000003 0.1494429171875 0.3614868140625 0.12209186718750001 0.3480416046875 0.12374273124999999
3 0.2275977234375 0.5342105515625 0.23484698437499998 0.5932510390625 0.24752826093750002 0.5916939734375 0.240279 0.5326534859375001 0.2275977234375 0.5342105515625
3 0.1735179765625 0.19324763125 0.18075249531249998 0.252168053125 0.193745003125 0.2505727734375 0.1865104859375 0.1916523515625 0.1735179765625 0.19324763125
3 0.1321635078125 0.9055687828125001 0.138164590625 0.9544436765625001 0.150840209375 0.9528873062500001 0.144839128125 0.9040124125 0.1321635078125 0.9055687828125001
3 0.8910539296875 0.669915490625 0.8947119765625 0.699707884375 0.9091135156249999 0.697939596875 0.9054554687499999 0.668147203125 0.8910539296875 0.669915490625
1 0.771875 0.5796875 0.7859375 0.578125 0.7890625 0.5984375 0.775 0.6015625 0.771875 0.58125
1 0.234375 0.9 0.2375 0.9171875 0.23125 0.91875 0.225 0.91875 0.2234375 0.915625 0.2234375 0.9015625 0.2328125 0.9
1 0.2296875 0.8703125 0.2328125 0.8765625 0.2328125 0.8890625 0.2296875 0.890625 0.21875 0.8890625 0.2171875 0.8765625 0.21875 0.871875 0.228125 0.871875
1 0.2140625 0.84375 0.228125 0.84375 0.2296875 0.8515625 0.2296875 0.859375 0.21875 0.8625 0.215625 0.8578125 0.2140625 0.8453125
1 0.2125 0.83125 0.2109375 0.825 0.2125 0.8140625 0.2234375 0.8140625 0.2265625 0.8265625 0.225 0.83125 0.2140625 0.83125
1 0.2046875 0.9203125 0.203125 0.915625 0.2046875 0.903125 0.215625 0.903125 0.21875 0.915625 0.2171875 0.9203125 0.20625 0.9203125
1 0.20703125 0.8828125 0.01875 0.021875
1 0.1953125 0.846875 0.209375 0.8453125 0.2109375 0.853125 0.2109375 0.8625 0.2015625 0.865625 0.1984375 0.8625 0.1953125 0.8484375
1 0.20625 0.815625 0.2078125 0.8328125 0.2 0.834375 0.1953125 0.834375 0.1921875 0.821875 0.19375 0.8171875 0.2046875 0.815625