0 0.3671875 0.7625 0.36875 0.7640625 0.375 0.7625 0.390625 0.7640625 0.3953125 0.7625 0.55 0.7640625 0.5515625 0.7796875 0.365625 0.7796875 0.3640625 0.778125 0.365625 0.7640625
0 0.615625 0.49375 0.9375 0.49375 0.9375 0.515625 0.9359375 0.5171875 0.6171875 0.5171875 0.6140625 0.5125 0.615625 0.4953125
0 0.084375 0.1328125 0.0859375 0.134375 0.0921875 0.1328125 0.2109375 0.1328125 0.2125 0.134375 0.2265625 0.1328125 0.3421875 0.134375 0.3484375 0.1328125 0.3515625 0.134375 0.3515625 0.1484375 0.3234375 0.1515625 0.3171875 0.15 0.3125 0.1515625 0.040625 0.15 0.0390625 0.134375 0.0828125 0.1328125
0 0.8390625 0.0921875 0.840625 0.09375 0.840625 0.1109375 0.5359375 0.1109375 0.534375 0.109375 0.534375 0.09375 0.5375 0.0921875 0.8046875 0.0921875 0.80625 0.09375 0.8375 0.0921875
0 0.31875 0.2296875 0.3203125 0.23125 0.4015625 0.23125 0.4015625 0.2453125 0.3984375 0.246875 0.29375 0.246875 0.2921875 0.2484375 0.2859375 0.246875 0.2765625 0.2484375 0.2734375 0.246875 0.225 0.246875 0.2234375 0.23125 0.3171875 0.2296875
0 0.0453125 0.384375 0.3515625 0.384375 0.353125 0.3859375 0.353125 0.4046875 0.328125 0.4046875 0.3265625 0.40625 0.3109375 0.40625 0.309375 0.4046875 0.296875 0.40625 0.0453125 0.4046875 0.04375 0.403125 0.04375 0.3875 0.0453125 0.3859375
0 0.6015625 0.68125 0.603125 0.6828125 0.60625 0.68125 0.66875 0.68125 0.6703125 0.6828125 0.6703125 0.703125 0.6671875 0.7046875 0.4890625 0.703125 0.4875 0.7015625 0.4875 0.6828125 0.4890625 0.68125 0.6 0.68125
0 0.85703125 0.346875 0.16796875 0.025
0 0.428125 0.1375 0.609375 0.1375 0.609375 0.1578125 0.5234375 0.1578125 0.521875 0.159375 0.5203125 0.1578125 0.4265625 0.1578125 0.4265625 0.140625 0.428125 0.1390625
0 0.178125 0.296875 0.1796875 0.2984375 0.2421875 0.296875 0.24375 0.2984375 0.24375 0.3203125 0.0625 0.3203125 0.0609375 0.31875 0.0609375 0.3 0.0640625 0.296875 0.0703125 0.2984375 0.1765625 0.296875
2 0.766935484375 0.8825541625 0.7693548390625 0.830102621875 0.7661290328125 0.8261117453125 0.7258064515625 0.82440136875 0.7129032265624999 0.8261117453125 0.70967741875 0.82440136875 0.595161290625 0.8272519953125 0.5943548390625 0.878563284375 0.5975806453125 0.8848346640625 0.716935484375 0.886545040625 0.766935484375 0.8825541625
3 0.541125 0.12659920156249999 0.4867943546875 0.12659920156249999 0.4867943546875 0.13650228125 0.541125 0.13650228125 0.541125 0.12659920156249999
3 0.7086693546875 0.0822633984375 0.6639274187499999 0.0822633984375 0.6639274187499999 0.09246864375 0.7086693546875 0.09246864375 0.7086693546875 0.0822633984375
3 0.8702298390625 0.3222063859375 0.8417056453124999 0.3222063859375 0.8417056453124999 0.3353306734375 0.8702298390625 0.3353306734375 0.8702298390625 0.3222063859375
3 0.1656532265625 0.285188140625 0.139637096875 0.285188140625 0.139637096875 0.2963740015625 0.1656532265625 0.2963740015625 0.1656532265625 0.285188140625
3 0.2111733875 0.3720239453125 0.1784233875 0.3720239453125 0.1784233875 0.38346066093750003 0.2111733875 0.38346066093750003 0.2111733875 0.3720239453125
3 0.788862903125 0.47942417343750005 0.758959678125 0.47942417343750005 0.758959678125 0.49236602031250004 0.788862903125 0.49236602031250004 0.788862903125 0.47942417343750005
3 0.60389919375 0.6677194984375 0.55014919375 0.6677194984375 0.55014919375 0.6807183578125 0.60389919375 0.6807183578125 0.60389919375 0.6677194984375
3 0.48337903281249994 0.7522690984375 0.43120161250000005 0.7522690984375 0.43120161250000005 0.7627252 0.48337903281249994 0.7627252 0.48337903281249994 0.7522690984375
3 0.2054072578125 0.12065849531249999 0.1790766125 0.12065849531249999 0.1790766125 0.131177309375 0.2054072578125 0.131177309375 0.2054072578125 0.12065849531249999
3 0.3366048390625 0.2189196125 0.28315322656249997 0.2189196125 0.28315322656249997 0.2289823265625 0.3366048390625 0.2289823265625 0.3366048390625 0.2189196125
1 0.8140625 0.796875 0.8375 0.796875 0.8359375 0.8125 0.8140625 0.8125 0.8140625 0.7984375
1 0.8140625 0.8234375 0.834375 0.821875 0.8375 0.825 0.8359375 0.8390625 0.8140625 0.8390625 0.8140625 0.825
1 0.8453125 0.85 0.8671875 0.85 0.86875 0.8515625 0.86875 0.865625 0.8453125 0.865625 0.8453125 0.8515625