0 0.7390625 0.303125 0.784375 0.4796875 0.784375 0.484375 0.7765625 0.4875 0.76875 0.4859375 0.7546875 0.425 0.75 0.4171875 0.740625 0.3796875 0.7421875 0.375 0.7375 0.3671875 0.73125 0.3421875 0.73125 0.3328125 0.7265625 0.3234375 0.7265625 0.3125 0.7234375 0.309375 0.7296875 0.3046875 0.7375 0.303125
0 0.540625 0.609375 0.546875 0.6125 0.6234375 0.921875 0.6046875 0.928125 0.6 0.9265625 0.5234375 0.6203125 0.5234375 0.615625 0.528125 0.6125 0.5390625 0.6109375
0 0.05 0.140625 0.06875 0.2171875 0.0734375 0.225 0.071875 0.2296875 0.0765625 0.2375 0.075 0.2421875 0.078125 0.24375 0.0796875 0.25 0.078125 0.2546875 0.0828125 0.2734375 0.0875 0.2828125 0.1 0.33125 0.1 0.3421875 0.10625 0.359375 0.1046875 0.3609375 0.1078125 0.3734375 0.1125 0.38125 0.1171875 0.4 0.1171875 0.409375 0.1203125 0.4125 0.11875 0.4171875 0.125 0.440625 0.1234375 0.44375 0.1125 0.446875 0.1078125 0.44375 0.1078125 0.434375 0.096875 0.4015625 0.09375 0.3890625 0.0953125 0.384375 0.0859375 0.346875 0.08125 0.3390625 0.078125 0.3265625 0.0796875 0.3203125 0.0734375 0.3078125 0.046875 0.2 0.046875 0.1890625 0.04375 0.1875 0.0375 0.1625 0.0390625 0.1578125 0.034375 0.14375 0.0484375 0.140625
0 0.1296875 0.6296875 0.1328125 0.63125 0.20625 0.9265625 0.190625 0.93125 0.1859375 0.9265625 0.1828125 0.9140625 0.1828125 0.903125 0.178125 0.8953125 0.1140625 0.6375 0.1171875 0.6328125 0.128125 0.63125
0 0.1734375 0.2984375 0.1875 0.2953125 0.190625 0.3 0.23125 0.4640625 0.2296875 0.46875 0.21875 0.471875 0.215625 0.4703125 0.1984375 0.396875 0.19375 0.3890625 0.190625 0.3765625 0.190625 0.365625 0.1734375 0.3
0 0.3171875 0.15 0.3234375 0.175 0.321875 0.1796875 0.325 0.18125 0.3234375 0.1859375 0.328125 0.19375 0.3390625 0.2375 0.3375 0.240625 0.340625 0.24375 0.34375 0.25625 0.3421875 0.2609375 0.34375 0.2671875 0.346875 0.26875 0.3484375 0.284375 0.3515625 0.2875 0.3609375 0.325 0.359375 0.3296875 0.3625 0.340625 0.365625 0.34375 0.36875 0.35625 0.3671875 0.3609375 0.3734375 0.38125 0.3703125 0.384375 0.35625 0.3875 0.3515625 0.3828125 0.2796875 0.09375 0.2796875 0.0890625 0.2828125 0.0859375 0.2953125 0.0828125 0.2984375 0.084375 0.30625 0.1171875 0.3109375 0.125 0.3125 0.13125 0.3109375 0.1359375 0.315625 0.15
0 0.7109375 0.4953125 0.7140625 0.515625 0.7171875 0.5203125 0.725 0.5515625 0.725 0.5625 0.7296875 0.5703125 0.740625 0.6140625 0.7390625 0.61875 0.721875 0.6234375 0.7171875 0.621875 0.703125 0.565625 0.703125 0.5578125 0.7 0.553125 0.675 0.453125 0.6765625 0.4453125 0.6953125 0.4421875 0.7 0.4609375 0.703125 0.4640625 0.703125 0.475 0.709375 0.4953125
0 0.4328125 0.80625 0.4328125 0.81875 0.4375 0.825 0.4625 0.9265625 0.4625 0.934375 0.465625 0.9390625 0.4703125 0.9578125 0.4671875 0.965625 0.4546875 0.96875 0.4484375 0.96875 0.446875 0.965625 0.4078125 0.809375 0.4109375 0.80625 0.421875 0.803125 0.4296875 0.803125 0.43125 0.80625
0 0.1515625 0.5140625 0.1953125 0.6875 0.19375 0.6921875 0.18125 0.6953125 0.175 0.6953125 0.1328125 0.5265625 0.1328125 0.5203125 0.1359375 0.5171875 0.15 0.5140625
0 0.21875 0.1203125 0.221875 0.121875 0.2640625 0.2921875 0.2625 0.2984375 0.24375 0.303125 0.240625 0.3 0.2359375 0.28125 0.2375 0.2765625 0.2328125 0.2578125 0.228125 0.25 0.2296875 0.24375 0.225 0.2375 0.2125 0.1875 0.209375 0.1734375 0.2109375 0.16875 0.203125 0.1484375 0.2046875 0.1453125 0.203125 0.1375 0.1984375 0.1296875 0.203125 0.1234375 0.2171875 0.1203125
2 0.885459996875 0.681494796875 0.9357682078125 0.66645813125 0.9275444453125001 0.6169778640625 0.8970103249999999 0.5015821515625001 0.8901448390625 0.49996935000000003 0.8405528125 0.5131651703125 0.8654908203125 0.6249693093750001 0.8679307843749999 0.62768551875 0.8693927859375 0.640619240625 0.8808072734374999 0.6793302921875 0.885459996875 0.681494796875
3 0.1572487546875 0.62784146875 0.1441049828125 0.5751246765625 0.134496065625 0.5775204484375001 0.1476398390625 0.630237240625 0.1572487546875 0.62784146875
3 0.155055753125 0.801061740625 0.1442316984375 0.7576488328125001 0.1343295921875 0.7601177046875 0.14515364687500001 0.8035306140625 0.155055753125 0.801061740625
3 0.42978876093749996 0.899069546875 0.42288813437500006 0.8713926421875 0.41015369375 0.8745676953125001 0.4170543203125 0.9022445984375 0.42978876093749996 0.899069546875
3 0.221536759375 0.2248463421875 0.2152428875 0.19960300312499998 0.20438929374999998 0.20230910781250003 0.21068316562499997 0.227552446875 0.221536759375 0.2248463421875
3 0.3170488953125 0.247946190625 0.309125953125 0.2161690046875 0.2980289578125 0.218935796875 0.3059519 0.25071298125 0.3170488953125 0.247946190625
3 0.56247504375 0.7821292671875 0.5552407984375 0.7531142953125001 0.5426833796875 0.7562452125 0.549917625 0.7852601828125 0.56247504375 0.7821292671875
3 0.700485740625 0.5570932156249999 0.6874824375 0.5049398203125001 0.6748697 0.5080845296875001 0.687873003125 0.560237925 0.700485740625 0.5570932156249999
3 0.7509001625 0.42031376875 0.7382773031250001 0.369686240625 0.7281317921875 0.3722158 0.7407546515625001 0.42284332812500003 0.7509001625 0.42031376875
3 0.07086448437500001 0.30338420625 0.064494525 0.27783569375 0.054288165624999996 0.28038042500000004 0.06065812499999999 0.3059289375 0.07086448437500001 0.30338420625
3 0.1975038421875 0.4070234828125 0.18457272656249998 0.3551596125 0.17480891875 0.357594003125 0.187740034375 0.4094578734375 0.1975038421875 0.4070234828125
1 0.865625 0.734375 0.8796875 0.73125 0.8859375 0.7515625 0.8828125 0.7546875 0.88125 0.753125 0.878125 0.75625 0.8703125 0.7578125 0.865625 0.7359375
1 0.90625 0.725 0.9109375 0.746875 0.8984375 0.7515625 0.89375 0.7484375 0.8953125 0.74375 0.890625 0.7296875 0.9046875 0.725
1 0.9390625 0.7484375 0.9453125 0.771875 0.93125 0.775 0.928125 0.7703125 0.925 0.753125 0.9375 0.75