0 0.759375 0.45625 0.7609375 0.44375 0.7578125 0.4234375 0.765625 0.4203125 0.7734375 0.4203125 0.775 0.4265625 0.7859375 0.5453125 0.7921875 0.590625 0.7921875 0.60625 0.790625 0.6078125 0.778125 0.6078125 0.7734375 0.590625 0.775 0.5796875 0.771875 0.575 0.76875 0.5453125 0.7703125 0.5390625 0.7671875 0.53125 0.7671875 0.5171875 0.7640625 0.5015625 0.765625 0.4875 0.7609375 0.45625
0 0.4703125 0.0640625 0.4734375 0.06875 0.490625 0.246875 0.50625 0.38125 0.5046875 0.384375 0.49375 0.3875 0.4828125 0.3859375 0.48125 0.38125 0.4484375 0.06875 0.45 0.065625 0.46875 0.0640625
0 0.153125 0.6859375 0.16875 0.6875 0.1703125 0.7109375 0.1734375 0.7140625 0.171875 0.721875 0.175 0.728125 0.1765625 0.7421875 0.175 0.75625 0.178125 0.7703125 0.178125 0.7859375 0.1828125 0.8015625 0.1828125 0.815625 0.1859375 0.83125 0.184375 0.8375 0.1875 0.846875 0.1859375 0.859375 0.1921875 0.89375 0.190625 0.903125 0.19375 0.90625 0.1921875 0.91875 0.2 0.98125 0.2 0.9953125 0.1859375 0.996875 0.184375 0.98125 0.18125 0.978125 0.1796875 0.946875 0.1765625 0.9359375 0.1765625 0.921875 0.165625 0.83125 0.1671875 0.81875 0.1625 0.8015625 0.1640625 0.79375 0.1625 0.7734375 0.1546875 0.728125 0.15625 0.7140625 0.1546875 0.7 0.1515625 0.69375 0.153125 0.6875
0 0.090625 0.50625 0.0671875 0.2703125 0.0640625 0.2546875 0.0640625 0.2296875 0.0609375 0.225 0.059375 0.209375 0.0609375 0.2046875 0.0671875 0.203125 0.078125 0.203125 0.0796875 0.209375 0.0796875 0.2234375 0.109375 0.4921875 0.1078125 0.5078125 0.09375 0.509375 0.0921875 0.50625
0 0.24375 0.6265625 0.2578125 0.625 0.2609375 0.6328125 0.26875 0.721875 0.2734375 0.7375 0.271875 0.746875 0.278125 0.796875 0.2765625 0.803125 0.2625 0.8046875 0.25625 0.7390625 0.2515625 0.721875 0.2515625 0.69375 0.24375 0.628125
0 0.4203125 0.65625 0.4234375 0.68125 0.4265625 0.684375 0.4265625 0.7109375 0.4296875 0.7140625 0.4296875 0.728125 0.4328125 0.74375 0.43125 0.7578125 0.434375 0.7609375 0.434375 0.784375 0.4375 0.7890625 0.4375 0.803125 0.44375 0.8484375 0.4421875 0.8578125 0.4453125 0.8625 0.44375 0.865625 0.4484375 0.8921875 0.446875 0.90625 0.4515625 0.921875 0.45 0.9359375 0.453125 0.9640625 0.434375 0.965625 0.43125 0.9515625 0.4046875 0.6859375 0.4015625 0.6703125 0.4015625 0.6609375 0.4046875 0.6578125 0.41875 0.6578125
0 0.6640625 0.3125 0.684375 0.3109375 0.6875 0.3140625 0.6921875 0.35625 0.690625 0.3703125 0.69375 0.3734375 0.696875 0.4171875 0.7 0.43125 0.6984375 0.4375 0.7 0.459375 0.703125 0.4640625 0.7015625 0.4703125 0.703125 0.4921875 0.6828125 0.49375 0.68125 0.490625 0.6734375 0.403125 0.6703125 0.3875 0.671875 0.378125 0.66875 0.371875 0.6640625 0.3140625
0 0.3125 0.078125 0.315625 0.08125 0.3171875 0.0921875 0.3171875 0.109375 0.3203125 0.121875 0.3203125 0.1359375 0.3296875 0.2109375 0.328125 0.225 0.33125 0.2328125 0.33125 0.2421875 0.321875 0.2453125 0.309375 0.2453125 0.3078125 0.240625 0.2921875 0.0921875 0.29375 0.0796875 0.3109375 0.078125
0 0.1484375 0.428125 0.16875 0.6078125 0.1625 0.6109375 0.15 0.6109375 0.146875 0.6078125 0.1328125 0.4609375 0.1296875 0.4453125 0.1296875 0.4296875 0.146875 0.428125
0 0.3484375 0.775 0.3671875 0.9421875 0.3671875 0.95625 0.359375 0.9578125 0.346875 0.9578125 0.34375 0.9546875 0.3453125 0.94375 0.340625 0.9265625 0.3421875 0.9140625 0.3390625 0.909375 0.3328125 0.853125 0.334375 0.8390625 0.33125 0.834375 0.3328125 0.825 0.33125 0.809375 0.3265625 0.79375 0.3265625 0.7765625 0.346875 0.775
2 0.8725265453125 0.36272773593749996 0.8617515734375001 0.2438479515625 0.8525561343750001 0.1945390171875 0.8001390374999999 0.1976155953125 0.7965072125 0.201240890625 0.7990210624999999 0.24152136249999998 0.8020708234375 0.2541751203125 0.80070700625 0.2575620390625 0.8155122109375 0.37115286406250003 0.866626709375 0.3665914078125 0.8725265453125 0.36272773593749996
3 0.124345996875 0.49813129843750004 0.1300250953125 0.552164315625 0.139873925 0.5511291609375 0.13419482656249998 0.49709614531249996 0.124345996875 0.49813129843750004
3 0.062739915625 0.3361391234375 0.067416721875 0.3806359578125 0.0775660625 0.37956921875 0.07288925625 0.335072384375 0.062739915625 0.3361391234375
3 0.2844808015625 0.15038281250000002 0.2874623921875 0.178750746875 0.3005147828125 0.1773788859375 0.29753319375 0.14901095 0.2844808015625 0.15038281250000002
3 0.32131365624999997 0.854969140625 0.3240330828125 0.8808427515625 0.3351576671875 0.879673509375 0.332438240625 0.8537999 0.32131365624999997 0.854969140625
3 0.4029156140625 0.8006215296875 0.4063389203125 0.833192121875 0.41771298437500004 0.8319966609374999 0.414289678125 0.79942606875 0.4029156140625 0.8006215296875
3 0.44934249531250003 0.21487027812499998 0.45246823281250004 0.24460968906249997 0.4653391828125 0.2432568984375 0.46221344531249997 0.21351748593750003 0.44934249531250003 0.21487027812499998
3 0.655940290625 0.379138515625 0.6615586953125 0.43259406718750004 0.6744863453125001 0.4312353171875 0.668867940625 0.37777976406249997 0.655940290625 0.379138515625
3 0.75262450625 0.4901606140625 0.75807853125 0.5420522015625 0.768477353125 0.540959240625 0.763023328125 0.4890676546875 0.75262450625 0.4901606140625
3 0.15352989374999998 0.8326309171874999 0.156282196875 0.8588173203125 0.1667433875 0.8577178046875 0.1639910859375 0.8315314015625 0.15352989374999998 0.8326309171874999
3 0.23753884531249997 0.691880965625 0.24312606093750003 0.745039765625 0.25313365 0.743987925 0.247546434375 0.6908291265625001 0.23753884531249997 0.691880965625
1 0.76875 0.1328125 0.7765625 0.134375 0.778125 0.15625 0.765625 0.1578125 0.7625 0.15625 0.7609375 0.134375 0.7671875 0.1328125
1 0.7984375 0.1296875 0.803125 0.13125 0.8046875 0.153125 0.7953125 0.1546875 0.7890625 0.1546875 0.7890625 0.14375 0.7859375 0.134375 0.7890625 0.13125 0.796875 0.1296875
1 0.8125 0.1203125 0.8109375 0.0984375 0.8234375 0.0953125 0.8265625 0.096875 0.828125 0.11875 0.8140625 0.1203125