5 0.9671875 0.6609375 0.9671875 0.7390625 0.803125 0.7390625 0.803125 0.6625 0.8046875 0.6609375 0.965625 0.6609375
0 0.190625 0.30625 0.1921875 0.3078125 0.2265625 0.3078125 0.228125 0.30625 0.275 0.3078125 0.2765625 0.321875 0.271875 0.3234375 0.2640625 0.321875 0.259375 0.3234375 0.240625 0.3234375 0.2390625 0.321875 0.23125 0.3234375 0.2296875 0.321875 0.2171875 0.3234375 0.209375 0.321875 0.1921875 0.321875 0.190625 0.3234375 0.0375 0.321875 0.0375 0.3078125 0.1890625 0.30625
0 0.75 0.1859375 0.940625 0.1859375 0.9390625 0.2015625 0.753125 0.2015625 0.75 0.2 0.75 0.1875
0 0.39375 0.4390625 0.5140625 0.4390625 0.515625 0.4375 0.5359375 0.4375 0.5375 0.4390625 0.553125 0.4375 0.55625 0.4390625 0.5609375 0.4375 0.7046875 0.4390625 0.7109375 0.4375 0.7125 0.4390625 0.7125 0.459375 0.7109375 0.4609375 0.3953125 0.4609375 0.39375 0.459375 0.39375 0.440625
0 0.340625 0.6671875 0.3421875 0.66875 0.4890625 0.66875 0.490625 0.6703125 0.490625 0.6859375 0.4890625 0.6875 0.2984375 0.6875 0.296875 0.6890625 0.1875 0.6875 0.1859375 0.671875 0.1890625 0.66875 0.31875 0.66875 0.3203125 0.6671875 0.3265625 0.66875 0.3390625 0.6671875
0 0.240625 0.51875 0.2421875 0.5203125 0.2453125 0.51875 0.421875 0.51875 0.421875 0.540625 0.4203125 0.5421875 0.1078125 0.5421875 0.10625 0.540625 0.10625 0.521875 0.1078125 0.5203125 0.1703125 0.5203125 0.171875 0.51875 0.175 0.5203125 0.2328125 0.5203125 0.2390625 0.51875
0 0.5953125 0.059375 0.596875 0.0609375 0.6078125 0.059375 0.615625 0.0609375 0.7171875 0.0609375 0.71875 0.075 0.715625 0.078125 0.66875 0.078125 0.6671875 0.0796875 0.4890625 0.078125 0.4890625 0.0609375 0.59375 0.0609375
0 0.175 0.203125 0.4640625 0.203125 0.4640625 0.225 0.4625 0.2265625 0.34375 0.2265625 0.3421875 0.228125 0.321875 0.228125 0.3203125 0.2265625 0.175 0.228125 0.1734375 0.2265625 0.1734375 0.20625 0.175 0.2046875
0 0.85 0.2546875 0.853125 0.25625 0.8546875 0.36875 0.853125 0.3703125 0.7796875 0.3703125 0.778125 0.371875 0.7734375 0.3703125 0.75625 0.3703125 0.7546875 0.371875 0.7453125 0.3703125 0.48125 0.371875 0.478125 0.3671875 0.478125 0.2578125 0.509375 0.2546875 0.5328125 0.2546875 0.534375 0.25625 0.8484375 0.2546875
0 0.8796875 0.8203125 0.878125 0.81875 0.8765625 0.8203125 0.8578125 0.8203125 0.85625 0.81875 0.8546875 0.8203125 0.8203125 0.8203125 0.81875 0.81875 0.8171875 0.8203125 0.640625 0.8203125 0.6390625 0.81875 0.6390625 0.8 0.640625 0.7984375 0.753125 0.7984375 0.7546875 0.796875 0.8859375 0.7984375 0.8875 0.8 0.8859375 0.8125 0.8875 0.8171875 0.88125 0.81875
0 0.409375 0.15 0.621875 0.15 0.6234375 0.1515625 0.6234375 0.1671875 0.621875 0.16875 0.409375 0.16875 0.409375 0.1515625
2 0.503125 0.853125 0.5046875 0.8546875 0.546875 0.8546875 0.55 0.859375 0.5484375 0.8703125 0.5515625 0.8890625 0.55 0.89375 0.5515625 0.896875 0.5515625 0.91875 0.55 0.9203125 0.5515625 0.9578125 0.546875 0.9671875 0.5375 0.965625 0.5359375 0.9671875 0.503125 0.9671875 0.5015625 0.96875 0.49375 0.96875 0.4890625 0.965625 0.4859375 0.9671875 0.4484375 0.9671875 0.446875 0.96875 0.41875 0.965625 0.39375 0.9671875 0.3921875 0.9640625 0.39375 0.95625 0.3921875 0.9546875 0.39375 0.9421875 0.3921875 0.940625 0.3921875 0.9203125 0.39375 0.91875 0.3921875 0.915625 0.39375 0.9109375 0.3921875 0.90625 0.39375 0.865625 0.3921875 0.8625 0.39375 0.85625 0.3953125 0.8546875 0.4265625 0.85625 0.428125 0.8546875 0.4828125 0.8546875 0.484375 0.853125 0.4953125 0.8546875 0.5015625 0.853125
1 0.321875 0.265625 0.3390625 0.265625 0.340625 0.2671875 0.3390625 0.278125 0.321875 0.278125 0.321875 0.2671875
1 0.359375 0.2640625 0.375 0.265625 0.3765625 0.2765625 0.375 0.278125 0.3578125 0.278125 0.35625 0.275 0.3578125 0.265625
1 0.3921875 0.265625 0.4109375 0.265625 0.4125 0.275 0.4109375 0.278125 0.39375 0.278125 0.3921875 0.2671875
1 0.428125 0.265625 0.446875 0.265625 0.446875 0.278125 0.428125 0.278125 0.428125 0.2671875
1 0.321875 0.2828125 0.3390625 0.2828125 0.340625 0.284375 0.340625 0.2953125 0.3375 0.296875 0.3234375 0.296875 0.321875 0.284375
1 0.3390625 0.3015625 0.340625 0.303125 0.3390625 0.315625 0.321875 0.3140625 0.3234375 0.3015625 0.3375 0.3015625
1 0.3578125 0.3015625 0.375 0.3015625 0.3765625 0.303125 0.3765625 0.3140625 0.3609375 0.315625 0.35625 0.3109375 0.3578125 0.303125
1 0.4453125 0.2828125 0.446875 0.284375 0.4453125 0.296875 0.4296875 0.296875 0.428125 0.2953125 0.4296875 0.2828125 0.44375 0.2828125
1 0.4453125 0.3015625 0.446875 0.3140625 0.4359375 0.315625 0.428125 0.3140625 0.428125 0.303125 0.44375 0.3015625