5 0.303125 0.0125 0.38125 0.0203125 0.3671875 0.18125 0.353125 0.1828125 0.2890625 0.1765625 0.303125 0.0140625
0 0.671875 0.7390625 0.6734375 0.740625 0.66875 0.778125 0.6703125 0.7875 0.6671875 0.7953125 0.6671875 0.8125 0.665625 0.8140625 0.6671875 0.825 0.665625 0.8484375 0.6625 0.8515625 0.6640625 0.865625 0.6625 0.8796875 0.659375 0.8859375 0.6609375 0.8875 0.659375 0.9203125 0.65625 0.925 0.6578125 0.9375 0.65625 0.95 0.653125 0.95625 0.6515625 0.9765625 0.6375 0.975 0.640625 0.9546875 0.6390625 0.9375 0.640625 0.9359375 0.640625 0.9203125 0.64375 0.9171875 0.6421875 0.9015625 0.6453125 0.8828125 0.6484375 0.8296875 0.653125 0.8109375 0.6515625 0.796875 0.6546875 0.79375 0.653125 0.7828125 0.65625 0.775 0.6546875 0.7734375 0.6546875 0.759375 0.6578125 0.753125 0.65625 0.7421875 0.659375 0.7375 0.6703125 0.7390625
0 0.8359375 0.0875 0.8390625 0.0859375 0.8515625 0.0875 0.8390625 0.246875 0.834375 0.278125 0.821875 0.2765625 0.8203125 0.2640625 0.8234375 0.2453125 0.8359375 0.0890625
0 0.5578125 0.2921875 0.5625 0.290625 0.58125 0.29375 0.578125 0.3078125 0.578125 0.325 0.56875 0.415625 0.5703125 0.43125 0.565625 0.453125 0.565625 0.4859375 0.5625 0.490625 0.5609375 0.5046875 0.553125 0.609375 0.55 0.6109375 0.53125 0.6078125 0.5578125 0.29375
0 0.321875 0.4921875 0.33125 0.4953125 0.33125 0.5109375 0.31875 0.6375 0.3203125 0.653125 0.3171875 0.6578125 0.31875 0.6640625 0.315625 0.6734375 0.30625 0.79375 0.303125 0.796875 0.2875 0.7953125 0.2875 0.778125 0.2890625 0.7765625 0.2875 0.7640625 0.290625 0.759375 0.290625 0.7296875 0.29375 0.7234375 0.2921875 0.7078125 0.29375 0.70625 0.29375 0.6890625 0.296875 0.6828125 0.2984375 0.6703125 0.3125 0.49375 0.3203125 0.4921875
0 0.44921875 0.73125 0.053125 0.3203125
0 0.9546875 0.31875 0.9578125 0.3234375 0.9484375 0.4140625 0.95 0.4296875 0.946875 0.4328125 0.9484375 0.4421875 0.9453125 0.45 0.9375 0.5484375 0.9203125 0.546875 0.9234375 0.51875 0.921875 0.5015625 0.9328125 0.39375 0.9328125 0.3765625 0.9375 0.3578125 0.9390625 0.3234375 0.9421875 0.31875 0.953125 0.31875
0 0.784375 0.559375 0.79375 0.5609375 0.79375 0.5671875 0.7859375 0.6390625 0.7703125 0.834375 0.76875 0.8484375 0.765625 0.85 0.7453125 0.8484375 0.74375 0.834375 0.746875 0.815625 0.753125 0.728125 0.7578125 0.7078125 0.75625 0.6921875 0.7609375 0.671875 0.76875 0.5671875 0.771875 0.559375 0.7828125 0.559375
0 0.6828125 0.159375 0.6953125 0.1625 0.775 0.16875 0.775 0.1890625 0.765625 0.2796875 0.7640625 0.3140625 0.7609375 0.3171875 0.7609375 0.3328125 0.7578125 0.3515625 0.759375 0.3671875 0.75625 0.3703125 0.75625 0.3859375 0.753125 0.4046875 0.7546875 0.421875 0.7515625 0.428125 0.746875 0.4765625 0.7484375 0.4875 0.746875 0.5109375 0.74375 0.5140625 0.74375 0.528125 0.740625 0.5421875 0.64375 0.534375 0.63125 0.5328125 0.6265625 0.528125 0.6421875 0.346875 0.6453125 0.3375 0.64375 0.3328125 0.6453125 0.3109375 0.65 0.290625 0.65 0.275 0.6515625 0.2734375 0.65 0.2578125 0.653125 0.2546875 0.653125 0.2328125 0.65625 0.2203125 0.659375 0.1671875 0.6625 0.1578125 0.68125 0.159375
0 0.21875 0.0859375 0.2203125 0.0875 0.225 0.0859375 0.2359375 0.0875 0.2375 0.09375 0.2296875 0.1671875 0.23125 0.178125 0.2296875 0.1828125 0.23125 0.184375 0.2296875 0.1859375 0.228125 0.21875 0.225 0.221875 0.215625 0.3328125 0.2140625 0.334375 0.1953125 0.3328125 0.19375 0.3265625 0.2078125 0.1828125 0.2078125 0.165625 0.2109375 0.153125 0.209375 0.1484375 0.2140625 0.1171875 0.2125 0.1125 0.2171875 0.0875
0 0.8578125 0.40625 0.859375 0.4078125 0.859375 0.4265625 0.85625 0.4453125 0.8421875 0.6203125 0.8234375 0.61875 0.8234375 0.6046875 0.834375 0.496875 0.840625 0.4078125 0.84375 0.4046875 0.85625 0.40625
2 0.05625 0.4078125 0.0609375 0.4109375 0.0671875 0.409375 0.075 0.4125 0.0921875 0.4109375 0.09375 0.4125 0.109375 0.4125 0.1125 0.415625 0.1140625 0.4140625 0.128125 0.415625 0.1359375 0.41875 0.1421875 0.4171875 0.1515625 0.421875 0.1484375 0.45 0.15 0.4671875 0.146875 0.4734375 0.1484375 0.4828125 0.1453125 0.4859375 0.1421875 0.5390625 0.1390625 0.5421875 0.140625 0.5515625 0.1390625 0.571875 0.13125 0.575 0.1203125 0.571875 0.1046875 0.5734375 0.1015625 0.5703125 0.0875 0.571875 0.084375 0.56875 0.06875 0.5703125 0.0375 0.565625 0.0328125 0.5671875 0.0265625 0.5640625 0.0265625 0.5515625 0.0296875 0.540625 0.028125 0.5375 0.0296875 0.5109375 0.0328125 0.496875 0.0328125 0.48125 0.0359375 0.4703125 0.0328125 0.4625 0.0375 0.44375 0.0375 0.4265625 0.040625 0.4109375 0.0546875 0.4078125
1 0.71875 0.678125 0.7203125 0.6796875 0.71875 0.696875 0.70625 0.6953125 0.7078125 0.6796875 0.7171875 0.678125
1 0.721875 0.6421875 0.7234375 0.64375 0.721875 0.6546875 0.7234375 0.659375 0.71875 0.6625 0.7125 0.6625 0.709375 0.659375 0.709375 0.653125 0.7109375 0.64375 0.7203125 0.6421875
1 0.7171875 0.60625 0.7265625 0.6078125 0.725 0.6265625 0.7125 0.625 0.7140625 0.6078125 0.715625 0.6078125
1 0.7171875 0.571875 0.7296875 0.571875 0.728125 0.590625 0.715625 0.590625 0.7171875 0.5734375
1 0.69453125 0.68671875 0.0171875 0.021875
1 0.6703125 0.675 0.684375 0.6765625 0.684375 0.6875 0.68125 0.69375 0.6703125 0.6921875 0.66875 0.6890625 0.6703125 0.6765625
1 0.675 0.6390625 0.6875 0.640625 0.6875 0.6515625 0.6859375 0.6578125 0.6828125 0.659375 0.6765625 0.659375 0.671875 0.6546875 0.675 0.65 0.675 0.640625
1 0.70390625 0.58125 0.0171875 0.0234375
1 0.68125 0.56875 0.69375 0.5703125 0.69375 0.5796875 0.690625 0.5875 0.6796875 0.5875 0.678125 0.58125 0.68125 0.5765625 0.68125 0.5703125