5 0.0765625 0.85 0.078125 0.8515625 0.0875 0.85 0.0921875 0.8515625 0.096875 0.85 0.10625 0.8515625 0.109375 0.85 0.1125 0.8515625 0.1234375 0.85 0.15 0.85 0.1515625 0.8515625 0.15625 0.85 0.1953125 0.85 0.196875 0.8515625 0.225 0.8515625 0.2265625 0.85 0.259375 0.85 0.2609375 0.8515625 0.2921875 0.8515625 0.29375 0.85 0.4703125 0.8515625 0.4796875 0.85 0.48125 0.8515625 0.49375 0.85 0.4953125 0.8515625 0.515625 0.8515625 0.515625 0.9265625 0.0640625 0.9265625 0.0625 0.925 0.0625 0.853125 0.0671875 0.85 0.075 0.85
5 0.6625 0.115625 0.6640625 0.1171875 0.690625 0.1171875 0.6921875 0.115625 0.69375 0.1171875 0.7 0.115625 0.715625 0.115625 0.7171875 0.1171875 0.7234375 0.115625 0.7328125 0.1171875 0.7453125 0.115625 0.746875 0.1171875 0.75 0.115625 0.759375 0.1171875 0.79375 0.1171875 0.7953125 0.115625 0.925 0.1171875 0.9265625 0.11875 0.9265625 0.1578125 0.6046875 0.1578125 0.603125 0.1546875 0.6046875 0.14375 0.603125 0.1421875 0.603125 0.125 0.6046875 0.1234375 0.603125 0.11875 0.6046875 0.1171875 0.609375 0.115625 0.6609375 0.115625
0 0.134375 0.296875 0.29375 0.296875 0.2953125 0.2953125 0.2984375 0.296875 0.421875 0.296875 0.421875 0.3125 0.4203125 0.3140625 0.134375 0.3140625 0.134375 0.2984375
0 0.565625 0.70625 0.5671875 0.690625 0.896875 0.690625 0.8984375 0.6921875 0.8984375 0.70625 0.5671875 0.70625
0 0.6296875 0.5640625 0.63125 0.565625 0.63125 0.5875 0.6296875 0.5890625 0.3078125 0.5890625 0.30625 0.5875 0.30625 0.565625 0.3078125 0.5640625 0.628125 0.5640625
0 0.246875 0.484375 0.2484375 0.4859375 0.25625 0.484375 0.38125 0.484375 0.3828125 0.4859375 0.3828125 0.5046875 0.3796875 0.50625 0.1125 0.50625 0.1125 0.4859375 0.115625 0.484375 0.2453125 0.484375
0 0.5515625 0.065625 0.553125 0.0671875 0.5625 0.065625 0.5703125 0.0671875 0.590625 0.0671875 0.5921875 0.065625 0.59375 0.0671875 0.6171875 0.0671875 0.61875 0.065625 0.6203125 0.0671875 0.796875 0.0671875 0.796875 0.0875 0.7953125 0.0890625 0.534375 0.0890625 0.5328125 0.0875 0.5328125 0.06875 0.55 0.065625
0 0.3734375 0.3390625 0.371875 0.3953125 0.0609375 0.3953125 0.0609375 0.3390625 0.0625 0.3375 0.225 0.3375 0.228125 0.3359375 0.2296875 0.3375 0.3703125 0.3375 0.371875 0.3390625
1 0.3859375 0.09453125 0.0234375 0.01640625
1 0.3453125 0.1125 0.365625 0.1125 0.3671875 0.115625 0.3640625 0.128125 0.3453125 0.128125 0.3453125 0.1140625
1 0.375 0.1125 0.396875 0.1125 0.396875 0.1265625 0.3921875 0.128125 0.375 0.1265625 0.375 0.1140625
1 0.1484375 0.5234375 0.171875 0.5234375 0.1734375 0.525 0.171875 0.540625 0.15 0.540625 0.1484375 0.525
1 0.184375 0.5234375 0.2078125 0.5234375 0.209375 0.525 0.2078125 0.540625 0.19375 0.5390625 0.1859375 0.540625 0.184375 0.525
1 0.2203125 0.5234375 0.24375 0.5234375 0.24375 0.540625 0.2203125 0.540625 0.21875 0.5390625 0.2203125 0.525