5 0.8515625 0.484375 0.9265625 0.484375 0.9265625 0.9359375 0.925 0.9375 0.853125 0.9375 0.85 0.9328125 0.8515625 0.921875 0.85 0.9125 0.8515625 0.9078125 0.85 0.903125 0.8515625 0.89375 0.85 0.890625 0.8515625 0.8875 0.85 0.8765625 0.85 0.85 0.8515625 0.8484375 0.85 0.84375 0.85 0.8046875 0.8515625 0.803125 0.8515625 0.775 0.85 0.7734375 0.85 0.740625 0.8515625 0.7390625 0.8515625 0.7078125 0.85 0.70625 0.8515625 0.5296875 0.85 0.5203125 0.8515625 0.51875 0.85 0.50625 0.8515625 0.5046875 0.8515625 0.4859375
5 0.115625 0.2546875 0.1171875 0.253125 0.115625 0.25 0.1171875 0.240625 0.1171875 0.20625 0.115625 0.2046875 0.1171875 0.075 0.11875 0.0734375 0.1578125 0.0734375 0.1578125 0.3953125 0.1546875 0.396875 0.14375 0.3953125 0.1421875 0.396875 0.125 0.396875 0.1234375 0.3953125 0.11875 0.396875 0.115625 0.390625 0.115625 0.3375 0.1171875 0.3359375 0.115625 0.26875 0.1171875 0.25625
0 0.296875 0.578125 0.3125 0.578125 0.3140625 0.5796875 0.3140625 0.865625 0.296875 0.865625 0.296875 0.70625 0.2953125 0.7046875 0.296875 0.7015625 0.296875 0.5796875
0 0.6984375 0.26796875 0.01875 0.334375
0 0.5875 0.36875 0.5890625 0.3703125 0.5890625 0.6921875 0.5875 0.69375 0.565625 0.69375 0.5640625 0.6921875 0.5640625 0.3703125 0.565625 0.36875 0.5859375 0.36875
0 0.5046875 0.6171875 0.50625 0.6203125 0.50625 0.8875 0.4859375 0.8875 0.484375 0.884375 0.484375 0.753125 0.4859375 0.7515625 0.484375 0.74375 0.484375 0.61875 0.4859375 0.6171875 0.503125 0.6171875
0 0.0671875 0.203125 0.0875 0.203125 0.0890625 0.2046875 0.0890625 0.465625 0.0875 0.4671875 0.06875 0.4671875 0.065625 0.4546875 0.0671875 0.446875 0.065625 0.4375 0.0671875 0.4296875 0.0671875 0.409375 0.065625 0.4078125 0.0671875 0.40625 0.0671875 0.3828125 0.065625 0.38125 0.0671875 0.3796875 0.0671875 0.2046875
0 0.3390625 0.6265625 0.3953125 0.628125 0.3953125 0.9390625 0.3390625 0.9390625 0.3375 0.9375 0.3375 0.775 0.3359375 0.771875 0.3375 0.7703125 0.3375 0.6296875 0.3390625 0.628125
1 0.0875 0.603125 0.1015625 0.603125 0.1015625 0.6234375 0.1 0.625 0.0875 0.6234375 0.0875 0.6046875
1 0.11875 0.6328125 0.128125 0.6359375 0.128125 0.6546875 0.1125 0.6546875 0.1125 0.634375 0.1171875 0.6328125
1 0.1125 0.603125 0.1265625 0.603125 0.128125 0.6078125 0.1265625 0.625 0.1125 0.625 0.1125 0.6046875
1 0.5234375 0.8515625 0.5234375 0.828125 0.525 0.8265625 0.540625 0.828125 0.540625 0.85 0.525 0.8515625
1 0.5234375 0.815625 0.5234375 0.7921875 0.525 0.790625 0.540625 0.7921875 0.5390625 0.80625 0.540625 0.8140625 0.525 0.815625
1 0.5234375 0.75625 0.540625 0.75625 0.540625 0.7796875 0.5390625 0.78125 0.5234375 0.7796875 0.5234375 0.7578125