5 0.025 0.11875 0.0921875 0.109375 0.096875 0.109375 0.1015625 0.115625 0.1 0.1265625 0.103125 0.134375 0.1015625 0.1390625 0.1046875 0.14375 0.10625 0.15625 0.1046875 0.165625 0.1078125 0.1703125 0.109375 0.1796875 0.1109375 0.1921875 0.109375 0.2 0.1125 0.2046875 0.115625 0.2296875 0.115625 0.2546875 0.121875 0.28125 0.1234375 0.3171875 0.1296875 0.3453125 0.134375 0.3828125 0.1328125 0.3890625 0.1359375 0.3953125 0.134375 0.40625 0.1359375 0.41875 0.1390625 0.4234375 0.146875 0.484375 0.146875 0.5078125 0.153125 0.5359375 0.1515625 0.5390625 0.153125 0.559375 0.08125 0.56875 0.078125 0.5640625 0.0703125 0.4890625 0.059375 0.4125 0.059375 0.4 0.0484375 0.3234375 0.0484375 0.3109375 0.0375 0.234375 0.0375 0.221875 0.0265625 0.1453125 0.025 0.1203125
5 0.8921875 0.55625 0.896875 0.5671875 0.9015625 0.6046875 0.9015625 0.6296875 0.9046875 0.65 0.9078125 0.65625 0.9078125 0.6734375 0.9109375 0.68125 0.909375 0.6921875 0.9125 0.696875 0.9109375 0.7 0.9140625 0.70625 0.9125 0.71875 0.915625 0.74375 0.91875 0.746875 0.9203125 0.7578125 0.91875 0.76875 0.9234375 0.7921875 0.9234375 0.8078125 0.9328125 0.871875 0.93125 0.878125 0.8953125 0.8828125 0.8921875 0.8828125 0.890625 0.8734375 0.8828125 0.7984375 0.871875 0.721875 0.871875 0.709375 0.8609375 0.6328125 0.8609375 0.6203125 0.853125 0.56875 0.853125 0.5625 0.85625 0.5609375 0.8640625 0.559375 0.8671875 0.5609375 0.890625 0.55625
0 0.6578125 0.1125 0.6765625 0.2703125 0.6796875 0.2734375 0.678125 0.284375 0.6890625 0.3609375 0.6921875 0.3984375 0.6765625 0.4 0.6734375 0.3875 0.671875 0.3625 0.640625 0.1203125 0.640625 0.115625 0.64375 0.1140625 0.65625 0.1140625
0 0.3171875 0.5890625 0.3203125 0.590625 0.321875 0.6015625 0.3234375 0.6265625 0.359375 0.9078125 0.359375 0.91875 0.346875 0.921875 0.34375 0.9203125 0.340625 0.8828125 0.3046875 0.6015625 0.3046875 0.590625 0.315625 0.5890625
0 0.4125 0.3171875 0.415625 0.3265625 0.4171875 0.3515625 0.453125 0.6328125 0.4515625 0.6390625 0.43125 0.6421875 0.428125 0.640625 0.4265625 0.6328125 0.409375 0.48125 0.4 0.4171875 0.4 0.4046875 0.3890625 0.328125 0.390625 0.31875 0.4109375 0.3171875
0 0.446875 0.1171875 0.4671875 0.1140625 0.4703125 0.11875 0.4765625 0.18125 0.4859375 0.2453125 0.484375 0.2546875 0.4875 0.2578125 0.4875 0.2703125 0.5015625 0.3734375 0.5 0.3828125 0.48125 0.384375 0.4796875 0.38125 0.446875 0.11875
0 0.9328125 0.48125 0.9375 0.4921875 0.9375 0.5078125 0.940625 0.5125 0.9390625 0.5171875 0.940625 0.5375 0.94375 0.5390625 0.9421875 0.55 0.94375 0.5625 0.946875 0.565625 0.9453125 0.575 0.9671875 0.7421875 0.9515625 0.7453125 0.946875 0.7453125 0.94375 0.7421875 0.9125 0.4875 0.9140625 0.4828125 0.93125 0.48125
0 0.6078125 0.0453125 0.646875 0.3515625 0.64375 0.35625 0.621875 0.35625 0.6203125 0.359375 0.6078125 0.3578125 0.59375 0.3609375 0.5890625 0.3609375 0.5875 0.353125 0.5515625 0.0515625 0.60625 0.0453125
1 0.89375 0.3265625 0.896875 0.3359375 0.896875 0.3484375 0.8890625 0.35 0.8828125 0.3484375 0.88125 0.3296875 0.8921875 0.3265625
1 0.8671875 0.3 0.86875 0.3203125 0.865625 0.321875 0.8546875 0.321875 0.8515625 0.3125 0.8515625 0.3015625 0.865625 0.3
1 0.85625 0.33125 0.8703125 0.3296875 0.8734375 0.35 0.859375 0.353125 0.85625 0.3484375 0.8578125 0.340625 0.8546875 0.334375 0.85625 0.3328125
1 0.434375 0.1546875 0.4375 0.178125 0.4296875 0.18125 0.4203125 0.1796875 0.4171875 0.159375 0.41875 0.15625 0.4328125 0.1546875
1 0.43125 0.20234375 0.021875 0.028125
1 0.44375 0.2265625 0.446875 0.2484375 0.434375 0.2515625 0.4296875 0.2515625 0.428125 0.2484375 0.4265625 0.228125 0.4328125 0.225 0.4421875 0.2265625