0 0.1296875 0.109375 0.13125 0.1109375 0.13125 0.140625 0.1296875 0.1421875 0.1265625 0.403125 0.10625 0.403125 0.10625 0.325 0.1046875 0.3171875 0.1078125 0.3078125 0.10625 0.234375 0.109375 0.2265625 0.1078125 0.215625 0.109375 0.1109375 0.1109375 0.109375 0.128125 0.109375
0 0.2515625 0.3109375 0.2734375 0.3125 0.271875 0.409375 0.2703125 0.4109375 0.2703125 0.4671875 0.271875 0.471875 0.2703125 0.4734375 0.26875 0.5453125 0.2671875 0.546875 0.2515625 0.546875 0.2484375 0.5453125 0.246875 0.5375 0.2484375 0.5296875 0.246875 0.4984375 0.25 0.4953125 0.2484375 0.4078125 0.25 0.40625 0.25 0.31875 0.2515625 0.3125
0 0.5484375 0.096875 0.55 0.0984375 0.5484375 0.3234375 0.546875 0.3328125 0.54375 0.3359375 0.5265625 0.3359375 0.5234375 0.3328125 0.525 0.23125 0.5265625 0.2296875 0.525 0.1984375 0.5265625 0.196875 0.5265625 0.1421875 0.528125 0.140625 0.5265625 0.0984375 0.546875 0.096875
0 0.815625 0.5828125 0.8515625 0.5828125 0.8546875 0.5875 0.853125 0.5953125 0.853125 0.68125 0.8546875 0.6828125 0.853125 0.684375 0.853125 0.7734375 0.8515625 0.775 0.8515625 0.8625 0.85 0.8640625 0.8515625 0.9375 0.85 0.95 0.809375 0.95 0.809375 0.8609375 0.8109375 0.859375 0.8109375 0.771875 0.8125 0.7703125 0.8125 0.68125 0.8140625 0.6796875 0.8125 0.6734375 0.8125 0.5921875 0.815625 0.584375
0 0.0734375 0.6109375 0.09375 0.6109375 0.09375 0.6625 0.0953125 0.6640625 0.0921875 0.78125 0.090625 0.7828125 0.071875 0.7828125 0.0703125 0.7796875 0.071875 0.675 0.0734375 0.6734375 0.071875 0.6140625 0.0734375 0.6125
0 0.325 0.184375 0.33125 0.1875 0.328125 0.4921875 0.325 0.4953125 0.3046875 0.49375 0.3046875 0.409375 0.30625 0.4078125 0.30625 0.3265625 0.3046875 0.3203125 0.3078125 0.3171875 0.3078125 0.2296875 0.309375 0.228125 0.3078125 0.1859375 0.3234375 0.184375
0 0.553125 0.6359375 0.5546875 0.6375 0.5546875 0.68125 0.553125 0.6828125 0.553125 0.7078125 0.5546875 0.709375 0.553125 0.7109375 0.553125 0.7703125 0.5515625 0.771875 0.553125 0.778125 0.5515625 0.7828125 0.553125 0.7875 0.5515625 0.7953125 0.553125 0.7984375 0.5515625 0.8078125 0.553125 0.8484375 0.55 0.8640625 0.55 0.8859375 0.5515625 0.8875 0.55 0.89375 0.5515625 0.9046875 0.55 0.90625 0.53125 0.90625 0.5296875 0.9046875 0.5296875 0.8578125 0.53125 0.85625 0.5296875 0.76875 0.5328125 0.759375 0.5328125 0.6765625 0.534375 0.675 0.5328125 0.671875 0.5328125 0.640625 0.534375 0.6375 0.5515625 0.6359375
5 0.4390625 0.6234375 0.440625 0.628125 0.4390625 0.6375 0.440625 0.6796875 0.4390625 0.68125 0.4375 0.859375 0.4359375 0.8609375 0.4375 0.9078125 0.4359375 0.909375 0.4359375 0.928125 0.425 0.9296875 0.4046875 0.9265625 0.3984375 0.928125 0.3671875 0.9265625 0.3671875 0.8578125 0.36875 0.85625 0.3671875 0.7671875 0.36875 0.765625 0.3703125 0.625 0.378125 0.621875 0.4375 0.6234375
5 0.2390625 0.56875 0.240625 0.5703125 0.24375 0.56875 0.259375 0.5703125 0.2609375 0.56875 0.2765625 0.5703125 0.315625 0.56875 0.31875 0.571875 0.315625 0.696875 0.3015625 0.6953125 0.2984375 0.696875 0.2359375 0.696875 0.2328125 0.69375 0.2328125 0.6765625 0.234375 0.675 0.2328125 0.671875 0.2328125 0.5875 0.234375 0.5859375 0.234375 0.5703125 0.2375 0.56875
2 0.634375 0.115625 0.6359375 0.1171875 0.6453125 0.115625 0.646875 0.1171875 0.684375 0.1171875 0.6859375 0.11875 0.7078125 0.1171875 0.7125 0.1203125 0.7109375 0.121875 0.7140625 0.1375 0.7125 0.1765625 0.7109375 0.178125 0.7125 0.1796875 0.7109375 0.190625 0.7125 0.2296875 0.7078125 0.2375 0.709375 0.240625 0.7078125 0.246875 0.7109375 0.2578125 0.709375 0.2609375 0.7109375 0.2625 0.709375 0.275 0.7109375 0.2765625 0.709375 0.2890625 0.7109375 0.2953125 0.709375 0.2984375 0.69375 0.3015625 0.6796875 0.2984375 0.6578125 0.2984375 0.65625 0.3 0.628125 0.2984375 0.6234375 0.3015625 0.6015625 0.2984375 0.6 0.2859375 0.6015625 0.2828125 0.6015625 0.2328125 0.603125 0.23125 0.603125 0.1953125 0.6015625 0.19375 0.603125 0.1921875 0.603125 0.1765625 0.6015625 0.171875 0.6046875 0.165625 0.6046875 0.159375 0.6015625 0.153125 0.6046875 0.1484375 0.603125 0.1375 0.60625 0.134375 0.6046875 0.1203125 0.60625 0.1171875 0.609375 0.11875 0.6328125 0.1171875
3 0.8517124359375 0.1633732484375 0.8532818859375 0.073459525 0.8342938999999999 0.0731280890625 0.8327244500000001 0.1630418125 0.8517124359375 0.1633732484375
3 0.8827956468749999 0.76815703125 0.88419690625 0.6878789359375 0.8642113546875001 0.6875300875 0.8628100953125 0.7678081828125001 0.8827956468749999 0.76815703125
3 0.10560040156249999 0.27938156406250003 0.1065577515625 0.2245350796875 0.094683846875 0.2243278203125 0.0937264984375 0.27917430468750004 0.10560040156249999 0.27938156406250003
3 0.06945446250000001 0.7233425421875 0.07047458437500001 0.6648998296874999 0.059546943750000005 0.6647090875 0.058526821875 0.7231517984375 0.06945446250000001 0.7233425421875
3 0.24707905624999998 0.45053403281250004 0.2479748984375 0.3992112046875 0.23685914531250002 0.399017178125 0.2359633015625 0.45034000625 0.24707905624999998 0.45053403281250004
3 0.30447235 0.3637200421875 0.3054319515625 0.3087445453125 0.293352834375 0.308533703125 0.29239323281249996 0.36350920000000003 0.30447235 0.3637200421875
3 0.5231710609375 0.24173602343749998 0.5241289734375 0.1868572859375 0.51259139375 0.186655896875 0.51163348125 0.241534634375 0.5231710609375 0.24173602343749998
3 0.52983011875 0.781623984375 0.5303628406249999 0.7511044390625 0.5197202203125 0.7509186718749999 0.5191874999999999 0.7814382171875 0.52983011875 0.781623984375
1 0.1125 0.69375 0.13125 0.69375 0.13125 0.71875 0.1296875 0.7203125 0.1140625 0.7203125 0.1125 0.71875 0.1125 0.6953125
1 0.1296875 0.7328125 0.13125 0.734375 0.13125 0.759375 0.115625 0.7609375 0.1125 0.7609375 0.1125 0.734375 0.128125 0.7328125
1 0.1296875 0.7734375 0.1296875 0.7984375 0.128125 0.8 0.1125 0.8 0.1125 0.78125 0.1109375 0.7796875 0.1109375 0.775 0.1140625 0.7734375 0.128125 0.7734375
1 0.1125 0.8125 0.1296875 0.8125 0.13125 0.8140625 0.1296875 0.81875 0.13125 0.8375 0.1296875 0.8390625 0.1125 0.8390625 0.1125 0.8140625
1 0.1359375 0.715625 0.1375 0.7140625 0.1359375 0.696875 0.140625 0.6921875 0.1546875 0.69375 0.1546875 0.7203125 0.1375 0.7203125 0.1375 0.7171875
1 0.140625 0.73125 0.146875 0.734375 0.15 0.7328125 0.1546875 0.734375 0.1546875 0.753125 0.15625 0.7546875 0.1546875 0.759375 0.153125 0.7609375 0.1375 0.759375 0.1359375 0.7359375 0.1390625 0.7328125
1 0.140625 0.7703125 0.153125 0.771875 0.1546875 0.7984375 0.153125 0.8 0.1359375 0.7984375 0.1359375 0.7734375 0.1390625 0.771875
1 0.140625 0.8109375 0.1546875 0.8140625 0.1546875 0.8375 0.153125 0.8390625 0.1359375 0.8375 0.1359375 0.8125 0.1390625 0.8109375