0 0.284375 0.1015625 0.2859375 0.103125 0.3125 0.103125 0.3140625 0.1015625 0.4078125 0.103125 0.4078125 0.1234375 0.3546875 0.1234375 0.353125 0.125 0.3375 0.1234375 0.115625 0.1234375 0.1140625 0.121875 0.1140625 0.103125 0.115625 0.1015625 0.2203125 0.1015625 0.221875 0.103125 0.2828125 0.1015625
0 0.4640625 0.246875 0.465625 0.2484375 0.5390625 0.246875 0.546875 0.2484375 0.5484375 0.2515625 0.5484375 0.2671875 0.546875 0.26875 0.475 0.26875 0.4734375 0.2703125 0.46875 0.26875 0.3140625 0.26875 0.3125 0.265625 0.3125 0.2484375 0.3140625 0.246875 0.4625 0.246875
0 0.0953125 0.51875 0.10625 0.5203125 0.221875 0.51875 0.2234375 0.5203125 0.33125 0.5203125 0.3328125 0.521875 0.3328125 0.540625 0.3296875 0.54375 0.215625 0.54375 0.2140625 0.5421875 0.1546875 0.54375 0.153125 0.5421875 0.0953125 0.5421875 0.09375 0.540625 0.0953125 0.5203125
0 0.665625 0.8140625 0.6671875 0.815625 0.940625 0.815625 0.9421875 0.8171875 0.9421875 0.85625 0.9296875 0.8578125 0.578125 0.8546875 0.575 0.853125 0.575 0.815625 0.578125 0.8140625 0.6640625 0.8140625
0 0.634375 0.0734375 0.6359375 0.075 0.6546875 0.075 0.65625 0.0734375 0.6625 0.075 0.7859375 0.075 0.7875 0.0765625 0.7875 0.0953125 0.7859375 0.096875 0.615625 0.0953125 0.615625 0.075 0.6328125 0.0734375
0 0.3265625 0.3015625 0.328125 0.303125 0.49375 0.303125 0.4953125 0.3046875 0.4953125 0.325 0.49375 0.3265625 0.1875 0.325 0.1859375 0.3234375 0.1859375 0.303125 0.1875 0.3015625 0.2171875 0.3015625 0.21875 0.303125 0.31875 0.303125 0.325 0.3015625
0 0.66875 0.534375 0.6703125 0.5359375 0.675 0.534375 0.6765625 0.5359375 0.75625 0.5359375 0.7578125 0.534375 0.9015625 0.5359375 0.903125 0.5375 0.903125 0.55625 0.9015625 0.5578125 0.890625 0.55625 0.8890625 0.5578125 0.8828125 0.55625 0.8609375 0.55625 0.859375 0.5578125 0.85625 0.55625 0.853125 0.5578125 0.8515625 0.55625 0.8453125 0.5578125 0.8375 0.55625 0.8328125 0.5578125 0.8296875 0.55625 0.8046875 0.55625 0.803125 0.5578125 0.79375 0.55625 0.790625 0.5578125 0.7828125 0.55625 0.778125 0.5578125 0.7734375 0.55625 0.7078125 0.55625 0.70625 0.5578125 0.7046875 0.55625 0.634375 0.55625 0.6328125 0.5546875 0.634375 0.5359375 0.6671875 0.534375
5 0.78125 0.371875 0.7828125 0.3734375 0.9265625 0.3734375 0.928125 0.3765625 0.9265625 0.4421875 0.9078125 0.4421875 0.90625 0.44375 0.8984375 0.4421875 0.6453125 0.4421875 0.64375 0.440625 0.6265625 0.4421875 0.621875 0.440625 0.621875 0.3796875 0.625 0.371875 0.7796875 0.371875
5 0.571875 0.234375 0.6734375 0.234375 0.6984375 0.2375 0.6984375 0.3015625 0.696875 0.303125 0.6984375 0.3171875 0.696875 0.31875 0.571875 0.31875 0.5703125 0.3171875 0.5703125 0.2984375 0.571875 0.296875 0.571875 0.2765625 0.5703125 0.275 0.571875 0.240625 0.5703125 0.2375 0.571875 0.2359375
2 0.134375 0.5953125 0.1390625 0.5984375 0.14375 0.5984375 0.1484375 0.5953125 0.15625 0.5984375 0.1671875 0.5953125 0.171875 0.596875 0.1875 0.596875 0.1890625 0.5953125 0.190625 0.596875 0.278125 0.596875 0.2796875 0.5953125 0.29375 0.596875 0.296875 0.61875 0.29375 0.6234375 0.29375 0.6390625 0.2953125 0.640625 0.29375 0.703125 0.2890625 0.70625 0.284375 0.7046875 0.2515625 0.70625 0.240625 0.703125 0.2390625 0.7046875 0.23125 0.703125 0.225 0.70625 0.2140625 0.7046875 0.2109375 0.70625 0.2015625 0.7046875 0.13125 0.70625 0.115625 0.703125 0.1140625 0.7046875 0.1109375 0.7 0.1125 0.696875 0.1109375 0.69375 0.1125 0.690625 0.1125 0.6390625 0.1109375 0.6375 0.1125 0.628125 0.1109375 0.6265625 0.1140625 0.6078125 0.1125 0.6 0.1171875 0.596875 0.121875 0.5984375 0.1328125 0.596875
3 0.157286290625 0.8267930437500001 0.0673588703125 0.8267930437500001 0.0673588703125 0.845783921875 0.157286290625 0.845783921875 0.157286290625 0.8267930437500001
3 0.761435484375 0.867428734375 0.6811451609375 0.867428734375 0.6811451609375 0.88741733125 0.761435484375 0.88741733125 0.761435484375 0.867428734375
3 0.2862983875 0.0899344359375 0.2314435484375 0.0899344359375 0.2314435484375 0.1018101484375 0.2862983875 0.1018101484375 0.2862983875 0.0899344359375
3 0.73082258125 0.062488596875 0.6723709671875 0.062488596875 0.6723709671875 0.0734179015625 0.73082258125 0.0734179015625 0.73082258125 0.062488596875
3 0.4549556453125 0.2351368296875 0.403625 0.2351368296875 0.403625 0.24625427656249999 0.4549556453125 0.24625427656249999 0.4549556453125 0.2351368296875
3 0.3671532265625 0.290042759375 0.3121693546875 0.290042759375 0.3121693546875 0.30212371718750003 0.3671532265625 0.30212371718750003 0.3671532265625 0.290042759375
3 0.2413709671875 0.5071208671874999 0.1864838703125 0.5071208671874999 0.1864838703125 0.5186602046875 0.2413709671875 0.5186602046875 0.2413709671875 0.5071208671874999
3 0.781060484375 0.5240963515625 0.750536290625 0.5240963515625 0.750536290625 0.5347405921874999 0.781060484375 0.5347405921874999 0.781060484375 0.5240963515625
1 0.6984375 0.115625 0.7234375 0.115625 0.725 0.1171875 0.725 0.1328125 0.7234375 0.134375 0.6984375 0.134375 0.6984375 0.1171875
1 0.7640625 0.115625 0.765625 0.1171875 0.7640625 0.134375 0.7390625 0.134375 0.7375 0.1328125 0.7375 0.1171875 0.7390625 0.115625 0.7625 0.115625
1 0.778125 0.134375 0.778125 0.1171875 0.7796875 0.115625 0.8046875 0.1171875 0.8046875 0.1328125 0.803125 0.134375 0.7796875 0.134375
1 0.8171875 0.1171875 0.84375 0.1171875 0.84375 0.134375 0.8421875 0.1359375 0.8296875 0.134375 0.81875 0.1359375 0.8171875 0.134375 0.8171875 0.11875
1 0.7203125 0.1390625 0.725 0.140625 0.7234375 0.1578125 0.696875 0.1578125 0.696875 0.1421875 0.7 0.1390625 0.71875 0.140625
1 0.7375 0.140625 0.740625 0.1390625 0.7640625 0.140625 0.7640625 0.1578125 0.7609375 0.159375 0.7375 0.1578125 0.7359375 0.1546875 0.7375 0.1421875
1 0.7765625 0.140625 0.803125 0.140625 0.803125 0.1578125 0.8015625 0.159375 0.775 0.1578125 0.7765625 0.1421875
1 0.8421875 0.140625 0.8421875 0.159375 0.8171875 0.159375 0.815625 0.1578125 0.815625 0.1421875 0.8171875 0.140625 0.840625 0.140625