0 0.8796875 0.578125 0.9 0.578125 0.9015625 0.5828125 0.9046875 0.6984375 0.9078125 0.7171875 0.90625 0.7609375 0.909375 0.765625 0.9109375 0.85 0.9125 0.8515625 0.9125 0.86875 0.909375 0.871875 0.8921875 0.871875 0.890625 0.8703125 0.8796875 0.5796875
0 0.75 0.44375 0.75 0.4484375 0.753125 0.4515625 0.7515625 0.4953125 0.7546875 0.503125 0.753125 0.525 0.75625 0.540625 0.7578125 0.6296875 0.759375 0.63125 0.759375 0.6734375 0.7609375 0.675 0.7578125 0.678125 0.740625 0.678125 0.7375 0.675 0.734375 0.54375 0.73125 0.5203125 0.7328125 0.4984375 0.73125 0.496875 0.7296875 0.4453125 0.7328125 0.4421875 0.7484375 0.44375
0 0.465625 0.6671875 0.484375 0.6671875 0.4875 0.6796875 0.4890625 0.76875 0.4921875 0.778125 0.4921875 0.8046875 0.490625 0.80625 0.4921875 0.853125 0.49375 0.8546875 0.4921875 0.8578125 0.49375 0.859375 0.49375 0.89375 0.496875 0.903125 0.478125 0.90625 0.471875 0.9046875 0.471875 0.8609375 0.46875 0.8453125 0.4703125 0.815625 0.46875 0.8140625 0.46875 0.7859375 0.465625 0.7703125 0.465625 0.7265625 0.4640625 0.725 0.4640625 0.6828125 0.4625 0.68125 0.4625 0.671875 0.465625 0.66875
0 0.16875 0.06875 0.1703125 0.0703125 0.1703125 0.1015625 0.171875 0.103125 0.178125 0.3265625 0.1828125 0.371875 0.1828125 0.415625 0.184375 0.4171875 0.1828125 0.4359375 0.1453125 0.4359375 0.14375 0.434375 0.140625 0.340625 0.1375 0.328125 0.13125 0.10625 0.128125 0.096875 0.128125 0.0828125 0.1296875 0.0703125 0.1671875 0.06875
0 0.9140625 0.196875 0.9171875 0.225 0.91875 0.3125 0.921875 0.3234375 0.9203125 0.3484375 0.9234375 0.365625 0.921875 0.36875 0.903125 0.36875 0.9015625 0.3703125 0.9 0.31875 0.896875 0.3140625 0.89375 0.2 0.8984375 0.196875 0.9125 0.196875
0 0.6953125 0.496875 0.6984375 0.5 0.70625 0.7640625 0.709375 0.775 0.709375 0.8046875 0.7078125 0.80625 0.6875 0.80625 0.6859375 0.8046875 0.6828125 0.68125 0.6796875 0.6765625 0.675 0.4984375 0.69375 0.496875
0 0.4296875 0.0984375 0.446875 0.0984375 0.4484375 0.096875 0.4515625 0.1 0.4546875 0.2234375 0.4578125 0.2328125 0.45625 0.24375 0.4578125 0.3203125 0.4609375 0.3328125 0.4609375 0.3640625 0.4484375 0.36875 0.446875 0.3671875 0.4421875 0.36875 0.4390625 0.365625 0.4390625 0.325 0.4359375 0.2953125 0.4375 0.29375 0.4359375 0.234375 0.4328125 0.2265625 0.434375 0.221875 0.4328125 0.2171875 0.434375 0.190625 0.43125 0.1703125 0.4328125 0.1453125 0.4296875 0.1421875 0.43125 0.140625 0.4296875 0.1
5 0.6125 0.06875 0.615625 0.184375 0.6203125 0.2296875 0.6203125 0.2734375 0.621875 0.275 0.621875 0.31875 0.6234375 0.3203125 0.625 0.36875 0.6171875 0.3734375 0.5890625 0.3734375 0.5875 0.375 0.55625 0.375 0.553125 0.365625 0.5546875 0.353125 0.5515625 0.3203125 0.5453125 0.1 0.5421875 0.096875 0.54375 0.0703125 0.553125 0.06875 0.578125 0.0703125 0.5984375 0.0671875 0.6109375 0.06875
5 0.6765625 0.29375 0.6890625 0.2953125 0.7203125 0.2921875 0.75625 0.2921875 0.7578125 0.29375 0.7578125 0.3140625 0.7609375 0.3171875 0.7609375 0.3609375 0.7625 0.3625 0.7625 0.4046875 0.7640625 0.40625 0.7640625 0.4171875 0.7609375 0.4203125 0.7578125 0.41875 0.740625 0.4203125 0.7390625 0.41875 0.7234375 0.421875 0.721875 0.4203125 0.6796875 0.421875 0.6765625 0.3203125 0.675 0.31875 0.675 0.296875 0.6765625 0.2953125
2 0.3890625 0.70625 0.4109375 0.709375 0.4140625 0.8109375 0.4171875 0.8328125 0.4140625 0.8421875 0.4171875 0.85 0.4171875 0.8546875 0.4140625 0.859375 0.4171875 0.865625 0.415625 0.8890625 0.3875 0.8921875 0.3859375 0.890625 0.3296875 0.8921875 0.321875 0.8953125 0.31875 0.89375 0.3140625 0.8953125 0.309375 0.8921875 0.3109375 0.890625 0.30625 0.8609375 0.3078125 0.81875 0.3046875 0.8171875 0.30625 0.815625 0.3046875 0.78125 0.3078125 0.775 0.3046875 0.7703125 0.30625 0.765625 0.303125 0.7546875 0.3046875 0.7515625 0.303125 0.7390625 0.3046875 0.7375 0.3015625 0.728125 0.303125 0.7234375 0.3015625 0.7171875 0.3046875 0.7125 0.3171875 0.7109375 0.3234375 0.7125 0.325 0.7109375 0.3546875 0.7109375 0.3875 0.7078125
3 0.16638725625 0.8545726218749999 0.169525678125 0.9444452609375 0.1885049875 0.9437824890625001 0.185366565625 0.85390985 0.16638725625 0.8545726218749999
3 0.10369470624999999 0.2522444453125 0.1064967984375 0.3324858578125 0.12647321875 0.331788265625 0.12367112656249998 0.25154685312499997 0.10369470624999999 0.2522444453125
3 0.9054053640624999 0.69967480625 0.9073197703125 0.7544962281250001 0.9191882484375 0.7540817718749999 0.9172738421875 0.6992603500000001 0.9054053640624999 0.69967480625
3 0.91826664375 0.2544305296875 0.9203065765625 0.3128465359375 0.9312292234375 0.312465109375 0.929189290625 0.2540491015625 0.91826664375 0.2544305296875
3 0.7551631734375001 0.5361613171874999 0.7569545875 0.5874606921875001 0.7680652625 0.5870727 0.7662738484375 0.5357733234375 0.7551631734375001 0.5361613171874999
3 0.702392028125 0.6258600640624999 0.7043109375000001 0.680810440625 0.7163845359375001 0.680388821875 0.7144656265625 0.6254384453124999 0.702392028125 0.6258600640624999
3 0.4903771859375 0.7591227140625 0.4922927171875 0.8139763765625 0.5038250265625 0.813573659375 0.50190949375 0.7587199984375 0.4903771859375 0.7591227140625
3 0.4554717015625 0.220323159375 0.4565369796875 0.2508287578125 0.4671747375 0.2504572796875 0.46610945781249996 0.21995168125000003 0.4554717015625 0.220323159375
1 0.859375 0.2875 0.8578125 0.2640625 0.8609375 0.2609375 0.875 0.2609375 0.878125 0.2703125 0.878125 0.2875 0.8609375 0.2875
1 0.865625 0.23515625 0.0234375 0.028125
1 0.85625 0.2078125 0.85625 0.1828125 0.8578125 0.18125 0.8734375 0.1828125 0.8734375 0.2 0.875 0.2015625 0.8734375 0.2078125 0.8578125 0.2078125
1 0.8625 0.15703125 0.021875 0.028125
1 0.834375 0.2640625 0.8515625 0.2625 0.8546875 0.2796875 0.8546875 0.2859375 0.8515625 0.290625 0.8359375 0.290625 0.834375 0.265625
1 0.83125 0.2265625 0.8328125 0.2234375 0.85 0.2234375 0.853125 0.2328125 0.853125 0.246875 0.8484375 0.2515625 0.834375 0.25 0.8328125 0.228125
1 0.840625 0.1984375 0.021875 0.028125
1 0.8296875 0.1453125 0.8484375 0.1453125 0.8484375 0.1703125 0.846875 0.171875 0.83125 0.171875 0.8296875 0.1703125 0.8296875 0.146875