0 0.35703125 0.121875 0.31796875 0.0265625
0 0.475 0.234375 0.734375 0.234375 0.7359375 0.2359375 0.7359375 0.2484375 0.73125 0.2515625 0.7203125 0.25 0.7046875 0.2515625 0.6171875 0.2515625 0.615625 0.25 0.6078125 0.2515625 0.590625 0.2515625 0.5890625 0.25 0.584375 0.2515625 0.4953125 0.2515625 0.49375 0.25 0.475 0.25 0.4734375 0.2484375 0.475 0.2359375
0 0.284375 0.1921875 0.2859375 0.19375 0.4296875 0.19375 0.4328125 0.1953125 0.4328125 0.2171875 0.3234375 0.2171875 0.321875 0.21875 0.3140625 0.2171875 0.30625 0.21875 0.14375 0.2171875 0.1421875 0.215625 0.14375 0.19375 0.2734375 0.19375 0.2828125 0.1921875
0 0.25625 0.909375 0.25625 0.9296875 0.215625 0.9296875 0.2140625 0.93125 0.20625 0.9296875 0.1796875 0.9296875 0.178125 0.93125 0.0578125 0.9296875 0.0578125 0.9109375 0.059375 0.909375 0.1625 0.909375 0.1640625 0.9078125 0.1703125 0.909375 0.2546875 0.909375
0 0.11875 0.6546875 0.4078125 0.6546875 0.409375 0.659375 0.409375 0.675 0.4078125 0.6765625 0.11875 0.6765625 0.11875 0.65625
0 0.5828125 0.4671875 0.584375 0.46875 0.5921875 0.4671875 0.840625 0.46875 0.846875 0.4671875 0.8609375 0.4703125 0.8609375 0.490625 0.859375 0.4921875 0.55 0.4921875 0.5484375 0.490625 0.5484375 0.4703125 0.55 0.46875 0.58125 0.4671875
0 0.1078125 0.290625 0.1078125 0.26875 0.109375 0.2671875 0.4015625 0.2671875 0.4046875 0.26875 0.4046875 0.290625 0.3546875 0.290625 0.353125 0.2921875 0.3515625 0.290625 0.3453125 0.2921875 0.3375 0.290625 0.33125 0.2921875 0.109375 0.290625
2 0.6296875 0.875 0.6375 0.878125 0.65625 0.875 0.7546875 0.8765625 0.75625 0.8796875 0.75625 0.9140625 0.7546875 0.915625 0.75625 0.9171875 0.7546875 0.9234375 0.75625 0.9703125 0.7515625 0.9734375 0.609375 0.9734375 0.609375 0.95625 0.6078125 0.9546875 0.609375 0.8765625 0.6109375 0.875 0.628125 0.8765625
5 0.8126411296875 0.07079532499999999 0.5734556453125 0.07079532499999999 0.5734556453125 0.11978620312499999 0.8126411296875 0.11978620312499999 0.8126411296875 0.07079532499999999
5 0.9072943546875001 0.61127708125 0.5419314515625 0.61127708125 0.5419314515625 0.694811859375 0.9072943546875001 0.694811859375 0.9072943546875001 0.61127708125
3 0.5288991937499999 0.8076738875 0.44713306406250003 0.8076738875 0.44713306406250003 0.8191790187500001 0.5288991937499999 0.8191790187500001 0.5288991937499999 0.8076738875
3 0.4109375 0.7578125 0.4203125 0.7640625 0.4203125 0.771875 0.4125 0.778125 0.4015625 0.778125 0.3921875 0.76875 0.396875 0.7609375 0.409375 0.7578125
3 0.3792580640625 0.09842075312500001 0.33443548437500004 0.09842075312500001 0.33443548437500004 0.11111174531250001 0.3792580640625 0.11111174531250001 0.3792580640625 0.09842075312500001
3 0.30952419375 0.18218928125 0.264185484375 0.18218928125 0.264185484375 0.1930102625 0.30952419375 0.1930102625 0.30952419375 0.18218928125
3 0.6203306453125 0.2229304453125 0.5879435484375 0.2229304453125 0.5879435484375 0.2327936140625 0.6203306453125 0.2327936140625 0.6203306453125 0.2229304453125
3 0.28244354843749997 0.2554304453125 0.22792741875 0.2554304453125 0.22792741875 0.2671009125 0.28244354843749997 0.2671009125 0.28244354843749997 0.2554304453125
3 0.7350040328125 0.45651653437500006 0.6659637093749999 0.45651653437500006 0.6659637093749999 0.46733751406249996 0.7350040328125 0.46733751406249996 0.7350040328125 0.45651653437500006
3 0.2877338703125 0.6437115171875 0.23489516093749999 0.6437115171875 0.23489516093749999 0.6544868875 0.2877338703125 0.6544868875 0.2877338703125 0.6437115171875
3 0.18207258125 0.8979732046875 0.131185484375 0.8979732046875 0.131185484375 0.9080017109374999 0.18207258125 0.9080017109374999 0.18207258125 0.8979732046875
1 0.6203125 0.284375 0.0265625 0.0203125
1 0.65 0.275 0.671875 0.275 0.675 0.2875 0.6734375 0.2921875 0.653125 0.29375 0.6484375 0.290625 0.65 0.2765625
1 0.7140625 0.275 0.715625 0.2765625 0.715625 0.2921875 0.7140625 0.29375 0.7109375 0.2921875 0.703125 0.29375 0.690625 0.290625 0.6921875 0.275 0.7125 0.275
1 0.609375 0.3015625 0.6328125 0.3015625 0.6328125 0.3171875 0.6296875 0.31875 0.6078125 0.3171875 0.609375 0.303125
1 0.6484375 0.3171875 0.65 0.3078125 0.6484375 0.3046875 0.6515625 0.3 0.671875 0.3 0.6734375 0.3015625 0.6734375 0.3171875 0.671875 0.31875 0.65 0.3171875
1 0.6921875 0.3 0.715625 0.303125 0.715625 0.3171875 0.6921875 0.31875 0.690625 0.3171875 0.6921875 0.3015625
1 0.609375 0.3265625 0.634375 0.328125 0.6328125 0.34375 0.609375 0.34375 0.609375 0.328125
1 0.65 0.3265625 0.6734375 0.3265625 0.6734375 0.34375 0.65 0.34375 0.65 0.328125
1 0.7140625 0.3265625 0.715625 0.328125 0.7140625 0.34375 0.6921875 0.34375 0.690625 0.3421875 0.6921875 0.3265625 0.7125 0.3265625
1 0.3515625 0.425 0.3796875 0.425 0.3796875 0.44375 0.3640625 0.4453125 0.3515625 0.44375 0.3515625 0.4265625
1 0.3921875 0.425 0.41875 0.425 0.4203125 0.4265625 0.4203125 0.4421875 0.41875 0.44375 0.390625 0.44375 0.3921875 0.4265625
1 0.43125 0.44375 0.43125 0.4265625 0.4328125 0.425 0.4609375 0.425 0.4609375 0.44375 0.4328125 0.44375
3 0.7203125 0.5625 0.7265625 0.5640625 0.73125 0.56875 0.73125 0.5765625 0.7265625 0.58125 0.7203125 0.5828125 0.709375 0.58125 0.703125 0.5734375 0.70625 0.565625 0.71875 0.5625