0 0.25625 0.078125 0.5609375 0.115625 0.5640625 0.11875 0.5625 0.1328125 0.559375 0.1390625 0.25625 0.103125 0.246875 0.1 0.2484375 0.0796875 0.2546875 0.078125
0 0.5078125 0.234375 0.7578125 0.2640625 0.7671875 0.2671875 0.765625 0.2796875 0.7578125 0.2828125 0.74375 0.278125 0.7328125 0.2796875 0.69375 0.2734375 0.68125 0.2734375 0.646875 0.26875 0.6421875 0.265625 0.6375 0.2671875 0.621875 0.265625 0.6171875 0.2625 0.60625 0.2640625 0.5296875 0.2546875 0.525 0.2515625 0.50625 0.25 0.5046875 0.2453125 0.5078125 0.2359375
0 0.184375 0.153125 0.3046875 0.16875 0.315625 0.1671875 0.3296875 0.171875 0.4671875 0.1875 0.471875 0.190625 0.46875 0.2125 0.3640625 0.1984375 0.353125 0.2 0.35 0.196875 0.3421875 0.1984375 0.328125 0.196875 0.3234375 0.19375 0.3109375 0.19375 0.3 0.190625 0.284375 0.1890625 0.2765625 0.190625 0.2671875 0.1875 0.2546875 0.1875 0.25 0.184375 0.18125 0.1765625 0.1796875 0.175 0.18125 0.1609375 0.184375 0.1546875
0 0.0171875 0.853125 0.1078125 0.865625 0.11875 0.8640625 0.1234375 0.8671875 0.1328125 0.86875 0.2078125 0.8765625 0.209375 0.8796875 0.20625 0.896875 0.16875 0.8921875 0.159375 0.89375 0.1546875 0.890625 0.1421875 0.8890625 0.11875 0.8890625 0.0921875 0.884375 0.0796875 0.884375 0.075 0.88125 0.065625 0.8796875 0.009375 0.8734375 0.0109375 0.85625 0.015625 0.853125
0 0.103125 0.6078125 0.390625 0.64375 0.3890625 0.6640625 0.3625 0.6625 0.1015625 0.6296875 0.103125 0.609375
0 0.565625 0.475 0.571875 0.478125 0.575 0.4765625 0.5875 0.478125 0.5921875 0.48125 0.6046875 0.4796875 0.6546875 0.4859375 0.659375 0.4890625 0.6671875 0.4875 0.690625 0.490625 0.6953125 0.49375 0.7203125 0.496875 0.73125 0.4953125 0.7359375 0.4984375 0.7703125 0.503125 0.7828125 0.503125 0.834375 0.5109375 0.8453125 0.509375 0.8625 0.515625 0.8609375 0.534375 0.8578125 0.5375 0.80625 0.5296875 0.79375 0.5296875 0.7171875 0.51875 0.7046875 0.51875 0.628125 0.5078125 0.553125 0.5 0.55 0.496875 0.5515625 0.478125 0.5640625 0.4765625
0 0.1453125 0.221875 0.425 0.25625 0.434375 0.259375 0.43125 0.28125 0.3859375 0.275 0.3796875 0.2765625 0.365625 0.2734375 0.3484375 0.2734375 0.296875 0.265625 0.284375 0.265625 0.1375 0.2453125 0.1390625 0.2234375 0.14375 0.221875
2 0.565625 0.8859375 0.571875 0.8890625 0.5765625 0.8875 0.58125 0.890625 0.584375 0.8890625 0.590625 0.8921875 0.60625 0.89375 0.6171875 0.8921875 0.625 0.8953125 0.6296875 0.89375 0.640625 0.8953125 0.64375 0.8984375 0.6703125 0.9015625 0.6765625 0.9 0.690625 0.9015625 0.6953125 0.9046875 0.70625 0.9046875 0.709375 0.9109375 0.70625 0.9359375 0.703125 0.94375 0.7046875 0.9484375 0.7015625 0.953125 0.7 0.9625 0.7015625 0.9640625 0.6984375 0.98125 0.7 0.9828125 0.6984375 0.9984375 0.6625 0.9984375 0.5515625 0.984375 0.553125 0.959375 0.5578125 0.9390625 0.55625 0.934375 0.559375 0.9265625 0.5578125 0.921875 0.5609375 0.9140625 0.5640625 0.8875
5 0.8626176421875 0.1120959203125 0.625215009375 0.0829465421875 0.6192445234374999 0.13157225 0.85664715625 0.160721628125 0.8626176421875 0.1120959203125
5 0.8906971796875001 0.660084334375 0.5280576359375 0.615557796875 0.5178773078125001 0.6984699203125 0.8805168515625 0.74299645625 0.8906971796875001 0.660084334375
3 0.49118776875 0.808902459375 0.4100311109375 0.798937675 0.4086289890625 0.8103570484375 0.489785646875 0.8203218328125 0.49118776875 0.808902459375
3 0.3703125 0.7453125 0.371875 0.746875 0.38125 0.7453125 0.3875 0.75 0.3890625 0.7609375 0.3828125 0.765625 0.3703125 0.765625 0.365625 0.7625 0.3609375 0.753125 0.3625 0.75 0.36875 0.746875
3 0.4290982546875 0.0866993234375 0.3846097765625 0.081236825 0.3830631328125 0.0938332203125 0.4275516125 0.09929571875 0.4290982546875 0.0866993234375
3 0.3496753546875 0.1613450328125 0.30467459375 0.155819634375 0.30335584843749996 0.1665599578125 0.348356609375 0.17208535625000002 0.3496753546875 0.1613450328125
3 0.653200003125 0.23966029687499998 0.621054315625 0.2357133015625 0.619852296875 0.245502953125 0.6519979859375 0.249449946875 0.653200003125 0.23966029687499998
3 0.3138707125 0.23073996718749998 0.2597609375 0.2240961234375 0.258338665625 0.23567960000000002 0.312448440625 0.2423234453125 0.3138707125 0.23073996718749998
3 0.73855165 0.48548044062500006 0.6700259421875 0.4770665421875 0.668707196875 0.4878068640625 0.7372329046874999 0.49622076249999997 0.73855165 0.48548044062500006
3 0.2718020421875 0.6167715796875 0.219357184375 0.6103321609375 0.218043996875 0.6210272125 0.2704888546875 0.62746663125 0.2718020421875 0.6167715796875
3 0.13594163125 0.8562611671875 0.0854338390625 0.850059590625 0.084211671875 0.8600133453125001 0.1347194640625 0.866214921875 0.13594163125 0.8562611671875
1 0.640625 0.290625 0.659375 0.29375 0.659375 0.3046875 0.65625 0.3125 0.6515625 0.309375 0.640625 0.309375 0.6328125 0.30625 0.6359375 0.3 0.634375 0.2921875 0.6390625 0.290625
1 0.6921875 0.296875 0.7 0.3 0.6984375 0.315625 0.690625 0.3140625 0.6796875 0.315625 0.6734375 0.3109375 0.678125 0.2953125 0.690625 0.296875
1 0.7171875 0.3015625 0.7296875 0.3015625 0.7421875 0.3046875 0.740625 0.3203125 0.7375 0.321875 0.7171875 0.31875 0.715625 0.315625 0.7171875 0.303125
1 0.6328125 0.3171875 0.65625 0.3203125 0.6546875 0.3359375 0.6484375 0.334375 0.640625 0.3359375 0.6375 0.3328125 0.6296875 0.3328125 0.6328125 0.3265625 0.6328125 0.31875
1 0.6734375 0.321875 0.6765625 0.3203125 0.690625 0.321875 0.696875 0.325 0.6953125 0.340625 0.690625 0.3421875 0.6703125 0.3375 0.6734375 0.3234375
1 0.721875 0.3265625 0.7390625 0.33125 0.7375 0.3453125 0.734375 0.346875 0.715625 0.3453125 0.7125 0.3421875 0.7140625 0.328125 0.7203125 0.3265625
1 0.6296875 0.3421875 0.6515625 0.34375 0.6546875 0.346875 0.6515625 0.3625 0.6375 0.3609375 0.628125 0.359375 0.6296875 0.34375
1 0.6703125 0.346875 0.69375 0.35 0.6921875 0.3671875 0.6890625 0.3671875 0.66875 0.3640625 0.6703125 0.3484375
1 0.7265625 0.353125 0.7359375 0.35625 0.7328125 0.371875 0.7140625 0.3703125 0.709375 0.3671875 0.7125 0.3515625 0.725 0.353125
1 0.3625 0.4078125 0.390625 0.4109375 0.3890625 0.4296875 0.3765625 0.428125 0.3671875 0.4296875 0.3609375 0.4265625 0.3625 0.409375
1 0.403125 0.4125 0.428125 0.415625 0.43125 0.41875 0.428125 0.434375 0.403125 0.4328125 0.3984375 0.43125 0.403125 0.4140625
1 0.4546875 0.41875 0.471875 0.421875 0.46875 0.440625 0.4390625 0.4359375 0.440625 0.4203125 0.453125 0.41875
3 0.7109375 0.5890625 0.721875 0.596875 0.721875 0.603125 0.715625 0.609375 0.7 0.6078125 0.69375 0.5984375 0.6984375 0.590625 0.709375 0.5890625