0 0.2728218796875 0.728650853125 0.27594280625 0.7256857703125 0.290610121875 0.5318717515625 0.2895388359375 0.5244922375 0.27186191718749997 0.5237552390625 0.2693792328125 0.5259666281250001 0.2660700875 0.55724886875 0.2537222390625 0.7245512546875 0.2551449578125 0.7279138546875 0.2728218796875 0.728650853125
0 0.32472992500000003 0.096090434375 0.30385612968750003 0.0926451484375 0.293653209375 0.1961821546875 0.28426307031250003 0.3362192125 0.302935328125 0.33866235625 0.3055585875 0.3348442015625 0.32472992500000003 0.096090434375
0 0.37137779531250004 0.511413915625 0.39473427499999997 0.512647809375 0.398757609375 0.48628524687499997 0.4165878375 0.2563190015625 0.4151651171875 0.2529563984375 0.3929445484375 0.2518218828125 0.390959534375 0.254886346875 0.3780154234375 0.38975528125 0.37872319062500004 0.414372740625 0.3705933171875 0.507297621875 0.37137779531250004 0.511413915625
0 0.6288396734374999 0.6561782625 0.6328516859375 0.6168621921875 0.6534933875 0.354760634375 0.6521409546875 0.35059465156249997 0.633328121875 0.349758275 0.6229313249999999 0.475135684375 0.61869146875 0.49743164375 0.608393259375 0.6543894328125 0.62699523125 0.6576359578125001 0.6288396734374999 0.6561782625
0 0.7117782203125 0.6828632156250001 0.7022248640625001 0.79860003125 0.7213947921874999 0.801896246875 0.723877478125 0.7996848562500001 0.7282409249999999 0.7563518734375 0.7476118015625 0.5022344546874999 0.74625936875 0.49806847187500003 0.726310625 0.49713271406250004 0.7166926421875 0.620149665625 0.715690959375 0.638474028125 0.714928771875 0.6501949437500001 0.7123633890625001 0.6701173265625 0.7117782203125 0.6828632156250001
0 0.8739862359374999 0.2744788078125 0.8539672062499999 0.274346434375 0.8331849296874999 0.5380547578125 0.8522845703125 0.5421543546875001 0.8554054984375 0.5391892734375 0.8761231484374999 0.282761084375 0.8739862359374999 0.2744788078125
0 0.9233814203125 0.2593715546875 0.9215313171874999 0.2543525 0.9032864421875001 0.2535658125 0.8845368234375 0.48749928125 0.8859595453125 0.49086188125 0.90129435625 0.492203503125 0.9042747078125 0.4908451859375 0.9233814203125 0.2593715546875
0 0.9765801125 0.1288339734375 0.9566313703124999 0.12789821562499998 0.9403304718750001 0.32075978125 0.9600683562500001 0.3241056875 0.963048709375 0.3227473703125 0.978002834375 0.1321965734375 0.9765801125 0.1288339734375
0 0.825573196875 0.9259642390625 0.8389050609375 0.74741449375 0.820162515625 0.7457747328125001 0.8018346203125001 0.97488790625 0.8027596718750001 0.977397434375 0.8186624374999999 0.9787887453125 0.821145121875 0.97657735625 0.825573196875 0.9259642390625
1 0.5491423390625 0.520490040625 0.5668192609375 0.5212270390625 0.5677216671875 0.49782955781249993 0.551180659375 0.4971919390625 0.5491423390625 0.520490040625
3 0.7125093437500001 0.67669783125 0.71728815 0.6220758328125 0.7051850078124999 0.6210169453125001 0.700406203125 0.67563894375 0.7125093437500001 0.67669783125
3 0.6189022750000001 0.5221691500000001 0.622761728125 0.4780554 0.608619625 0.476818125 0.604760171875 0.5209318765625001 0.6189022750000001 0.5221691500000001
3 0.8102577359375 0.8748826062499999 0.812967296875 0.8439121999999999 0.7970758890625 0.84252188125 0.7943663296875 0.8734922890625001 0.8102577359375 0.8748826062499999
3 0.8414620171875 0.432195909375 0.8463244640625 0.3766178859375 0.8344541859374999 0.375579371875 0.8295917390625 0.43115739375000006 0.8414620171875 0.432195909375
3 0.8921445312499999 0.384941428125 0.8951668671874999 0.3503959671875 0.8840292515625 0.3494215515625 0.881006915625 0.3839670125 0.8921445312499999 0.384941428125
3 0.94577820625 0.2476984984375 0.949715678125 0.20269299375 0.9386746140625 0.20172702656250002 0.9347371421874999 0.24673253125 0.94577820625 0.2476984984375
3 0.26037245000000003 0.6420629328125 0.2638706296875 0.6020785703125 0.25143239375 0.600990365625 0.247934215625 0.640974728125 0.26037245000000003 0.6420629328125
3 0.46413045 0.341799990625 0.46700026406250006 0.30899786875 0.447508015625 0.30729251875 0.4446382015625 0.34009463906250004 0.46413045 0.341799990625
3 0.9306331421875 0.938596303125 0.9342880593749999 0.8968203984375 0.9121093796874999 0.894880015625 0.9084544625 0.9366559203125 0.9306331421875 0.938596303125
2 0.5121659359375 0.8015424687499999 0.5281105171875 0.6192950765624999 0.403779284375 0.608417503125 0.387834703125 0.7906648953125 0.5121659359375 0.8015424687499999