0 0.7475806453125 0.2936145953125 0.7483870968749999 0.27594070625 0.745161290625 0.27423033124999996 0.5774193546874999 0.2719498296875 0.5459677421875 0.2725199546875 0.5435483875 0.27480045625 0.5427419359375001 0.29247434375000003 0.55 0.2941847203125 0.7443548390625 0.296465221875 0.7475806453125 0.2936145953125
0 0.3556451609375 0.270809578125 0.21532258125 0.2679589515625 0.11129032187500001 0.2690992015625 0.1129032265625 0.2901938421875 0.35241935468749996 0.29190421875 0.3564516125 0.2896237171875 0.3556451609375 0.270809578125
0 0.52177419375 0.396237171875 0.5225806453125 0.3728620296875 0.5185483875 0.371721778125 0.4252685484375 0.371721778125 0.40080645156249994 0.3688711515625 0.26532258125 0.370011403125 0.26209677343750004 0.371721778125 0.261290321875 0.39395667031250003 0.2645161296875 0.395667046875 0.49516129062500003 0.3979475484375 0.52177419375 0.396237171875
0 0.6443548390625 0.64196123125 0.6459677421875 0.6402508546875 0.6443548390625 0.621436715625 0.4870967734375 0.6180159640625 0.4645161296875 0.620296465625 0.33870967812499997 0.6197263390625001 0.3379032265625 0.638540478125 0.341935484375 0.6402508546875 0.604838709375 0.64253135625 0.6443548390625 0.64196123125
0 0.7790322578125 0.7491448125 0.7814516125 0.746864309375 0.779838709375 0.7274800453125 0.663709678125 0.7269099203125 0.650961290625 0.726381984375 0.6308911296875 0.7272012546875 0.6191483875 0.726938996875 0.6008064515625 0.7263397953124999 0.47741935468749996 0.72519954375 0.47661290312500004 0.745153934375 0.48064516093750004 0.746864309375 0.7354838703125 0.7497149375000001 0.7790322578125 0.7491448125
0 0.511290321875 0.854618015625 0.5088709671875 0.8352337515625001 0.24435483906250002 0.8329532499999999 0.2427419359375 0.8529076390625001 0.25080645156250003 0.8557582671875 0.508064515625 0.8574686437500001 0.511290321875 0.854618015625
0 0.45725806406249997 0.8990878 0.45725806406249997 0.8836944125 0.4540322578125 0.8819840359375 0.21935483906250003 0.8802736609374999 0.2185483875 0.8985176734375001 0.22338709687499997 0.900798175 0.4556451609375 0.9019384265625 0.45725806406249997 0.8990878
0 0.28467741874999997 0.9429874578125 0.283064515625 0.9230330671875 0.0895161296875 0.9224629421874999 0.088709678125 0.94241733125 0.091935484375 0.9441277078124999 0.283064515625 0.9458380843749999 0.28467741874999997 0.9429874578125
0 0.9491935484375 0.8591790187499999 0.9491935484375 0.8432155078125 0.9467741937499999 0.84207525625 0.716935484375 0.8403648796875001 0.716935484375 0.8591790187499999 0.8959677421875 0.8614595218750001 0.9467741937499999 0.8614595218750001 0.9491935484375 0.8591790187499999
1 0.49274193593750004 0.5507411624999999 0.491935484375 0.5672748000000001 0.51532258125 0.5684150515625 0.5161290328125 0.5507411624999999 0.49274193593750004 0.5507411624999999
3 0.6575040328124999 0.7149515390625 0.6026733875 0.7149515390625 0.6026733875 0.7271009125 0.6575040328124999 0.7271009125 0.6575040328124999 0.7149515390625
3 0.5117217734375 0.6061858609375 0.467439515625 0.6061858609375 0.467439515625 0.620381984375 0.5117217734375 0.620381984375 0.5117217734375 0.6061858609375
3 0.8464153218750001 0.8257981750000001 0.8153266125 0.8257981750000001 0.8153266125 0.841750284375 0.8464153218750001 0.841750284375 0.8464153218750001 0.8257981750000001
3 0.40269354843749994 0.8223375140625 0.3469032265625 0.8223375140625 0.3469032265625 0.8342531359375001 0.40269354843749994 0.8342531359375001 0.40269354843749994 0.8223375140625
3 0.35120161250000004 0.869444128125 0.31652419374999996 0.869444128125 0.31652419374999996 0.8806242875000001 0.35120161250000004 0.8806242875000001 0.35120161250000004 0.869444128125
3 0.2098064515625 0.911009121875 0.16462903281250002 0.911009121875 0.16462903281250002 0.9220923609374999 0.2098064515625 0.9220923609374999 0.2098064515625 0.911009121875
3 0.6624072578125 0.261180159375 0.6222701609375 0.261180159375 0.6222701609375 0.27366590625 0.6624072578125 0.27366590625 0.6624072578125 0.261180159375
3 0.34552822656250004 0.4309122 0.31260080625 0.4309122 0.31260080625 0.45047890468749996 0.34552822656250004 0.45047890468749996 0.34552822656250004 0.4309122
3 0.8993951609374999 0.9449572406250001 0.8574596781249999 0.9449572406250001 0.8574596781249999 0.9672206390625 0.8993951609374999 0.9672206390625 0.8993951609374999 0.9449572406250001
2 0.7993346781249999 0.41359464062500007 0.6163911296875 0.41359464062500007 0.6163911296875 0.5384007984375 0.7993346781249999 0.5384007984375 0.7993346781249999 0.41359464062500007