0 0.2597729203125 0.2850998796875 0.2628972765625 0.2880613484375 0.45721330781249997 0.292565121875 0.4645266421875 0.291109090625 0.4643374921875 0.273417825 0.4619991984375 0.271054278125 0.43058664375 0.2693868546875 0.262867303125 0.2658118578125 0.2595837703125 0.26740861250000003 0.2597729203125 0.2850998796875
0 0.89418309375 0.30383113281249996 0.8965312078125001 0.28280563281250004 0.7926021171875 0.27803540312499997 0.6522655328125 0.27598710625 0.65080296875 0.29476163906249997 0.65475318125 0.29718147500000003 0.89418309375 0.30383113281249996
0 0.4818701609375 0.372151425 0.48186034062500005 0.3955404734375 0.508397340625 0.398178584375 0.7389815875 0.40394887187500006 0.7422651218749999 0.4023521171875 0.7422351484374999 0.380102625 0.739070996875 0.3782807125 0.603709453125 0.37241283593749996 0.579162771875 0.3744080125 0.4859397578125 0.37115259218749996 0.4818701609375 0.372151425
0 0.350778721875 0.636836840625 0.39025088281250003 0.6387857125 0.6530735421875 0.6456817890625 0.6571630359375 0.644113178125 0.6570136796875 0.62528235625 0.53126396875 0.621461553125 0.50877666875 0.6183943875 0.3514950171875 0.616324828125 0.34922649375 0.6350712171875 0.350778721875 0.636836840625
0 0.3284710078125 0.7210583078125 0.21239282187500003 0.717575240625 0.2101044 0.73689140625 0.2124426921875 0.7392549546875 0.2559446546875 0.74134455 0.5107276078125 0.7473894 0.5148171015624999 0.7458207906250001 0.5147075390625 0.7258504109375 0.3913558125 0.7226838203125 0.3730041375 0.7226425328125 0.361259396875 0.722494815625 0.341230053125 0.72097560625 0.3284710078125 0.7210583078125
0 0.7447850500000001 0.861670834375 0.7438695281250001 0.8416723109375001 0.479434946875 0.83471994375 0.476340565625 0.854007965625 0.479464921875 0.8569694359375 0.7366259625 0.864238278125 0.7447850500000001 0.861670834375
0 0.7624567437499999 0.9102076703125 0.7673720937499999 0.9080974265625 0.767202840625 0.8898363828125 0.5326086890624999 0.8833555921875 0.52932515625 0.8849523484375 0.5287879359375001 0.9003363578125001 0.5303003703125 0.9032415374999999 0.7624567437499999 0.9102076703125
0 0.8955996328125 0.9565016484375001 0.8954900703125 0.9365312703124999 0.7020396921875001 0.93034630625 0.6997313734375 0.9502322515625 0.7012438078125001 0.9531374312500001 0.8923161000000001 0.958098403125 0.8955996328125 0.9565016484375001
0 0.091658715625 0.8474202562500001 0.2706615 0.851389278125 0.271318103125 0.8325866 0.0415597140625 0.826274678125 0.039102039062499996 0.8273298015625 0.038544921875 0.8432835875 0.0408832140625 0.8456471359375 0.091658715625 0.8474202562500001
1 0.48210995156249997 0.5501473578125 0.4822991015625 0.567838625 0.505711746875 0.567515265625 0.5054828015624999 0.5509635546875 0.48210995156249997 0.5501473578125
3 0.33466620625 0.7214657578125 0.3894634515625 0.7233793187499999 0.3898874578125 0.7112373468750001 0.3350902140625 0.709323784375 0.33466620625 0.7214657578125
3 0.48408409687500004 0.6198995671875001 0.528339378125 0.6214449953125001 0.528834815625 0.6072575203125 0.484579534375 0.605712090625 0.48408409687500004 0.6198995671875001
3 0.14186879218749998 0.8294523796875 0.1729385625 0.830537359375 0.173495284375 0.8145949671875 0.1424255125 0.8135099875 0.14186879218749998 0.8294523796875
3 0.585581909375 0.8374454640625 0.6413382453125 0.8393925187500001 0.64175409375 0.8274841546875 0.5859977578125 0.8255371015625 0.585581909375 0.8374454640625
3 0.6354241468749999 0.8855854109375001 0.6700804421875 0.8867956343750001 0.6704706234375 0.8756222859375 0.6358143296875001 0.8744120609375001 0.6354241468749999 0.8855854109375001
3 0.775285959375 0.9319628421875 0.8204358578125 0.9335395109375 0.8208226562500001 0.9224630234375001 0.775672759375 0.9208863546874999 0.775285959375 0.9319628421875
3 0.345590621875 0.26813585156249997 0.38570326875 0.269536615625 0.386139015625 0.257058475 0.34602636875 0.2556577109375 0.345590621875 0.26813585156249997
3 0.656105934375 0.45590005937500006 0.689013296875 0.45704920937500004 0.6896961640625 0.43749442343749995 0.656788803125 0.43634527343749996 0.656105934375 0.45590005937500006
3 0.084542375 0.95299733125 0.1264523109375 0.9544608578125 0.1272292921875 0.9322110218749999 0.08531935625 0.9307474953125 0.084542375 0.95299733125
2 0.1995075 0.5279307765625 0.3823396046875 0.5343154140624999 0.38669527656249997 0.409585284375 0.203863171875 0.40320064687499996 0.1995075 0.5279307765625