0 0.7765625 0.73828125 0.303125 0.03046875
0 0.8234375 0.7859375 0.825 0.7875 0.9078125 0.7859375 0.9078125 0.8015625 0.909375 0.803125 0.9078125 0.8078125 0.6765625 0.8109375 0.675 0.8125 0.6578125 0.8109375 0.65625 0.8125 0.609375 0.8125 0.6078125 0.8140625 0.6046875 0.8125 0.5859375 0.8140625 0.5828125 0.8109375 0.5828125 0.7921875 0.584375 0.790625 0.7109375 0.7890625 0.7125 0.7875 0.81875 0.7875 0.821875 0.7859375
0 0.5890625 0.4078125 0.590625 0.409375 0.69375 0.4078125 0.6953125 0.4296875 0.6734375 0.4328125 0.4484375 0.4359375 0.446875 0.434375 0.446875 0.4125 0.5875 0.409375
0 0.9203125 0.45625 0.921875 0.4578125 0.9203125 0.4734375 0.8375 0.4734375 0.8359375 0.475 0.7984375 0.475 0.796875 0.4765625 0.78125 0.475 0.7796875 0.4765625 0.68125 0.4765625 0.6796875 0.478125 0.6703125 0.478125 0.6671875 0.475 0.6671875 0.4609375 0.6703125 0.459375 0.91875 0.45625
0 0.8875 0.059375 0.890625 0.0625 0.890625 0.08125 0.809375 0.0828125 0.8078125 0.084375 0.6109375 0.0859375 0.609375 0.0875 0.55625 0.0875 0.553125 0.0796875 0.5546875 0.065625 0.8859375 0.059375
0 0.803125 0.84375 0.80625 0.85 0.8046875 0.8515625 0.80625 0.85625 0.803125 0.859375 0.74375 0.859375 0.7421875 0.8609375 0.73125 0.859375 0.7296875 0.8609375 0.584375 0.8625 0.5828125 0.8640625 0.46875 0.8640625 0.4671875 0.85 0.8015625 0.84375
0 0.946875 0.665625 0.946875 0.6890625 0.809375 0.690625 0.8078125 0.6921875 0.7453125 0.6921875 0.74375 0.69375 0.728125 0.69375 0.725 0.690625 0.725 0.6703125 0.7265625 0.66875 0.9453125 0.665625
0 0.2 0.7984375 0.2078125 0.796875 0.2234375 0.7984375 0.225 0.796875 0.3 0.796875 0.3015625 0.7953125 0.334375 0.7953125 0.3359375 0.79375 0.3453125 0.7953125 0.4046875 0.79375 0.40625 0.83125 0.4078125 0.8328125 0.4078125 0.8890625 0.409375 0.890625 0.409375 0.934375 0.403125 0.9359375 0.30625 0.9359375 0.3046875 0.9375 0.20625 0.9390625 0.203125 0.9203125 0.203125 0.8625 0.2 0.8515625 0.2 0.8
0 0.41875 0.575 0.421875 0.5828125 0.4203125 0.5984375 0.271875 0.6 0.2703125 0.6015625 0.2171875 0.6015625 0.2171875 0.578125 0.225 0.5796875 0.2265625 0.578125 0.3234375 0.578125 0.325 0.5765625 0.4171875 0.575
0 0.94375 0.921875 0.9453125 0.9234375 0.946875 0.9671875 0.878125 0.96875 0.8765625 0.9703125 0.684375 0.971875 0.6828125 0.9734375 0.5875 0.9734375 0.5859375 0.975 0.5640625 0.9734375 0.5625 0.9609375 0.5625 0.9296875 0.5640625 0.928125 0.9421875 0.921875
0 0.8421875 0.878125 0.84375 0.8796875 0.8484375 0.878125 0.859375 0.8796875 0.8609375 0.878125 0.9125 0.878125 0.9125 0.89375 0.7578125 0.8953125 0.75625 0.896875 0.7359375 0.896875 0.734375 0.88125 0.7859375 0.88125 0.7875 0.8796875 0.7984375 0.88125 0.8203125 0.878125 0.840625 0.878125
0 0.5125 0.209375 0.5765625 0.209375 0.578125 0.2078125 0.6859375 0.2078125 0.6875 0.209375 0.6859375 0.225 0.6296875 0.225 0.628125 0.2265625 0.625 0.225 0.615625 0.2265625 0.6140625 0.225 0.6109375 0.2265625 0.5125 0.2265625 0.5125 0.2109375
2 0.2790322578125 0.4771949828125 0.291935484375 0.47434435625000004 0.38709677343750004 0.4737742296875 0.38709677343750004 0.4179019390625 0.383064515625 0.371721778125 0.33467741875 0.370581528125 0.311290321875 0.3728620296875 0.263709678125 0.3722919046875 0.254838709375 0.37457240625 0.25080645156250003 0.3722919046875 0.1927419359375 0.37514253124999997 0.195161290625 0.4737742296875 0.1975806453125 0.4766248578125 0.27258064531250004 0.47491448125 0.2790322578125 0.4771949828125
2 0.11532258124999999 0.2514253140625 0.1274193546875 0.2525655640625 0.133064515625 0.25028506250000004 0.16532258125 0.2514253140625 0.17177419375 0.24971493749999998 0.17822580625 0.2519954390625 0.1854838703125 0.25028506250000004 0.1935483875 0.2519954390625 0.2024193546875 0.24971493749999998 0.2161290328125 0.24971493749999998 0.2129032265625 0.13340935 0.1677419359375 0.1322690984375 0.1556451609375 0.1345496015625 0.12822580625 0.13340935 0.0935483875 0.1362599765625 0.091935484375 0.1510832390625 0.09677419375 0.2508551875 0.1104838703125 0.253135690625 0.11532258124999999 0.2514253140625
1 0.4265625 0.140625 0.428125 0.1421875 0.428125 0.1578125 0.4265625 0.159375 0.4140625 0.1578125 0.4046875 0.159375 0.403125 0.1578125 0.403125 0.1421875 0.4046875 0.140625 0.425 0.140625
1 0.2921875 0.165625 0.3171875 0.1671875 0.3171875 0.1828125 0.29375 0.1828125 0.2921875 0.1671875
1 0.390625 0.1859375 0.3921875 0.203125 0.3890625 0.2046875 0.3828125 0.203125 0.3703125 0.2046875 0.3671875 0.2015625 0.36875 0.1859375 0.3890625 0.1859375
1 0.353125 0.1859375 0.35625 0.19375 0.35625 0.203125 0.353125 0.2046875 0.3328125 0.2046875 0.3296875 0.2015625 0.33125 0.1859375 0.3515625 0.1859375
1 0.29375 0.2046875 0.2921875 0.19375 0.29375 0.1875 0.3171875 0.1875 0.31875 0.1984375 0.3171875 0.20625 0.2953125 0.2046875
1 0.37890625 0.1734375 0.02734375 0.0203125
1 0.29375 0.209375 0.3171875 0.209375 0.31875 0.2109375 0.31875 0.2265625 0.3171875 0.228125 0.29375 0.2265625 0.29375 0.2109375
1 0.33125 0.209375 0.35625 0.209375 0.35625 0.2265625 0.3328125 0.2265625 0.33125 0.2109375
1 0.290625 0.14375 0.315625 0.14375 0.3171875 0.1453125 0.315625 0.1609375 0.2921875 0.159375 0.290625 0.1453125
1 0.365625 0.1421875 0.390625 0.1421875 0.390625 0.1578125 0.3890625 0.159375 0.3671875 0.159375 0.365625 0.14375
1 0.4046875 0.1859375 0.41875 0.184375 0.4296875 0.1875 0.4296875 0.203125 0.4046875 0.203125 0.403125 0.1890625 0.4046875 0.1875
1 0.3296875 0.1640625 0.346875 0.1640625 0.3546875 0.1671875 0.353125 0.1828125 0.33125 0.1828125 0.3296875 0.18125 0.3296875 0.165625
1 0.34140625 0.1515625 0.02734375 0.0203125
1 0.36875 0.2078125 0.378125 0.209375 0.390625 0.2078125 0.39375 0.215625 0.39375 0.225 0.390625 0.2265625 0.36875 0.2265625 0.3671875 0.2234375 0.36875 0.209375
1 0.4046875 0.1625 0.428125 0.1640625 0.4296875 0.1671875 0.428125 0.18125 0.4109375 0.1828125 0.4046875 0.18125 0.403125 0.178125 0.4046875 0.1640625