0 0.054736918749999995 0.5883994296874999 0.0518480125 0.6033273046875001 0.05029896406249999 0.6114010390625 0.0359882890625 0.685023078125 0.036645957812500005 0.6876155515625 0.0582204359375 0.6901661140625001 0.09124839375 0.5232399515624999 0.09976755625 0.4764247109375 0.0978367109375 0.47440630156249997 0.078808590625 0.47070760937499995 0.07722765312499999 0.47286494375 0.0637274828125 0.54722946875 0.06055294375 0.5616368296875 0.059407581249999994 0.5696386890625 0.0542017828125 0.58833484375 0.054736918749999995 0.5883994296874999
0 0.0945418453125 0.616709871875 0.092724296875 0.627094178125 0.06621147968749999 0.7566215265625 0.06758267500000001 0.7585311515625001 0.0825393625 0.7622599828125 0.0860511453125 0.762121059375 0.0879398390625 0.7583804546875 0.1476445890625 0.45122614375000003 0.14739389218750001 0.4471345875 0.1283585328125 0.443308790625 0.1263778640625 0.44709231093749996 0.099547190625 0.5881120953125001 0.09951253125000001 0.5925570234374999 0.0988700546875 0.5960028671875001 0.0971848828125 0.601185409375 0.09612167031249999 0.6089469140625 0.0945418453125 0.616709871875
0 0.24419134531250003 0.2473540421875 0.227401828125 0.24409048906250003 0.225261240625 0.2461390390625 0.18007690625 0.47560435312499993 0.1706766265625 0.532928415625 0.1873122671875 0.536983603125 0.190879909375 0.5335693546875 0.24596831406250003 0.2501640859375 0.24419134531250003 0.2473540421875
0 0.1397649234375 0.8144607921875 0.1617451765625 0.817911775 0.19959921875 0.6231696078125 0.19822802343749998 0.6212599828125 0.1780806015625 0.6173437203125001 0.17634578750000002 0.6202926890625 0.1397649234375 0.8144607921875
0 0.3909356453125 0.40075319374999996 0.43140561718750003 0.192553234375 0.4296286484375 0.1897431890625 0.41141207343749997 0.1878453359375 0.3878458046875 0.313090103125 0.38571441093750003 0.320048353125 0.370270725 0.402487159375 0.385787065625 0.40632477656250005 0.3887391953125 0.4060770671875 0.3909356453125 0.40075319374999996
0 0.41088806250000004 0.4325641046875 0.434969371875 0.4374118109375 0.4360301875 0.43170041875000004 0.4886006765625 0.1642366328125 0.48657181562499996 0.15973453437500001 0.465864740625 0.1557094859375 0.463570278125 0.1585496703125 0.44464325625 0.25592075468750003 0.4459440265625 0.2544697125 0.443709228125 0.26336725 0.43716246875 0.2984965578125 0.43156535781249994 0.32909889375 0.41088806250000004 0.4325641046875
0 0.47760026718750004 0.5046829359375 0.47638294999999997 0.5019816765625 0.462391684375 0.49926205 0.4580124953125 0.5008754578125 0.40107755312500004 0.7937803437500001 0.4192382671875 0.7989535203125 0.42153273125 0.7961133359375 0.47046600625 0.5443734625000001 0.47760026718750004 0.5046829359375
0 0.5246352515625 0.39716611875 0.54294984375 0.4015476609375 0.5460136999999999 0.394749303125 0.600430728125 0.11778589843750001 0.5982479890625 0.11407543281250002 0.583137421875 0.1111382375 0.580437184375 0.11307799999999998 0.5783387515625 0.120885565625 0.557565190625 0.227756265625 0.5581669953125 0.23362406406249997 0.5515502328124999 0.2676643609375 0.547101471875 0.281587434375 0.5246352515625 0.39716611875
3 0.0506491 0.5444925828125 0.036567703125 0.6169350859375 0.0483763328125 0.61923045 0.062457728125 0.546787946875 0.0506491 0.5444925828125
3 0.090863478125 0.5741625828125 0.080370521875 0.6281441609375 0.09097030625 0.63020455 0.1014632625 0.5762229718749999 0.090863478125 0.5741625828125
3 0.1829666296875 0.19333251406250002 0.1689544796875 0.2654187796875 0.1837460453125 0.26829396875 0.19775819687500001 0.196207703125 0.1829666296875 0.19333251406250002
3 0.275347321875 0.1667288609375 0.2639941875 0.22513567812500002 0.2809739875 0.22843621718749998 0.2923271234375 0.1700294 0.275347321875 0.1667288609375
3 0.151178421875 0.686423278125 0.1393513421875 0.7472683296875 0.1511711625 0.7495658703125 0.1629982421875 0.6887208171875 0.151178421875 0.686423278125
3 0.19108464218750001 0.36041087968749996 0.1803439421875 0.41566699218750003 0.1918167796875 0.4178970859375 0.20255747968749999 0.3626409734375 0.19108464218750001 0.36041087968749996
3 0.3846346234375 0.263603659375 0.373081446875 0.3230396015625 0.3850691625 0.325369778125 0.3966223390625 0.2659338359375 0.3846346234375 0.263603659375
3 0.43013120312500003 0.2677275171875 0.42013065781250003 0.319175865625 0.431620284375 0.3214092234375 0.44162083125 0.269960875 0.43013120312500003 0.2677275171875
3 0.3867929984375 0.5640968875000001 0.3793529859375 0.60237243125 0.392252934375 0.6048799265625 0.3996929453125 0.5666043828125 0.3867929984375 0.5640968875000001
3 0.4189289875 0.6288128984375 0.41252611406249995 0.6617528234375001 0.4268923453125 0.6645453359375 0.4332952171875 0.6316054109375 0.4189289875 0.6288128984375
3 0.5454574515624999 0.21933564374999998 0.532191609375 0.2875824828125 0.54430804375 0.2899376796875 0.5575738859375 0.221690840625 0.5454574515624999 0.21933564374999998
3 0.5628725609375 0.056329034374999996 0.55179640625 0.11331091093750001 0.5670468859375 0.116275303125 0.578123040625 0.059293428125000006 0.5628725609375 0.056329034374999996
3 0.459176621875 0.8002388625 0.44880061250000003 0.8536187999999999 0.464633128125 0.8566963281250001 0.4750091375 0.8033163921875 0.459176621875 0.8002388625
3 0.48335490156249994 0.7280666109375 0.4729481171875 0.781604875 0.4854171328125 0.7840286046875 0.4958239171875 0.7304903406250001 0.48335490156249994 0.7280666109375
3 0.6012805859375 0.429731803125 0.5894304234375001 0.4906956 0.6067404171875 0.494060321875 0.6185905796875 0.433096525 0.6012805859375 0.429731803125
3 0.5869081921875 0.3372581609375 0.579517421875 0.3752803828125 0.5965643796875 0.37859397499999997 0.60395515 0.340571753125 0.5869081921875 0.3372581609375
2 0.6852229265625 0.2915404375 0.657120146875 0.43611670625 0.7375475375 0.45175020625 0.7656503171875 0.3071739390625 0.6852229265625 0.2915404375
2 0.7030408203125 0.5147591499999999 0.6741717265625 0.663277759375 0.79075814375 0.6859398624999999 0.8196272375 0.537421253125 0.7030408203125 0.5147591499999999
0 0.6704388078125 1 0.6732541890625 0.992099715625 0.7152766515625 0.7669490703124999 0.7007257359375 0.7641206578124999 0.6984312703125 0.7669608421875 0.6792945078125 0.8683988843750001 0.6779294171875 0.8759834078125 0.672314125 0.9072977765625 0.6543103734375 0.9999190499999999 0.654726825 1 0.6704388078125 1
0 0.842202534375 0.6996078406249999 0.8401736703125 0.6951057421875 0.8261824046875 0.692386115625 0.8240418187499999 0.6944346640625 0.8091156312500001 0.7712232421875 0.8055671109375 0.79020785625 0.801314228125 0.81936266875 0.7978825203125 0.8290125859374999 0.7811097953125 0.9153007796875 0.7990186140625 0.918781903125 0.842202534375 0.6996078406249999
0 0.9142524999999999 0.10484755625 0.8942589546875 0.1001396578125 0.8908451906250001 0.102762271875 0.8400653765625 0.364001765625 0.8415345875 0.3683950796875 0.858729878125 0.3725590515625 0.8618358890625 0.37151970625 0.8637245796874999 0.367779103125 0.9142524999999999 0.10484755625
5 1 0.4301329390625 0.9222147171874999 0.41501301249999994 0.8837405453124999 0.61294546875 0.9638321453125 0.6285136984374999 1 0.442446215625 1 0.4301329390625
3 0.904686840625 0.736855890625 0.900666003125 0.75754130625 0.9140416531250001 0.7601412703125 0.9180624906249999 0.7394558531250001 0.904686840625 0.736855890625
3 0.7953152375 0.7807283484374999 0.7858501890625 0.8294218062500001 0.798207275 0.83182378125 0.8076723250000001 0.783130321875 0.7953152375 0.7807283484374999
3 0.8569444484375 0.22221828906250002 0.8522865546875 0.24618107500000003 0.8627744078124999 0.2482197078125 0.8674323015625 0.2242569203125 0.8569444484375 0.22221828906250002
1 0.496343259375 0.8755571421875 0.5112999484375 0.8792859734375 0.5158604328124999 0.8588122531250001 0.5010576234374999 0.8542917875 0.496343259375 0.8755571421875
1 0.493812996875 0.854526665625 0.49203602812499997 0.8517166218750001 0.4777370078125 0.8505802640625 0.47389005156249997 0.8703711359374999 0.48869286093750003 0.8748916015624999 0.493812996875 0.854526665625
1 0.48141637499999995 0.8406153671875 0.491895859375 0.84347391875 0.49627504843750003 0.8418605078124999 0.499310459375 0.8202687984375 0.4841998921875 0.817331603125 0.4794855296875 0.83859695625 0.48141637499999995 0.8406153671875
1 0.40568430156249996 0.9105137531249999 0.417129209375 0.9143815078124999 0.42092030156250004 0.8978659609375 0.40988116874999997 0.8948986250000001 0.40568430156249996 0.9105137531249999
1 0.6984295609375 0.2649960734375 0.7019266046875 0.2410294578125 0.6840177859375001 0.23754833749999998 0.67797438125 0.26266308125000004 0.6961350953125 0.2678362578125 0.6984295609375 0.2649960734375
1 0.671664346875 0.2622580796875 0.677301978125 0.23624291562500002 0.659393159375 0.23276179375 0.6536575109375 0.25629326875 0.6541613 0.259677378125 0.671664346875 0.2622580796875
1 0.6612170859375001 0.217402625 0.680091328125 0.22189295156250002 0.6855750828125 0.196669421875 0.6674143703125 0.1914962453125 0.6612170859375001 0.217402625
3 0.8079907625 1 0.812136590625 0.9786715625 0.7937128921875 0.9750903578125 0.7888709484375 1 0.8079907625 1