0 0.44677419374999994 0.1026225765625 0.448387096875 0.100342075 0.448387096875 0.0809578109375 0.4459677421875 0.079817559375 0.3703935484375 0.0807548453125 0.3556451609375 0.0803876859375 0.3475717734375 0.08079019374999999 0.32822580625 0.07924743437500001 0.32826451562500003 0.0797850625 0.313059678125 0.07979760625 0.304838709375 0.079817559375 0.229838709375 0.079817559375 0.2274193546875 0.0809578109375 0.2290322578125 0.1026225765625 0.3991935484375 0.103192703125 0.44677419374999994 0.1026225765625
0 0.48461370937500003 0.1437850625 0.484737096875 0.124369440625 0.48064516093750004 0.1231470921875 0.3370967734375 0.12371721718749999 0.3327268984375 0.12453132656250002 0.3292217734375 0.124558153125 0.323812903125 0.1238928171875 0.3159911296875 0.124330103125 0.3080693546875 0.12426054687500002 0.2975290328125 0.1244578109375 0.16532258125 0.1231470921875 0.16370967812499998 0.12485746874999999 0.1629032265625 0.1402508546875 0.16370967812499998 0.1436716078125 0.1677419359375 0.14481185937500002 0.48064516093750004 0.14481185937500002 0.48461370937500003 0.1437850625
0 0.6991935484375 0.20068415 0.6991935484375 0.1835803875 0.6967741937499999 0.1818700109375 0.4629032265625 0.1812998859375 0.404838709375 0.18301026250000002 0.4040322578125 0.20011402500000003 0.408064515625 0.20296465156250001 0.6967741937499999 0.20296465156250001 0.6991935484375 0.20068415
0 0.323387096875 0.2063854046875 0.320161290625 0.2052451546875 0.12258064531249999 0.2063854046875 0.123387096875 0.22862029687500002 0.32177419375 0.22862029687500002 0.323387096875 0.2269099203125 0.323387096875 0.2063854046875
0 0.788709678125 0.37400228125 0.7911290328125 0.371721778125 0.7895161296875 0.353477765625 0.6620758062500001 0.354242303125 0.654838709375 0.353477765625 0.5709677421875 0.35404789062500003 0.570161290625 0.370011403125 0.5709677421875 0.3728620296875 0.576612903125 0.37400228125 0.788709678125 0.37400228125
0 0.8314516125000001 0.42189281718749994 0.8314516125000001 0.400798175 0.8282258062500001 0.3990878 0.7290322578125 0.3990878 0.7307048390625 0.4000878 0.7215443546875 0.399591790625 0.685811290625 0.39986830156250003 0.6547032265625 0.40021322656249997 0.5491935484375 0.39965792499999997 0.5490298390625 0.424221778125 0.554838709375 0.42417331875000003 0.8274193546875 0.42474344375 0.8314516125000001 0.42189281718749994
0 0.49112903281250003 0.478905359375 0.4935483875 0.4771949828125 0.4935483875 0.462941846875 0.49112903281250003 0.45895096874999997 0.1927419359375 0.45895096874999997 0.1911290328125 0.47776510781250003 0.1943548390625 0.479475484375 0.4508064515625 0.479475484375 0.49112903281250003 0.478905359375
0 0.8975806453124999 0.5228050171875 0.8975806453124999 0.50741163125 0.895161290625 0.505131128125 0.8870967734375 0.504561003125 0.77822580625 0.504561003125 0.7725806453125 0.5062713796875 0.7379032265625 0.5062713796875 0.723387096875 0.504561003125 0.6056451609375 0.504561003125 0.604838709375 0.5233751421874999 0.6120967734375 0.52508551875 0.8943548390625 0.52565564375 0.8975806453124999 0.5228050171875
3 0.370584678125 0.0673945265625 0.296786290625 0.0673945265625 0.296786290625 0.0794241734375 0.370584678125 0.0794241734375 0.370584678125 0.0673945265625
3 0.3491330640625 0.11253135624999999 0.2941411296875 0.11253135624999999 0.2941411296875 0.1233295328125 0.3491330640625 0.1233295328125 0.3491330640625 0.11253135624999999
3 0.740540321875 0.13027651093749998 0.6671048390625 0.13027651093749998 0.6671048390625 0.1453449265625 0.740540321875 0.1453449265625 0.740540321875 0.13027651093749998
3 0.7842822578125 0.21588369375 0.7247822578124999 0.21588369375 0.7247822578124999 0.23318129999999998 0.7842822578125 0.23318129999999998 0.7842822578125 0.21588369375
3 0.2504435484375 0.1931584953125 0.188459678125 0.1931584953125 0.188459678125 0.20519954375 0.2504435484375 0.20519954375 0.2504435484375 0.1931584953125
3 0.5780806453125 0.170125428125 0.521790321875 0.170125428125 0.521790321875 0.1818129984375 0.5780806453125 0.1818129984375 0.5780806453125 0.170125428125
3 0.710040321875 0.3416476625 0.6494919359375 0.3416476625 0.6494919359375 0.3538597484375 0.710040321875 0.3538597484375 0.710040321875 0.3416476625
3 0.7146733875 0.3870952109375 0.6622620968749999 0.3870952109375 0.6622620968749999 0.39879988593750004 0.7146733875 0.39879988593750004 0.7146733875 0.3870952109375
3 0.4154798390625 0.4011031921875 0.376487903125 0.4011031921875 0.376487903125 0.414244584375 0.4154798390625 0.414244584375 0.4154798390625 0.4011031921875
3 0.358084678125 0.44499715 0.3245282265625 0.44499715 0.3245282265625 0.45963226874999996 0.358084678125 0.45963226874999996 0.358084678125 0.44499715
3 0.7841814515625 0.49106898593750004 0.7146572578125 0.49106898593750004 0.7146572578125 0.5034122 0.7841814515625 0.5034122 0.7841814515625 0.49106898593750004
3 0.9475161296874999 0.47706100312500005 0.8894677421875 0.47706100312500005 0.8894677421875 0.492596921875 0.9475161296874999 0.492596921875 0.9475161296874999 0.47706100312500005
3 0.197487903125 0.5172149375 0.1431088703125 0.5172149375 0.1431088703125 0.5333437859375 0.197487903125 0.5333437859375 0.197487903125 0.5172149375
3 0.27294758125 0.5271778796875 0.21840725781249998 0.5271778796875 0.21840725781249998 0.5398802734375 0.27294758125 0.5398802734375 0.27294758125 0.5271778796875
3 0.58830241875 0.586011971875 0.52619758125 0.586011971875 0.52619758125 0.6036459515625 0.58830241875 0.6036459515625 0.58830241875 0.586011971875
3 0.676334678125 0.5542588375 0.63760080625 0.5542588375 0.63760080625 0.5716248578124999 0.676334678125 0.5716248578124999 0.676334678125 0.5542588375
2 0.7399717734375 0.6420439 0.5926895156249999 0.6420439 0.5926895156249999 0.7239766249999999 0.7399717734375 0.7239766249999999 0.7399717734375 0.6420439
2 0.5242540328125 0.7021265671875 0.3729556453125 0.7021265671875 0.3729556453125 0.8208950968750001 0.5242540328125 0.8208950968750001 0.5242540328125 0.7021265671875
0 0.2790322578125 0.7474344359375 0.2758064515625 0.745724059375 0.1725806453125 0.7462941843750001 0.164875 0.74640136875 0.133064515625 0.746864309375 0.038709678125 0.746864309375 0.038709678125 0.762257696875 0.05 0.7639680734375001 0.2790322578125 0.762257696875 0.2790322578125 0.7474344359375
0 0.373387096875 0.8568985171874999 0.3709677421875 0.855188140625 0.2927419359375 0.855188140625 0.27342903281250003 0.8553272515625 0.24399838749999997 0.8567155078124999 0.23387096718749997 0.855188140625 0.1459677421875 0.855188140625 0.1459677421875 0.8734321546875 0.3693548390625 0.8740022812499999 0.373387096875 0.871151653125 0.373387096875 0.8568985171874999
0 0.966935484375 0.8312428734375 0.9677419359374999 0.8107183578124999 0.9645161296874999 0.80786773125 0.698387096875 0.80786773125 0.6943548390625 0.8101482328125 0.6935483875 0.8278221203125 0.695161290625 0.8306727484374999 0.6991935484375 0.8318129984375 0.966935484375 0.8312428734375
5 0.663987903125 0.8982411625 0.46235080625 0.8982411625 0.46235080625 0.9798318125 0.663987903125 0.9798318125 0.663987903125 0.8982411625
3 0.344713709375 0.9424458375 0.32364112968750003 0.9424458375 0.32364112968750003 0.9560718359375 0.344713709375 0.9560718359375 0.344713709375 0.9424458375
3 0.2807782265625 0.843454959375 0.2311733875 0.843454959375 0.2311733875 0.8560433296875001 0.2807782265625 0.8560433296875001 0.2807782265625 0.843454959375
3 0.8407862906249999 0.797383125 0.8163750000000001 0.797383125 0.8163750000000001 0.808067275 0.8407862906249999 0.808067275 0.8407862906249999 0.797383125
1 0.1306451609375 0.568070125 0.129838709375 0.5834635125000001 0.1508064515625 0.5840336374999999 0.1524193546875 0.5686402515625 0.1306451609375 0.568070125
1 0.151612903125 0.545039909375 0.13145161249999998 0.545039909375 0.129838709375 0.5604332953125 0.1508064515625 0.5615735468749999 0.15322580624999999 0.55929304375 0.151612903125 0.545039909375
1 0.1854838703125 0.545039909375 0.16370967812499998 0.5444697828125 0.1620967734375 0.5467502843750001 0.161290321875 0.5575826687500001 0.16370967812499998 0.5615735468749999 0.1854838703125 0.5604332953125 0.1854838703125 0.545039909375
1 0.07903225781249999 0.4857468640625 0.0774193546875 0.4977194984375 0.0943548390625 0.49828962343749994 0.09516129062499999 0.486887115625 0.07903225781249999 0.4857468640625
1 0.7927419359375001 0.6305587234375001 0.766935484375 0.629418471875 0.76532258125 0.6482326109375001 0.7685483875 0.6499429875 0.7927419359375001 0.6488027359374999 0.7927419359375001 0.6305587234375001
1 0.7927419359375001 0.6054732046875 0.7685483875 0.604332953125 0.76532258125 0.6054732046875 0.7661290328125 0.6231470921875 0.7927419359375001 0.6237172171875 0.7927419359375001 0.6054732046875
1 0.8081669359375001 0.604332953125 0.807360484375 0.6237172171875 0.8331669359375 0.6242873437500001 0.8347798390625 0.6054732046875 0.8081669359375001 0.604332953125
3 0.0896814515625 0.8789680734375 0.051737903125 0.8789680734375 0.051737903125 0.8977366015625 0.0896814515625 0.8977366015625 0.0896814515625 0.8789680734375