0 0.062106334375 0.4150272796875 0.0629717375 0.42306423593750003 0.0656415328125 0.43757361093749997 0.0765381953125 0.5123639843750001 0.078042878125 0.5145751781250001 0.097188490625 0.5115428109375 0.0991886015625 0.5095930156249999 0.09230845625 0.4625089796875 0.0651262578125 0.2945318453125 0.0434759078125 0.296327915625 0.042728165624999995 0.2988958578125 0.05446075 0.372972484375 0.0557270859375 0.38109536093749996 0.0580932578125 0.3961149640625 0.0575561921875 0.396160834375 0.062106334375 0.4150272796875
0 0.10016989375 0.377024303125 0.1009615859375 0.384818184375 0.1024648640625 0.39005638125000003 0.10298669062500002 0.3935225484375 0.10286620312500001 0.397965978125 0.12475901250000002 0.539836234375 0.1266064328125 0.5436865734375 0.1457637140625 0.5405274328125 0.1461570515625 0.5364471171875 0.0972082015625 0.2273962515625 0.0954512046875 0.22359201093749997 0.0919464109375 0.2233306125 0.0768687 0.226535190625 0.07543169375 0.22839579843750002 0.0974079203125 0.35876952812499996 0.0988619546875 0.3692109390625 0.10016989375 0.377024303125
0 0.237403915625 0.7408181421875 0.19223977187500002 0.455662959375 0.18879345625 0.4521262828125 0.1720264265625 0.4555984234375 0.17942039999999998 0.51321563125 0.216568984375 0.744118071875 0.21863677343750001 0.746240078125 0.23552996093749998 0.7435644609375001 0.237403915625 0.7408181421875
0 0.17304619375000002 0.170476965625 0.1509588921875 0.1731587453125 0.180741103125 0.36848522031250003 0.1823719421875 0.3714929375 0.20264376718750002 0.3682821953125 0.2040807734375 0.3664215875 0.17304619375000002 0.170476965625
0 0.42071766562499996 0.80486556875 0.38753842031249996 0.59538005625 0.385529109375 0.589982771875 0.382587421875 0.5896321859375 0.3669466046875 0.5929259515624999 0.37950380781250004 0.675853515625 0.3813910640625 0.6828819109375 0.4005719984375 0.8088728328125001 0.4188437109375 0.8076118859375001 0.42071766562499996 0.80486556875
0 0.4361587359375 0.7419986359374999 0.451676025 0.8399709484375 0.45386997031250004 0.8428894781249999 0.47470490156249995 0.8395895484375 0.47688964843750004 0.8351609984374999 0.4336855359375 0.5660254609375001 0.43282469062500006 0.5602805265625 0.40858886875 0.564284853125 0.42564268437499997 0.6684086640625 0.43016837812500003 0.69918769375 0.43548515468750004 0.73452408125 0.4374080734375 0.743494190625 0.4361587359375 0.7419986359374999
0 0.47203260937499997 0.454622846875 0.4319147375 0.2013285796875 0.4297207921875 0.19841005 0.4113906 0.2029462765625 0.458068625 0.4976597328125 0.4623888390625 0.499424990625 0.4764664953125 0.4971953078125 0.47777734374999997 0.494538178125 0.47203260937499997 0.454622846875
0 0.5650601265625 0.8816174718750001 0.5668848 0.8894935140625 0.569515696875 0.8915263328125 0.584719565625 0.8891182765625001 0.58703046875 0.8854862499999999 0.5423124734375 0.6067924359375 0.5394877421875 0.59989129375 0.52103139375 0.6036309953125001 0.5394502906249999 0.7199233328125 0.5434104328125 0.7339931828124999 0.5488351765624999 0.768243665625 0.5480289546875 0.7740868875 0.5650601265625 0.8816174718750001
3 0.06435714375 0.43797055 0.05281253125 0.36508074375 0.040930990625000004 0.36696259375 0.052475601562499995 0.4398524015625 0.06435714375 0.43797055
3 0.10436618281250001 0.4099147296875 0.0957635484375 0.3555998375 0.085098315625 0.35728904375 0.09370095 0.4116039359375 0.10436618281250001 0.4099147296875
3 0.187340115625 0.7930591484375 0.175852275 0.720527778125 0.16096937656250002 0.722884996875 0.1724572171875 0.7954163671875001 0.187340115625 0.7930591484375
3 0.2809378234375 0.8225219125000001 0.2716299734375 0.7637544562499999 0.2545453296875 0.766460396875 0.2638531796875 0.8252278531250001 0.2809378234375 0.8225219125000001
3 0.169789796875 0.2996329546875 0.16009338281250002 0.2384122078125 0.1482005796875 0.24029584375000002 0.15789699375 0.3015165890625 0.169789796875 0.2996329546875
3 0.1979449125 0.62689475625 0.189139165625 0.5712974609375 0.1775954890625 0.5731257984375 0.1864012359375 0.6287230953125 0.1979449125 0.62689475625
3 0.3885165234375 0.7303157484375 0.37904466875 0.6705128140625 0.3669829328125 0.6724232046874999 0.3764547875 0.732226140625 0.3885165234375 0.7303157484375
3 0.43362814375000003 0.7278615875 0.4254292109375 0.6760955671875 0.41386864062499995 0.67792658125 0.4220675734375 0.7296926015625 0.43362814375000003 0.7278615875
3 0.402078509375 0.429935525 0.3959788265625 0.3914236453125 0.3829992265625 0.3934794109375 0.389098909375 0.4319912921875 0.402078509375 0.429935525
3 0.437928815625 0.3661467953125 0.43267942968749995 0.3330034796875 0.41822449375000004 0.3352929171875 0.423473878125 0.36843623281250004 0.437928815625 0.3661467953125
3 0.5478259640625 0.7801489203124999 0.5369499828125 0.711480684375 0.524758734375 0.7134115890625 0.535634715625 0.7820798250000001 0.5478259640625 0.7801489203124999
3 0.5626950125 0.943164559375 0.55361424375 0.8858308453125 0.5382695984375 0.8882611984375 0.5473503671875 0.9455949125 0.5626950125 0.943164559375
3 0.48560995 0.1959962109375 0.4771031953125 0.142286675 0.4611729203125 0.1448097828125 0.46967967499999996 0.19851931875 0.48560995 0.1959962109375
3 0.5038704578125001 0.26950432343749997 0.49533847187499996 0.2156354828125 0.48279246562499994 0.21762257499999998 0.49132445156250004 0.271491415625 0.5038704578125001 0.26950432343749997
3 0.6161834390625 0.5710014703125 0.606468103125 0.509661246875 0.5890512265625001 0.512419809375 0.5987665640625 0.5737600328125 0.6161834390625 0.5710014703125
3 0.5983278578125 0.662959109375 0.5922685453125001 0.624702115625 0.5751163296875 0.627418759375 0.5811756421875 0.665675753125 0.5983278578125 0.662959109375
2 0.7587589578125 0.701979659375 0.7357189359375 0.5565106906249999 0.6547949390625 0.5693277921875 0.6778349593749999 0.7147967609375 0.7587589578125 0.701979659375
2 0.8207385125 0.47375637187499997 0.7970702296875001 0.32432071875 0.6797639375 0.3429002109375 0.7034322203125 0.49233586406249996 0.8207385125 0.47375637187499997
0 0.7098211375 0.2430454640625 0.7244618984375 0.2407265953125 0.6903226796874999 0.014246542187499999 0.6868671640625 0.0033627843749999995 0.6716632953125 0.005770840625 0.68642364375 0.09896401406250001 0.690942659375 0.130455278125 0.6920422234375 0.138082821875 0.707627190625 0.24012693437500002 0.7098211375 0.2430454640625
0 0.83063009375 0.3169926765625 0.8326978828125 0.3191146828125 0.8467755390624999 0.3168850015625 0.8489602859375 0.3124564515625 0.8134517390625 0.0919088078125 0.7954323390625 0.09476280000000001 0.8091834328124999 0.18158379062500002 0.8122762734375 0.1913475921875 0.8155090749999999 0.22063306875 0.81839288125 0.23972995937500002 0.83063009375 0.3169926765625
0 0.8588885656249999 0.64483415625 0.8571315703125 0.6410299171875 0.8540637249999999 0.6398828078125 0.8367335890625001 0.6434441359374999 0.8351119484374999 0.6477834984374999 0.8767437015624999 0.9106360421874999 0.880063859375 0.9133761968749999 0.9002095265625 0.9093689312500001 0.8588885656249999 0.64483415625
5 0.999577646875 0.58690670625 0.9680346546875 0.387752096875 0.8874485218749999 0.4005156875 0.9189915125000001 0.5996702968750001 0.999577646875 0.58690670625
3 0.92616470625 0.2752801875 0.9228682296875 0.254467046875 0.9094099890624999 0.256598621875 0.9127064671875 0.2774117640625 0.92616470625 0.2752801875
3 0.8173660046875 0.22777976249999998 0.8096060984375001 0.178785640625 0.7971727109375 0.180754896875 0.80493261875 0.2297490171875 0.8173660046875 0.22777976249999998
3 0.8575851765625 0.78839830625 0.8537664093749999 0.764287559375 0.8432137984375 0.765958928125 0.847032565625 0.7900696765624999 0.8575851765625 0.78839830625
1 0.513421584375 0.14596094843750002 0.5283731375 0.14195984687500002 0.5245299546875 0.1213394390625 0.5094522421875001 0.12454401875000001 0.513421584375 0.14596094843750002
1 0.4868317234375 0.1289432609375 0.48998564375000003 0.1488563328125 0.5043156125 0.148219696875 0.50618956875 0.145473378125 0.501783278125 0.124942159375 0.4868317234375 0.1289432609375
1 0.5038878625 0.1564524859375 0.49331500000000006 0.1589435671875 0.4913148890625 0.16089336406250002 0.49528423125 0.1823102921875 0.5104880984375 0.17990223593750002 0.508208078125 0.1582177453125 0.5038878625 0.1564524859375
1 0.42371782968750005 0.102196834375 0.434853796875 0.099616565625 0.4316413984375 0.0829787734375 0.42006847968749994 0.0864447515625 0.42371782968750005 0.102196834375
1 0.669583025 0.74340355625 0.6747462578125 0.7687139125 0.69276565625 0.7658599203125 0.6901071640625001 0.7417858609375 0.6879132171875 0.73886733125 0.669583025 0.74340355625
1 0.6450586640625 0.7489208421875 0.6499695828125 0.7726381531250001 0.66798898125 0.7697841609375 0.6632627 0.74358809375 0.6456802500000001 0.7455563749999999 0.6450586640625 0.7489208421875
1 0.6565457593749999 0.8141584999999999 0.6748759515625 0.8096222734375 0.6702758265625001 0.7842227296875001 0.651256371875 0.7880516203125 0.6565457593749999 0.8141584999999999
3 0.8044997374999999 0 0.810114384375 0.035449485937500004 0.828651840625 0.032513440625 0.8235022187500001 0 0.8044997374999999 0