3 0 0.8675830140624999 0.0049051875 0.8681852953125 0.04302998125 0.5576837734375 0.0233567359375 0.555268203125 0 0.74549355625 0 0.8675830140624999
7 0.035286253125 0.7215727671875001 0.020571657812499998 0.8414135249999999 0.030595148437500004 0.8426442546875 0.04530974375 0.722803496875 0.035286253125 0.7215727671875001
5 0.135909065625 0 0.0256902421875 0.89766028125 0.207087240625 0.91993303125 0.3176340203125 0.0196017703125 0.157990415625 0 0.135909065625 0
6 0.13853812968749998 0.0086242015625 0.0302921984375 0.8902165609375 0.07225484531250001 0.895368925 0.180500775 0.013776565625 0.13853812968749998 0.0086242015625
3 0.058591878124999996 0.6906314499999999 0.035232459375000004 0.880878653125 0.1991312375 0.9010028921875 0.22249065625000003 0.7107556890625 0.058591878124999996 0.6906314499999999
3 0.27030826874999997 0.423982665625 0.24818559843750002 0.6041573609374999 0.2607149609375 0.6056957734374999 0.28283763125 0.42552107812499995 0.27030826874999997 0.423982665625
7 0.30149358125000003 0.2893584328125 0.2266206671875 0.8991493796875 0.2414230859375 0.9009668874999999 0.3162959984375 0.2911759421875 0.30149358125000003 0.2893584328125
5 0.351625340625 0.045735360937500004 0.2519768421875 0.857307265625 0.41720514218750004 0.8775947499999999 0.5168536421875001 0.0660228453125 0.351625340625 0.045735360937500004
6 0.351375625 0.0654211078125 0.25618325625 0.8407007453125 0.2702320734375 0.8424257234375 0.36542444375 0.0671460859375 0.351375625 0.0654211078125
3 0.48231885312499995 0.43919289062500005 0.46775208125 0.557829725 0.4811269484375 0.5594719515625 0.49569372031250003 0.4408351171875 0.48231885312499995 0.43919289062500005
4 0.546332384375 0.051082743750000006 0.4415349046875 0.9045897203125 0.6787656875 0.9337179984375 0.7835631671875001 0.080211021875 0.546332384375 0.051082743750000006
3 0.7710203734375 0.4591225296875 0.7525865078125 0.609254325 0.7681118890625 0.6111606015625 0.78654575625 0.46102880625 0.7710203734375 0.4591225296875
4 0.8343926500000001 0.10951287812499999 0.7293085515625 0.9653541765625 0.766994671875 0.96998145 0.87207876875 0.11414015156249999 0.8343926500000001 0.10951287812499999
3 0.82097816875 0.827922796875 0.803264234375 0.9721912171874999 0.8181034125 0.9740132390625 0.835817346875 0.8297448187500001 0.82097816875 0.827922796875
2 0.8813390765625 0.1047449640625 0.858835 0.2880259640625 0.9763843234375 0.30245920625 0.9988884 0.11917820625 0.8813390765625 0.1047449640625