3 0.38705555625 0.0336450625 0.07422222187500001 0.0336450625 0.07422222187500001 0.05346605 0.38705555625 0.05346605 0.38705555625 0.0336450625
7 0.22344444375 0.0657530859375 0.10270370312499999 0.0657530859375 0.10270370312499999 0.07585185156249999 0.22344444375 0.07585185156249999 0.22344444375 0.0657530859375
5 0.9545925921875 0.077688271875 0.0475 0.077688271875 0.0475 0.26044753125 0.9545925921875 0.26044753125 0.9545925921875 0.077688271875
6 0.9436620375 0.081348765625 0.055449073437499996 0.081348765625 0.055449073437499996 0.12362654375 0.9436620375 0.12362654375 0.9436620375 0.081348765625
3 0.25699537031249997 0.085114196875 0.06531944375 0.085114196875 0.06531944375 0.2502438265625 0.25699537031249997 0.2502438265625 0.25699537031249997 0.085114196875
3 0.5474583328125 0.2627561734375 0.36593055625000004 0.2627561734375 0.36593055625000004 0.2753796296875 0.5474583328125 0.2753796296875 0.5474583328125 0.2627561734375
7 0.6848796296875 0.27730246875 0.070509259375 0.27730246875 0.070509259375 0.29221605 0.6848796296875 0.29221605 0.6848796296875 0.27730246875
5 0.9327962968750001 0.2973703703125 0.1151296296875 0.2973703703125 0.1151296296875 0.46383950625 0.9327962968750001 0.46383950625 0.9327962968750001 0.2973703703125
6 0.9132268515625 0.2995216046875 0.132125 0.2995216046875 0.132125 0.3136759265625 0.9132268515625 0.3136759265625 0.9132268515625 0.2995216046875
3 0.5581990734375 0.4750401234375 0.43867129687500006 0.4750401234375 0.43867129687500006 0.4885154328125 0.5581990734375 0.4885154328125 0.5581990734375 0.4750401234375
4 0.9512175921875 0.491277778125 0.0913009265625 0.491277778125 0.0913009265625 0.7302901234375 0.9512175921875 0.7302901234375 0.9512175921875 0.491277778125
3 0.5736018515625 0.76401851875 0.42234259218750003 0.76401851875 0.42234259218750003 0.77966049375 0.5736018515625 0.77966049375 0.5736018515625 0.76401851875
4 0.9283287031249999 0.7843117281249999 0.0660601859375 0.7843117281249999 0.0660601859375 0.8222808640625001 0.9283287031249999 0.8222808640625001 0.9283287031249999 0.7843117281249999
3 0.2136388890625 0.8585493828124999 0.06828703750000001 0.8585493828124999 0.06828703750000001 0.8734999999999999 0.2136388890625 0.8734999999999999 0.2136388890625 0.8585493828124999
2 0.9387824078125 0.8303271609375 0.7541249999999999 0.8303271609375 0.7541249999999999 0.9487592593749999 0.9387824078125 0.9487592593749999 0.9387824078125 0.8303271609375