2 0.6809878781250001 0 0.7016817609375 0.08299863125 0.8416374062499999 0.04810376875 0.8296437890625 0 0.6809878781250001 0
3 0 0.297961909375 0.0037059000000000003 0.312825459375 0.10494484374999999 0.2875837546875 0.1003476078125 0.2691452484375 0 0.294164715625 0 0.297961909375
0 0.47899783906250004 0.28311260625 0.177540275 0.35827441875 0.18264511562500002 0.3787488140625 0.4841026796875 0.3035870015625 0.47899783906250004 0.28311260625
0 0.4861215671875 0.30383256875 0.1812315015625 0.3798502 0.1859271390625 0.39868337187499997 0.4908172046875 0.32266574062500003 0.4861215671875 0.30383256875
3 0.1647720828125 0.3215855109375 0.0239048046875 0.35670766875000004 0.030206053125 0.3819805984375 0.17107333281249998 0.3468584421875 0.1647720828125 0.3215855109375
3 0.176804134375 0.3589691765625 0.033384278125 0.39472776249999997 0.038045115625 0.41342135625000004 0.1814649703125 0.3776627703125 0.176804134375 0.3589691765625
3 0.1793916921875 0.3818425671875 0.038904921875 0.41686985312499997 0.0427173515625 0.432160675 0.1832041234375 0.3971333890625 0.1793916921875 0.3818425671875
3 0.1842392953125 0.40108260781249994 0.045290409375 0.43572645625 0.0498780453125 0.454126459375 0.18882693125 0.41948261093749994 0.1842392953125 0.40108260781249994
3 0.18940100625 0.4212616546875 0.0495404875 0.45613279687499997 0.053650520312500005 0.4726172359375 0.1935110375 0.43774609375000006 0.18940100625 0.4212616546875
3 0.54996858125 0.22554267968750003 0.47259066875 0.2448351609375 0.47726590625 0.2635865109375 0.55464381875 0.24429402968749997 0.54996858125 0.22554267968750003
3 0.7363636578125 0.180089046875 0.632159921875 0.20606995625 0.6367331578125001 0.224412203125 0.74093689375 0.19843129375 0.7363636578125 0.180089046875
0 0.632730684375 0.20592765000000002 0.552895321875 0.225832840625 0.55724775625 0.2432895 0.63708311875 0.22338430781250002 0.632730684375 0.20592765000000002
0 0.853663215625 0.1508429828125 0.738393034375 0.1795830671875 0.743194271875 0.198839778125 0.858464453125 0.1700996953125 0.853663215625 0.1508429828125
3 0.39474401718749996 0.349106546875 0.3109767375 0.369992075 0.315359171875 0.38756905937499997 0.39912645156250004 0.36668353124999997 0.39474401718749996 0.349106546875
3 0.6036408546875001 0.32051825156249997 0.4988187921875 0.3466533265625 0.50218361875 0.36014890781250003 0.60700568125 0.3340138328125 0.6036408546875001 0.32051825156249997
0 0.7172094 0.08160144687500001 0.577800734375 0.1163599296875 0.5832199765625 0.138095325 0.7226286421875 0.103336840625 0.7172094 0.08160144687500001
3 0.574942271875 0.1186062765625 0.5012663875000001 0.1369757375 0.504880815625 0.15147241875 0.5785567015625 0.13310295625 0.574942271875 0.1186062765625
3 0.758342821875 0.07083451406249999 0.7219567328125 0.0799065859375 0.7267015703124999 0.09893708749999999 0.763087659375 0.0898650171875 0.758342821875 0.07083451406249999
5 0.9120955000000001 0.37399011875 0.07756983125 0.5820607375 0.1201545640625 0.752858775 0.9546802328125 0.54478815625 0.9120955000000001 0.37399011875
6 0.9072523531250001 0.3772425203125 0.080424046875 0.5833939703125 0.085268484375 0.60282395 0.9120967921875 0.3966725 0.9072523531250001 0.3772425203125
7 0.4022409765625 0.48729293125 0.178375359375 0.5431088984375 0.180733378125 0.55256639375 0.40459899374999997 0.4967504265625 0.4022409765625 0.48729293125
3 0.1892060890625 0.5598526359375 0.0993031171875 0.5822679640625 0.1397122328125 0.744340078125 0.22961520468750002 0.72192475 0.1892060890625 0.5598526359375
7 0.408026540625 0.68708591875 0.2264924546875 0.73234745 0.228689671875 0.7411600078125 0.4102237578125 0.6958984765625 0.408026540625 0.68708591875
5 0.9605807265624999 0.5648571312499999 0.12758501718749998 0.7725462875 0.1456811578125 0.8451259468749999 0.9786768671875 0.637436790625 0.9605807265624999 0.5648571312499999
6 0.9560932140625 0.5675096453124999 0.13190468125000002 0.773002925 0.137131921875 0.79396824375 0.96132045625 0.5884749625000001 0.9560932140625 0.5675096453124999
0 0.12468013124999999 0.2577081328125 0.11937105781249999 0.2600542671875 0.1194656203125 0.26718773125 0.123712934375 0.2875998734375 0.1272911203125 0.2918199015625 0.3706577765625 0.2311417796875 0.3956649828125 0.22337313124999997 0.388752209375 0.1990246078125 0.383348571875 0.19423728125 0.346883209375 0.20332911718750002 0.341694134375 0.20615655 0.3380432296875 0.2050219546875 0.21322536093750002 0.23460889375 0.1961454078125 0.24040105625 0.12468013124999999 0.2577081328125
0 0.5803589125 0.11648892968749999 0.58364621875 0.13305069375 0.588569853125 0.13591283125 0.6542460484375 0.1190266984375 0.6477405593750001 0.0996887984375 0.6044533921874999 0.108436634375 0.5803589125 0.11648892968749999
0 0.7199222453125 0.102140565625 0.7218204171875 0.09962243125 0.71591493125 0.08269101875 0.678176840625 0.0900553125 0.6501187359375 0.099095853125 0.6536460453124999 0.1166202109375 0.6566242234375 0.1184337515625 0.6955877640625 0.10923026875 0.7199222453125 0.102140565625
0 0.20227651249999998 0.325779303125 0.17445840937499998 0.3357824375 0.1783457203125 0.3547506875 0.1812038984375 0.35608293125 0.25278917500000003 0.33925715312500004 0.2556000734375 0.337022665625 0.25056003437499996 0.316808171875 0.24782185625 0.315957225 0.24263278124999998 0.3187846578125 0.22428009843750002 0.3228492765625 0.21721829218750002 0.32154268125 0.2150801171875 0.323098221875 0.2049674109375 0.3230635171875 0.20227651249999998 0.325779303125
0 0.3530615953125 0.2922740953125 0.28813084375 0.305395846875 0.27763269375 0.31056941562499996 0.2616581890625 0.314041090625 0.2551236640625 0.318226415625 0.260356425 0.33583677343749996 0.3381635015625 0.3169485078125 0.36055253125000003 0.3088102109375 0.3530615953125 0.2922740953125
0 0.403436009375 0.27818069218749997 0.363247021875 0.2892233671875 0.3614688515625 0.2922228 0.36360342968750003 0.30753831875 0.3665816109375 0.3093518609375 0.37811248750000004 0.3049432390625 0.380057940625 0.305991834375 0.40804332656250003 0.300036728125 0.47621769843750006 0.2830389484375 0.477323146875 0.280718459375 0.470264934375 0.2625408046875 0.41965051718749996 0.2756716125 0.4161196140625 0.2750183140625 0.41251599062500005 0.27745045 0.403436009375 0.27818069218749997
0 0.31285463281250003 0.38767206875000004 0.3085345984375 0.3703453609375 0.30262551875 0.3702850078125 0.194934884375 0.39764651562500003 0.1907785375 0.4012388953125 0.19346583906249998 0.4153941703125 0.19862947343749998 0.41921890156249997 0.27381837343750004 0.3999609875 0.31285463281250003 0.38767206875000004
0 0.4926832671875 0.3423245375 0.49054868906250004 0.32700901875 0.4865377796875 0.32443053125 0.3977525515625 0.346567175 0.396527103125 0.348406365625 0.402912590625 0.36726296718749996 0.468948790625 0.3518207265625 0.48919964374999997 0.34523797031250003 0.4926832671875 0.3423245375
0 0.24362209375 0.41055706875000003 0.24642939687499998 0.425193640625 0.3518618578125 0.39890637500000004 0.34929455625 0.385232396875 0.34528364843750003 0.382653909375 0.24607298906250002 0.40687868906249997 0.24362209375 0.41055706875000003
0 0.606522984375 0.3159859765625 0.6052975359375 0.3178251671875 0.6062793875 0.33189444218749997 0.6096175703125 0.3351518765625 0.67193014375 0.321660475 0.8771259875 0.2699881890625 0.8832277875000001 0.2674444046875 0.884213234375 0.26464261875 0.87859503125 0.252240534375 0.7915879734375 0.27137774375 0.78493345 0.27508177031250003 0.63280291875 0.309944871875 0.62840656875 0.3125746546875 0.606522984375 0.3159859765625
0 0.8577875890625 0.1654093390625 0.855700290625 0.15366055 0.851689384375 0.1510820625 0.75267144375 0.17270270468749999 0.73888239375 0.17818556875 0.744235153125 0.196277225 0.8316749359375001 0.1754984734375 0.852838515625 0.169199365625 0.8577875890625 0.1654093390625
0 0.6332572125 0.2070769703125 0.62948630625 0.2054610765625 0.5532646796875 0.22395404531250002 0.558617440625 0.2420457015625 0.6114173125 0.23092608281250002 0.633133615625 0.2234667328125 0.6350317890625 0.22094859687500001 0.6332572125 0.2070769703125