2 0.8160500203125001 0.0298524640625 0.82862138125 0.1735437828125 0.9181405437500001 0.1657118703125 0.9055691828124999 0.022020553125 0.8160500203125001 0.0298524640625
3 0.829460884375 0.8043760234375 0.8385545609375 0.9083172218750001 0.8574852249999999 0.9066610031250001 0.8483915484375 0.8027198046875 0.829460884375 0.8043760234375
0 0.6908877999999999 0.45108539375 0.71796589375 0.7605894140625 0.7389867875 0.7587503234375 0.71190869375 0.4492463046875 0.6908877999999999 0.45108539375
0 0.6706624625 0.45094811718749994 0.6980488765625 0.76397625625 0.7173847390625 0.7622845875 0.6899983265625 0.4492564484375 0.6706624625 0.45094811718749994
3 0.7518862359375 0.761148259375 0.764539484375 0.9057755437499999 0.7904869953125 0.9035054312499999 0.7778337468750001 0.758878146875 0.7518862359375 0.761148259375
3 0.719376984375 0.7613516812500001 0.732259515625 0.9085996765625 0.7514520765625 0.9069205437500001 0.7385695453125 0.75967255 0.719376984375 0.7613516812500001
3 0.700400940625 0.76604629375 0.713020009375 0.9102829140625 0.728718971875 0.9089094328125 0.716099903125 0.7646728125 0.700400940625 0.76604629375
3 0.6774387296875 0.76800601875 0.689919659375 0.91066370625 0.7088107921875 0.9090109453125 0.6963298625000001 0.766353259375 0.6774387296875 0.76800601875
3 0.658645271875 0.7695231171875 0.6712080874999999 0.9131167687499999 0.6881325265625 0.9116360718750001 0.675569709375 0.7680424203125 0.658645271875 0.7695231171875
3 0.7239844578125 0.36508353437499996 0.7309348421874999 0.44452680468750005 0.7501867 0.44284248593750003 0.743236315625 0.363399215625 0.7239844578125 0.36508353437499996
3 0.706697434375 0.174008525 0.7160574203125 0.28099365 0.7348892546875 0.279346078125 0.72552926875 0.172360953125 0.706697434375 0.174008525
0 0.7169153765625 0.2803281046875 0.7240865000000001 0.3622944203125 0.742009109375 0.36072639375 0.7348379859375 0.2787600796875 0.7169153765625 0.2803281046875
0 0.69522225625 0.053660167187499996 0.7055762734375 0.172007121875 0.72534698125 0.1702774078125 0.714992965625 0.0519304546875 0.69522225625 0.053660167187499996
3 0.6588944125 0.5519742171875001 0.6664187171875 0.6379773984375 0.6844648624999999 0.636398565625 0.676940559375 0.550395384375 0.6588944125 0.5519742171875001
3 0.6221053624999999 0.3447843296875 0.6315208890624999 0.45240428593750004 0.645376690625 0.45119206093750003 0.635961165625 0.3435721046875 0.6221053624999999 0.3447843296875
0 0.8025715890624999 0.160359590625 0.81509381875 0.303489328125 0.8374093703125001 0.30153697031250004 0.824887140625 0.1584072328125 0.8025715890624999 0.160359590625
3 0.821332409375 0.3062731875 0.8279502640624999 0.3819156171875 0.8428338875 0.38061346875 0.8362160328125 0.3049710390625 0.821332409375 0.3062731875
3 0.80213728125 0.11771884218749999 0.8054056218750001 0.15507614218750002 0.8249440828125 0.1533667484375 0.82167574375 0.116009446875 0.80213728125 0.11771884218749999
5 0.30962256093749996 0.084672990625 0.384582909375 0.9414736796875 0.559939859375 0.926131934375 0.4849795125 0.0693312453125 0.30962256093749996 0.084672990625
6 0.46353247968750005 0.076714684375 0.53780141875 0.9256125546874999 0.5577500203125 0.9238672781249999 0.48348108125 0.0749694078125 0.46353247968750005 0.076714684375
7 0.5341320609375 0.5891454656249999 0.55424054375 0.818986465625 0.5639504765625001 0.81813695625 0.54384199375 0.58829595625 0.5341320609375 0.5891454656249999
3 0.3781947046875 0.827905478125 0.386270140625 0.920208125 0.5526682562499999 0.9056501750000001 0.5445928203125 0.813347528125 0.3781947046875 0.827905478125
7 0.3440026375 0.648663409375 0.3603087359375 0.8350429734375 0.3693565171875 0.8342513953124999 0.35305041875 0.64787183125 0.3440026375 0.648663409375
5 0.21420901718750002 0.092147171875 0.2890319375 0.9473770640625 0.36354888125 0.9408576765625 0.2887259609375 0.085627784375 0.21420901718750002 0.092147171875
6 0.2661540296875 0.0926175703125 0.34018585625000003 0.93880520625 0.3617107765625 0.9369220203124999 0.2876789515625 0.0907343828125 0.2661540296875 0.0926175703125
0 0.8316351875000001 0.5570976765625 0.8293737890624999 0.5540150671874999 0.83035778125 0.548188178125 0.8270823203125 0.5107494890625001 0.8207965609375 0.50719885 0.7955240015625 0.5085897984375001 0.7963201515625 0.5347638 0.8181802921875001 0.784626359375 0.8233353515624999 0.78663569375 0.8440182015625 0.7840060640625001 0.850793809375 0.7817730453125 0.8512836578125 0.775989390625 0.8443810031250001 0.7027830125000001 0.8442969109374999 0.68474785625 0.8316351875000001 0.5570976765625
0 0.8197248406250001 0.3014439375 0.8364545375000001 0.2991601640625 0.8362237390624999 0.273756815625 0.83040205625 0.22997997812499998 0.8099997328124999 0.2301247203125 0.8154156578125 0.297720371875 0.8197248406250001 0.3014439375
0 0.8058028921875 0.18784595625 0.8097861156249999 0.2276830671875 0.812470453125 0.2299085609375 0.8301884390625001 0.2275383234375 0.8296016109375 0.1980655515625 0.8242783687499999 0.15998590625 0.8063467640624999 0.1599144890625 0.8045838046875 0.1625290703125 0.8058028921875 0.18784595625
0 0.75726491875 0.7030236546874999 0.7551330421875 0.6843475406249999 0.7561170359375 0.678520653125 0.7544209859375 0.6762086953125 0.7336669296875 0.678024440625 0.7324693203125 0.681409675 0.7398661203125 0.754572821875 0.7420563125 0.7568415468749999 0.7612567296874999 0.7543416125 0.7616581921875001 0.7247823765625 0.763349946875 0.721353909375 0.7600247578125 0.71180345625 0.7607994296875 0.7092753375 0.75726491875 0.7030236546874999
0 0.7261731515625 0.569604865625 0.725767396875 0.593423678125 0.733239696875 0.6731411328125 0.7515942375 0.6723554328125 0.75342410625 0.6648143109375 0.75150585 0.648579853125 0.7529796921874999 0.6369693078124999 0.7442471671875001 0.5713040515625 0.7261731515625 0.569604865625
0 0.7382658906249999 0.50293775 0.7342028703125 0.45080590468750004 0.71471763125 0.4500503 0.7128834640624999 0.4518509984375 0.7190071515625001 0.52184506875 0.7224876390625 0.5502445640625 0.724112484375 0.5517426375000001 0.7236981359375 0.5640806015625001 0.7263824750000001 0.5663060953125 0.7415585328125001 0.563338134375 0.7438156375 0.5606803203124999 0.7411724359375 0.51908574375 0.738906740625 0.510262709375 0.7400331453125 0.506063590625 0.7382658906249999 0.50293775
0 0.6682262796875 0.6812894125 0.674496675 0.758651678125 0.6797941437499999 0.7622887796875 0.6940531203125 0.7602211671875 0.6960966078124999 0.7551217 0.6869067796875 0.6443901671875001 0.6849259078125 0.6388226718750001 0.6671367171875 0.6403790234375 0.6682262796875 0.6812894125
0 0.649846625 0.4598263484375 0.650215540625 0.48111704375000003 0.6571138984375 0.548582996875 0.677022078125 0.5484814859375 0.6783621 0.5467240203125 0.6703870640625 0.4555689515625 0.6666432328125 0.4526160359375 0.6514671734374999 0.45558399843749997 0.649846625 0.4598263484375
0 0.653285315625 0.715401146875 0.668038434375 0.7132903015625 0.670718478125 0.709775371875 0.661323625 0.608083034375 0.65757979375 0.60513011875 0.6438149609375 0.6071545 0.653285315625 0.715401146875
0 0.62123483125 0.1498660296875 0.6110026921875 0.061368771875000006 0.5974471828125 0.0600943828125 0.595118871875 0.0619383125 0.594700228125 0.0685358515625 0.612648353125 0.279375184375 0.6201789734375 0.342685253125 0.62434574375 0.34478105000000003 0.6379681640625 0.3411289 0.6393081859375 0.339371434375 0.63540905625 0.3175694796875 0.636464253125 0.3125564765625 0.61989910625 0.1573639171875 0.62123483125 0.1498660296875
0 0.6979051609375 0.0586864765625 0.698839425 0.080747825 0.7076603375 0.1701886609375 0.7265090234375 0.169359728125 0.7272038968750001 0.15453687968750002 0.715409528125 0.0538745859375 0.711665696875 0.050921671875 0.699877440625 0.052773125 0.6979051609375 0.0586864765625
0 0.7181404578125 0.3070509625 0.724816609375 0.360594415625 0.74366529375 0.359765484375 0.73633540625 0.2816757984375 0.7335798609374999 0.2786364203125 0.719886234375 0.281474684375 0.7181232750000001 0.2840892671875 0.7181404578125 0.3070509625