2 0.9408129078125 0.0543154765625 0.7965727125 0.0543154765625 0.7965727125 0.1441765875 0.9408129078125 0.1441765875 0.9408129078125 0.0543154765625
3 0.1680678109375 0.17931795625 0.06372957500000001 0.17931795625 0.06372957500000001 0.19832093281250002 0.1680678109375 0.19832093281250002 0.1680678109375 0.17931795625
0 0.532091503125 0.28447420625 0.221405228125 0.28447420625 0.221405228125 0.305575396875 0.532091503125 0.305575396875 0.532091503125 0.28447420625
0 0.5339910125 0.3063020828125 0.21976715625 0.3063020828125 0.21976715625 0.32571180625 0.5339910125 0.32571180625 0.5339910125 0.3063020828125
3 0.21789215624999997 0.24578621093750003 0.07271241875 0.24578621093750003 0.07271241875 0.2718328375 0.21789215624999997 0.2718328375 0.21789215624999997 0.24578621093750003
3 0.22052287656249997 0.2849702375 0.07271241875 0.2849702375 0.07271241875 0.30423611093749997 0.22052287656249997 0.30423611093749997 0.22052287656249997 0.2849702375
3 0.21749999999999997 0.307790178125 0.07271241875 0.307790178125 0.07271241875 0.3235491078125 0.21749999999999997 0.3235491078125 0.21749999999999997 0.307790178125
3 0.21754902031249998 0.3276314484375 0.0743464046875 0.3276314484375 0.0743464046875 0.3465947421875 0.21754902031249998 0.3465947421875 0.21754902031249998 0.3276314484375
3 0.217675653125 0.348459821875 0.073533496875 0.348459821875 0.073533496875 0.365448909375 0.217675653125 0.365448909375 0.217675653125 0.348459821875
3 0.6148815359375 0.2457837296875 0.5351348046875 0.2457837296875 0.5351348046875 0.26510912656249996 0.6148815359375 0.26510912656249996 0.6148815359375 0.2457837296875
3 0.8067361109375 0.2467733140625 0.6993423203125 0.2467733140625 0.6993423203125 0.2656770828125 0.8067361109375 0.2656770828125 0.8067361109375 0.2467733140625
0 0.69993055625 0.2467733140625 0.6176511437500001 0.2467733140625 0.6176511437500001 0.264764384375 0.69993055625 0.264764384375 0.69993055625 0.2467733140625
0 0.927626634375 0.2467733140625 0.8088276140625 0.2467733140625 0.8088276140625 0.26661954374999997 0.927626634375 0.26661954374999997 0.927626634375 0.2467733140625
3 0.434375 0.328125 0.3480433 0.328125 0.3480433 0.3462400796875 0.434375 0.3462400796875 0.434375 0.328125
3 0.64398284375 0.35092261874999997 0.5359517968749999 0.35092261874999997 0.5359517968749999 0.3648313484375 0.64398284375 0.3648313484375 0.64398284375 0.35092261874999997
0 0.8119771234375 0.14657738125 0.668300653125 0.14657738125 0.668300653125 0.168978175 0.8119771234375 0.168978175 0.8119771234375 0.14657738125
3 0.664983659375 0.1480654765625 0.5890522875 0.1480654765625 0.5890522875 0.163005953125 0.664983659375 0.163005953125 0.664983659375 0.1480654765625
3 0.8544934640624999 0.1460813484375 0.8169934640625 0.1460813484375 0.8169934640625 0.16569444375 0.8544934640624999 0.16569444375 0.8544934640624999 0.1460813484375
5 0.9303390515625001 0.477428075 0.0702655234375 0.477428075 0.0702655234375 0.6534548609375 0.9303390515625001 0.6534548609375 0.9303390515625001 0.477428075
6 0.924852940625 0.479412203125 0.07271241875 0.479412203125 0.07271241875 0.49943700468749996 0.924852940625 0.49943700468749996 0.924852940625 0.479412203125
7 0.4082189546875 0.46402033749999994 0.1775 0.46402033749999994 0.1775 0.47376736093750005 0.4082189546875 0.47376736093750005 0.4082189546875 0.46402033749999994
3 0.18395833281250001 0.4828869046875 0.0913031046875 0.4828869046875 0.0913031046875 0.649920634375 0.18395833281250001 0.649920634375 0.18395833281250001 0.4828869046875
7 0.36549836562500004 0.6592782734375 0.17840686249999999 0.6592782734375 0.17840686249999999 0.6683606156249999 0.36549836562500004 0.6683606156249999 0.36549836562500004 0.6592782734375
5 0.9312091499999999 0.674355159375 0.07271241875 0.674355159375 0.07271241875 0.7491567453125 0.9312091499999999 0.7491567453125 0.9312091499999999 0.674355159375
6 0.9262132359375 0.6758432546875001 0.0767933 0.6758432546875001 0.0767933 0.697450396875 0.9262132359375 0.697450396875 0.9262132359375 0.6758432546875001
0 0.46568627500000004 0.20634920625 0.46486928125000004 0.1810515875 0.4607843140625 0.17509920625 0.4232026140625 0.17509920625 0.41748365937500004 0.1765873015625 0.4142156859375 0.174603175 0.2859477125 0.1731150796875 0.26797385625 0.174603175 0.19444444375 0.1741071421875 0.188725490625 0.17509920625 0.187091503125 0.1820436515625 0.186274509375 0.202876984375 0.188725490625 0.2078373015625 0.439542484375 0.2078373015625 0.46568627500000004 0.20634920625
0 0.740196078125 0.147321428125 0.69607843125 0.1453373015625 0.670751634375 0.147321428125 0.669934640625 0.1641865078125 0.6740196078125 0.1681547625 0.741830065625 0.1676587296875 0.740196078125 0.147321428125
0 0.8096405234375 0.1671626984375 0.812091503125 0.165178571875 0.810457515625 0.147321428125 0.7720588234375 0.1453373015625 0.7426470593750001 0.147321428125 0.741830065625 0.165178571875 0.7442810453125001 0.1676587296875 0.784313725 0.1681547625 0.8096405234375 0.1671626984375
0 0.30228758125 0.2827380953125 0.30228758125 0.2619047625 0.29983660156249997 0.2604166671875 0.294117646875 0.2619047625 0.275326796875 0.2614087296875 0.26879084999999997 0.2584325390625 0.26633986875 0.259424603125 0.2565359484375 0.25694444375000003 0.25326797343749996 0.25892857187499996 0.223856209375 0.2619047625 0.223039215625 0.28125 0.2254901953125 0.2832341265625 0.2990196078125 0.284226190625 0.30228758125 0.2827380953125
0 0.4076797390625 0.262896825 0.34150326875000003 0.259920634375 0.330065359375 0.26240079375 0.313725490625 0.2619047625 0.3063725484375 0.2643849203125 0.3071895421875 0.2827380953125 0.38725490156250003 0.2832341265625 0.41094771249999995 0.28075396874999997 0.4076797390625 0.262896825
0 0.43055555625 0.2827380953125 0.4591503265625 0.283730159375 0.5294117640625 0.283730159375 0.5310457515625 0.28174603125000003 0.528594771875 0.26240079375 0.47630718906249997 0.262896825 0.47303921562499995 0.2614087296875 0.4689542484375 0.262896825 0.4599673203125 0.2614087296875 0.41830065312500003 0.26240079375 0.4158496734375 0.264880953125 0.4142156859375 0.28025793593750004 0.4166666671875 0.2827380953125 0.42892156875 0.28125 0.43055555625 0.2827380953125
0 0.3455882359375 0.3457341265625 0.3455882359375 0.327876984375 0.33986928125000004 0.3263888890625 0.22875817031249998 0.3268849203125 0.223856209375 0.3293650796875 0.223039215625 0.34375 0.2271241828125 0.3487103171875 0.3047385625 0.34821428593750003 0.3455882359375 0.3457341265625
0 0.5310457515625 0.3452380953125 0.5326797390625 0.3298611109375 0.5294117640625 0.3263888890625 0.437908496875 0.3263888890625 0.436274509375 0.327876984375 0.437908496875 0.3477182546875 0.5057189546874999 0.3487103171875 0.526960784375 0.34722222187499996 0.5310457515625 0.3452380953125
0 0.37826797343749996 0.3487103171875 0.276143790625 0.34821428593750003 0.2728758171875 0.3511904765625 0.2720588234375 0.36607142812500004 0.3807189546875 0.36607142812500004 0.3815359484375 0.3521825390625 0.37826797343749996 0.3487103171875
0 0.921568628125 0.36805555624999997 0.9281045750000001 0.3670634921875 0.9297385625000001 0.3645833328125 0.9272875812500001 0.3511904765625 0.83823529375 0.3487103171875 0.830882353125 0.35069444375000003 0.6748366015625 0.3477182546875 0.669934640625 0.3492063484375 0.6478758171875 0.34722222187499996 0.6462418296875 0.3487103171875 0.64379085 0.36259920625 0.6462418296875 0.3665674609375 0.7099673203125 0.3685515875 0.921568628125 0.36805555624999997
0 0.9281045750000001 0.2619047625 0.9289215687500001 0.25 0.9256535953125 0.246527778125 0.8243464046875 0.2435515875 0.8096405234375 0.2455357140625 0.810457515625 0.2643849203125 0.9003267968750001 0.265376984375 0.9223856203125 0.2643849203125 0.9281045750000001 0.2619047625
0 0.6985294125 0.2619047625 0.7001633984375 0.24801587343749998 0.696895425 0.2455357140625 0.6184640515625001 0.24503968281250002 0.6192810453125001 0.2638888890625 0.6732026140625 0.265873015625 0.69607843125 0.2638888890625 0.6985294125 0.2619047625