5 0.271412928125 0.1085661765625 0.271412928125 0.8933946078125 0.5105849359375 0.8933946078125 0.5105849359375 0.1085661765625 0.271412928125 0.1085661765625
5 0.0445112171875 0.1091339875 0.0445112171875 0.8933986921875 0.2273157046875 0.8933986921875 0.2273157046875 0.1091339875 0.0445112171875 0.1091339875
6 0.1942895296875 0.11008169999999999 0.1942895296875 0.89452614375 0.2287980765625 0.89452614375 0.2287980765625 0.11008169999999999 0.1942895296875 0.11008169999999999
6 0.4838541671875 0.11077614375 0.4838541671875 0.8956617640625 0.5098424140625 0.8956617640625 0.5098424140625 0.11077614375 0.4838541671875 0.11077614375
3 0.938141025 0.688917484375 0.938141025 0.8556576796875 0.9497649578124999 0.8556576796875 0.9497649578124999 0.688917484375 0.938141025 0.688917484375
3 0.55288194375 0.5089950984375 0.55288194375 0.8550081703125001 0.568421475 0.8550081703125001 0.568421475 0.5089950984375 0.55288194375 0.5089950984375
1 0.8653846156249999 0.544934640625 0.865918803125 0.51797385625 0.8488247859375001 0.51633986875 0.847222221875 0.51960784375 0.8477564109375001 0.544117646875 0.8653846156249999 0.544934640625
1 0.85300106875 0.28869444375 0.8647532046874999 0.2870604578125 0.8647532046874999 0.25846568593749997 0.8481933765624999 0.2576486921875 0.8465908125 0.2609166671875 0.8465908125 0.2854264703125 0.85300106875 0.28869444375
3 0.8488247859375001 0.6127450984375 0.8520299140625 0.615196078125 0.8589743593750001 0.6135620921875 0.8579059828125001 0.5857843140625 0.8563034187499999 0.582516340625 0.8509615390624999 0.581699346875 0.8488247859375001 0.58823529375 0.8488247859375001 0.6127450984375
3 0.849358975 0.3178104578125 0.8488247859375001 0.3243464046875 0.8498931625000001 0.364379084375 0.8579059828125001 0.366013071875 0.859508546875 0.3619281046875 0.85683760625 0.349673203125 0.85683760625 0.3178104578125 0.8520299140625 0.314542484375 0.849358975 0.3178104578125
4 0.6345966875 0.528210784375 0.6345966875 0.870710784375 0.65963408125 0.870710784375 0.65963408125 0.528210784375 0.6345966875 0.528210784375
3 0.9069310890625 0.80912173125 0.9069310890625 0.8571854578125 0.9210496796875001 0.8571854578125 0.9210496796875001 0.80912173125 0.9069310890625 0.80912173125
3 0.877144765625 0.749375 0.877144765625 0.857798203125 0.8905902781249999 0.857798203125 0.8905902781249999 0.749375 0.877144765625 0.749375
3 0.8476869656250001 0.8060416671875 0.8476869656250001 0.863925653125 0.860133546875 0.863925653125 0.860133546875 0.8060416671875 0.8476869656250001 0.8060416671875
3 0.8179914531250001 0.765 0.8179914531250001 0.8559640515625 0.83167735 0.8559640515625 0.83167735 0.765 0.8179914531250001 0.765
3 0.787457265625 0.7926225484375 0.787457265625 0.856576796875 0.8012179484375 0.856576796875 0.8012179484375 0.7926225484375 0.787457265625 0.7926225484375
3 0.757938034375 0.7333292484375 0.757938034375 0.8565727125 0.77276709375 0.8565727125 0.77276709375 0.7333292484375 0.757938034375 0.7333292484375
3 0.6997382484375 0.7106331703125 0.6997382484375 0.8590236921875001 0.7130502140625 0.8590236921875001 0.7130502140625 0.7106331703125 0.6997382484375 0.7106331703125