5 0.8914338234375 0.4894150640625 0.10660539218750001 0.4894150640625 0.10660539218750001 0.728587071875 0.8914338234375 0.728587071875 0.8914338234375 0.4894150640625
5 0.8908660125000001 0.7726842953124999 0.10660130781249999 0.7726842953124999 0.10660130781249999 0.9554887828125 0.8908660125000001 0.9554887828125 0.8908660125000001 0.7726842953124999
6 0.8899183 0.7712019234375 0.10547385625000001 0.7712019234375 0.10547385625000001 0.8057104703125001 0.8899183 0.8057104703125001 0.8899183 0.7712019234375
6 0.8892238562499999 0.4901575859375 0.1043382359375 0.4901575859375 0.1043382359375 0.5161458328124999 0.8892238562499999 0.5161458328124999 0.8892238562499999 0.4901575859375
3 0.311082515625 0.0502350421875 0.1443423203125 0.0502350421875 0.1443423203125 0.061858975000000004 0.311082515625 0.061858975000000004 0.311082515625 0.0502350421875
3 0.4910049015625 0.43157852500000005 0.1449918296875 0.43157852500000005 0.1449918296875 0.44711805625 0.4910049015625 0.44711805625 0.4910049015625 0.43157852500000005
1 0.48202614375 0.134081196875 0.455065359375 0.134615384375 0.455882353125 0.1522435890625 0.48039215625000004 0.15277777812499999 0.48366013125 0.1511752140625 0.48202614375 0.134081196875
1 0.7423513078124999 0.1518066234375 0.7415343140624999 0.1352467953125 0.7129395421875 0.1352467953125 0.7113055562499999 0.14699893125000002 0.7145735296875 0.15340918750000002 0.7390833328124999 0.15340918750000002 0.7423513078124999 0.1518066234375
3 0.41830065312500003 0.1490384609375 0.41748365937500004 0.14369658125 0.4142156859375 0.1420940171875 0.3864379078125 0.141025640625 0.384803921875 0.1479700859375 0.38725490156250003 0.1511752140625 0.41176470624999995 0.1511752140625 0.41830065312500003 0.1490384609375
3 0.685457515625 0.1479700859375 0.6821895421875 0.14316239375 0.6503267968750001 0.14316239375 0.6380718953125 0.140491453125 0.633986928125 0.1420940171875 0.635620915625 0.1501068375 0.6756535953125 0.1511752140625 0.6821895421875 0.150641025 0.685457515625 0.1479700859375
4 0.471789215625 0.34036591875 0.129289215625 0.34036591875 0.129289215625 0.3654033125 0.471789215625 0.3654033125 0.471789215625 0.34036591875
3 0.19087826875 0.0789503203125 0.1428145421875 0.0789503203125 0.1428145421875 0.0930689109375 0.19087826875 0.0930689109375 0.19087826875 0.0789503203125
3 0.250625 0.109409721875 0.142201796875 0.109409721875 0.142201796875 0.12285523437500001 0.250625 0.12285523437500001 0.250625 0.109409721875
3 0.1939583328125 0.13986645312499998 0.136074346875 0.13986645312499998 0.136074346875 0.152313034375 0.1939583328125 0.152313034375 0.1939583328125 0.13986645312499998
3 0.23500000000000001 0.16832265 0.1440359484375 0.16832265 0.1440359484375 0.182008546875 0.23500000000000001 0.182008546875 0.23500000000000001 0.16832265
3 0.20737745156249998 0.1987820515625 0.143423203125 0.1987820515625 0.143423203125 0.21254273437500001 0.20737745156249998 0.21254273437500001 0.20737745156249998 0.1987820515625
3 0.26667075156250003 0.22723290624999998 0.1434272875 0.22723290624999998 0.1434272875 0.242061965625 0.26667075156250003 0.242061965625 0.26667075156250003 0.22723290624999998
3 0.2893668296875 0.2869497859375 0.14097630781249998 0.2869497859375 0.14097630781249998 0.3002617515625 0.2893668296875 0.3002617515625 0.2893668296875 0.2869497859375