5 0.5037518609375 0.8915589390624999 0.51744900625 0.106850040625 0.278313425 0.10267591406250001 0.26461628125000003 0.8873848109375 0.5037518609375 0.8915589390624999
5 0.22053568281249997 0.8860474843749999 0.2342229890625 0.1019022265625 0.05144634375 0.0987118484375 0.037759037499999995 0.88285710625 0.22053568281249997 0.8860474843749999
6 0.22203436875000002 0.8851257875 0.2357248125 0.10080081874999999 0.20122152187500003 0.10019856093749999 0.187531078125 0.8845235296875 0.22203436875000002 0.8851257875
6 0.503048021875 0.88933635 0.5167461656250001 0.10457027031249999 0.49076187656250003 0.1041167140625 0.4770637328125 0.8888827921875 0.503048021875 0.88933635
3 0.952993521875 0.31896076875 0.9559035390625 0.1522459703125 0.9442813765625001 0.15204310468749999 0.9413713593749999 0.3187579046875 0.952993521875 0.31896076875
3 0.568568040625 0.492200390625 0.5746068015625 0.14624001874999998 0.5590696359375 0.145968815625 0.5530308749999999 0.4919291890625 0.568568040625 0.492200390625
1 0.8475115421874999 0.48645500625000004 0.849056828125 0.4897504515625 0.8661767593749999 0.48841504531249996 0.8661131828125 0.46144904374999995 0.8484734046875 0.46195825937499996 0.8475115421874999 0.48645500625000004
1 0.86098134375 0.71927293125 0.8492595140624999 0.7174340921875 0.8427932 0.7205896921875 0.8423654453125 0.7450957625 0.8439107312499999 0.748391209375 0.8604822953125 0.7478633484375 0.86098134375 0.71927293125
3 0.8576892609375 0.4237145796875 0.8593486140625 0.420475071875 0.8609016171875 0.3927201703125 0.853986746875 0.3909652359375 0.85073933125 0.3933599046875 0.8503115765624999 0.4178659765625 0.8523339359375001 0.4244382203125 0.8576892609375 0.4237145796875
3 0.84873961875 0.6915730390625 0.8536036125 0.68838946875 0.85415969375 0.6565315765624999 0.8570441046875 0.6443251562500001 0.855513078125 0.6402128421875 0.8474729609375 0.6417067375000001 0.8457060796875 0.681714675 0.8461261203125 0.6882589484375 0.84873961875 0.6915730390625
4 0.6601021140625 0.4745795109375 0.6660795640625 0.132131675 0.6410459828125 0.1316947125 0.635068534375 0.47414254843750003 0.6601021140625 0.4745795109375
3 0.9263804703125 0.1982736796875 0.9272192968749999 0.1502172734375 0.9131028578124999 0.1499708703125 0.9122640296875 0.19802727656250002 0.9263804703125 0.1982736796875
3 0.8948829828125 0.257479721875 0.8967752296875 0.14907303125 0.8833317640624999 0.148838375 0.88143951875 0.25724506406250003 0.8948829828125 0.257479721875
3 0.8654198609374999 0.2002901421875 0.866430075 0.14241497187500002 0.8539853890625 0.1421977484375 0.8529751750000001 0.20007291875000002 0.8654198609374999 0.2002901421875
3 0.836251721875 0.240828928125 0.8378392625 0.14987873125 0.8241554515624999 0.1496398796875 0.8225679093749999 0.24059007656250003 0.836251721875 0.240828928125
3 0.8062790390625001 0.21267899687499997 0.8073951953125 0.1487344890625 0.7936366078125 0.1484943328125 0.7925204515625001 0.212438840625 0.8062790390625001 0.21267899687499997
3 0.77679770625 0.27146673125 0.7789486015625 0.1482420375 0.7641218015625 0.147983234375 0.76197090625 0.271207928125 0.77679770625 0.27146673125
3 0.7166938218750001 0.29311714843750003 0.7192835921875 0.144749228125 0.7059736546875001 0.14451690156250002 0.7033838828125 0.2928848234375 0.7166938218750001 0.29311714843750003