5 0.041107026562499996 0.4972380046875 0.9713439546875 0.4972380046875 0.9713439546875 0.35595643906249996 0.041107026562499996 0.35595643906249996 0.041107026562499996 0.4972380046875
7 0.6364991828125001 0.381092171875 0.9681576796875 0.381092171875 0.9681576796875 0.360877525 0.6364991828125001 0.360877525 0.6364991828125001 0.381092171875
6 0.0433251640625 0.409286615625 0.9649754906249999 0.409286615625 0.9649754906249999 0.381382575 0.0433251640625 0.381382575 0.0433251640625 0.409286615625
3 0.7851429734375001 0.4908617421875 0.969219771875 0.4908617421875 0.969219771875 0.376461490625 0.7851429734375001 0.376461490625 0.7851429734375001 0.4908617421875
3 0.55575571875 0.05825441875 0.968149509375 0.05825441875 0.968149509375 0.0328061875 0.55575571875 0.0328061875 0.55575571875 0.05825441875
3 0.633341503125 0.524592803125 0.9851388890624999 0.524592803125 0.9851388890624999 0.503589015625 0.633341503125 0.503589015625 0.633341503125 0.524592803125
3 0.5368627453125 0.61886995 0.9925653593750001 0.61886995 0.9925653593750001 0.5929861109375001 0.5368627453125 0.5929861109375001 0.5368627453125 0.61886995
5 0.034566993750000004 0.9274936874999999 0.9649754906249999 0.9274936874999999 0.9649754906249999 0.777531565625 0.034566993750000004 0.777531565625 0.034566993750000004 0.9274936874999999
7 0.604550653125 0.7942771468750001 0.9649754906249999 0.7942771468750001 0.9649754906249999 0.7791698234375 0.604550653125 0.7791698234375 0.604550653125 0.7942771468750001
6 0.03329656875 0.83318813125 0.9670955875 0.83318813125 0.9670955875 0.7922916671875 0.03329656875 0.7922916671875 0.03329656875 0.83318813125
3 0.5610253265625 0.6457607328125 0.6415400328125 0.6457607328125 0.6415400328125 0.6241887625 0.5610253265625 0.6241887625 0.5610253265625 0.6457607328125
3 0.38435049062500004 0.6448042921875 0.5004044125 0.6448042921875 0.5004044125 0.6249558078125 0.38435049062500004 0.6249558078125 0.38435049062500004 0.6448042921875
3 0.2431740203125 0.64586805625 0.32390114375 0.64586805625 0.32390114375 0.625028409375 0.2431740203125 0.625028409375 0.2431740203125 0.64586805625
3 0.9264746734375 0.07097222187499999 0.9652246734375 0.07097222187499999 0.9652246734375 0.06018939375 0.9264746734375 0.06018939375 0.9264746734375 0.07097222187499999
3 0.8704452609375 0.08918560625000001 0.9652246734375 0.08918560625000001 0.9652246734375 0.07878156562500001 0.8704452609375 0.07878156562500001 0.8704452609375 0.08918560625000001
3 0.9065890515625 0.10775883906249999 0.966891340625 0.10775883906249999 0.966891340625 0.09700126249999999 0.9065890515625 0.09700126249999999 0.9065890515625 0.10775883906249999
3 0.86258986875 0.12776199531250002 0.964027778125 0.12776199531250002 0.964027778125 0.11559659062500001 0.86258986875 0.11559659062500001 0.86258986875 0.12776199531250002
3 0.9082434640624999 0.1460479796875 0.96474673125 0.1460479796875 0.96474673125 0.136212121875 0.9082434640624999 0.136212121875 0.9082434640624999 0.1460479796875
3 0.8809844765625 0.1647664140625 0.9640318625000001 0.1647664140625 0.9640318625000001 0.15443813125 0.8809844765625 0.15443813125 0.8809844765625 0.1647664140625
3 0.9081372546875001 0.1894854796875 0.96426470625 0.1894854796875 0.96426470625 0.1787342171875 0.9081372546875001 0.1787342171875 0.9081372546875001 0.1894854796875
3 0.6355065359375 0.18930239843750002 0.729395425 0.18930239843750002 0.729395425 0.17891729843749998 0.6355065359375 0.17891729843749998 0.6355065359375 0.18930239843750002
3 0.9165155234375 0.262345328125 0.965216503125 0.262345328125 0.965216503125 0.25015467187499996 0.9165155234375 0.25015467187499996 0.9165155234375 0.262345328125
3 0.937173203125 0.28050189375 0.96426470625 0.28050189375 0.96426470625 0.2692960859375 0.937173203125 0.2692960859375 0.937173203125 0.28050189375
3 0.8390808828124999 0.2998895203125 0.9649877453125001 0.2998895203125 0.9649877453125001 0.29009785312499997 0.8390808828124999 0.29009785312499997 0.8390808828124999 0.2998895203125
3 0.9162867640625001 0.3187310609375 0.964742646875 0.3187310609375 0.964742646875 0.30886995 0.9162867640625001 0.30886995 0.9162867640625001 0.3187310609375
3 0.937111928125 0.3374842171875 0.9649795749999999 0.3374842171875 0.9649795749999999 0.3265435609375 0.937111928125 0.3265435609375 0.937111928125 0.3374842171875
3 0.5523774515625 0.261660353125 0.5933741828125 0.261660353125 0.5933741828125 0.2508901515625 0.5523774515625 0.2508901515625 0.5523774515625 0.261660353125
3 0.5368423203125 0.28044191875 0.5936151953125 0.28044191875 0.5936151953125 0.2689267671875 0.5368423203125 0.2689267671875 0.5368423203125 0.28044191875
3 0.55243055625 0.3181155296875 0.5933700984375 0.3181155296875 0.5933700984375 0.30850063125 0.55243055625 0.30850063125 0.55243055625 0.3181155296875
3 0.537193628125 0.33643623749999996 0.5926593140625 0.33643623749999996 0.5926593140625 0.32562184375 0.537193628125 0.32562184375 0.537193628125 0.33643623749999996
3 0.8980473859375 0.5645012625 0.9702205875000001 0.5645012625 0.9702205875000001 0.5543876265625001 0.8980473859375 0.5543876265625001 0.8980473859375 0.5645012625
3 0.72299428125 0.5643244953125001 0.8026593140625 0.5643244953125001 0.8026593140625 0.55511995 0.72299428125 0.55511995 0.72299428125 0.5643244953125001
3 0.5266666671875 0.5644728531250001 0.638905228125 0.5644728531250001 0.638905228125 0.5526736109375 0.5266666671875 0.5526736109375 0.5266666671875 0.5644728531250001
3 0.3673815359375 0.57031565625 0.42319035937500005 0.57031565625 0.42319035937500005 0.5470454546875 0.3673815359375 0.5470454546875 0.3673815359375 0.57031565625
3 0.2424632359375 0.565157828125 0.27970996718749996 0.565157828125 0.27970996718749996 0.55193813125 0.2424632359375 0.55193813125 0.2424632359375 0.565157828125
3 0.775669934375 0.6602935609375 0.969591503125 0.6602935609375 0.969591503125 0.6500852265625 0.775669934375 0.6500852265625 0.775669934375 0.6602935609375
3 0.717283496875 0.6385195703125001 0.9730759796875 0.6385195703125001 0.9730759796875 0.6300157828125 0.717283496875 0.6300157828125 0.717283496875 0.6385195703125001
3 0.9068464046875 0.6807702015625 0.971813725 0.6807702015625 0.971813725 0.6691792921874999 0.9068464046875 0.6691792921874999 0.9068464046875 0.6807702015625
3 0.807757353125 0.7000157828125 0.9714910124999999 0.7000157828125 0.9714910124999999 0.6899842171875 0.807757353125 0.6899842171875 0.807757353125 0.7000157828125
3 0.9158333328125 0.721909721875 0.9721241828125 0.721909721875 0.9721241828125 0.70980745 0.9158333328125 0.70980745 0.9158333328125 0.721909721875
3 0.9130800656250001 0.7415435609375 0.9702205875000001 0.7415435609375 0.9702205875000001 0.7306155296875 0.9130800656250001 0.7306155296875 0.9130800656250001 0.7415435609375
3 0.7311478765625 0.76125 0.9692769609375 0.76125 0.9692769609375 0.7516666671875 0.7311478765625 0.7516666671875 0.7311478765625 0.76125
3 0.44826388906250003 0.681284721875 0.4887622546875 0.681284721875 0.4887622546875 0.6699147734374999 0.44826388906250003 0.6699147734374999 0.44826388906250003 0.681284721875
3 0.3169321890625 0.70143308125 0.36744689531249997 0.70143308125 0.36744689531249997 0.6890088390625 0.3169321890625 0.6890088390625 0.3169321890625 0.70143308125
3 0.42430555625000005 0.7413857328125 0.5096650328125001 0.7413857328125 0.5096650328125001 0.7296369953124999 0.42430555625000005 0.7296369953124999 0.42430555625000005 0.7413857328125
3 0.3491544125 0.76174558125 0.4102083328125 0.76174558125 0.4102083328125 0.7504387625 0.3491544125 0.7504387625 0.3491544125 0.76174558125
1 0.45703125 0.5578125 0.028125 0.021875
1 0.6796875 0.546875 0.6828125 0.55 0.6828125 0.565625 0.6671875 0.56875 0.65625 0.5671875 0.65625 0.5484375 0.6578125 0.546875 0.678125 0.546875
1 0.2234375 0.6203125 0.2265625 0.621875 0.2265625 0.6453125 0.225 0.646875 0.1921875 0.646875 0.190625 0.6453125 0.190625 0.621875 0.1921875 0.6203125 0.221875 0.6203125
1 0.078125 0.546875 0.0796875 0.5484375 0.0796875 0.5671875 0.078125 0.56875 0.0546875 0.56875 0.0546875 0.5484375 0.05625 0.546875 0.0765625 0.546875
1 0.665625 0.63359375 0.0375 0.028125
1 0.8453125 0.546875 0.846875 0.5484375 0.846875 0.5671875 0.8453125 0.56875 0.821875 0.56875 0.821875 0.5484375 0.8234375 0.546875 0.8359375 0.5484375 0.84375 0.546875
1 0.3640625 0.621875 0.365625 0.6234375 0.365625 0.6484375 0.33125 0.6484375 0.3296875 0.625 0.3328125 0.621875 0.3625 0.621875
1 0.5046875 0.621875 0.5375 0.621875 0.5390625 0.6234375 0.5390625 0.6453125 0.5375 0.646875 0.5046875 0.646875 0.5046875 0.628125 0.503125 0.6265625 0.5046875 0.6234375
1 0.32109375 0.5578125 0.028125 0.021875
1 0.6192810453125001 0.0991161609375 0.5751633984375 0.0991161609375 0.5735294125 0.10606060625 0.616830065625 0.1085858578125 0.6200980390625 0.10669191874999999 0.6192810453125001 0.0991161609375
1 0.5482026140625 0.09848484843750001 0.49428104531250006 0.097222221875 0.491013071875 0.1054292921875 0.49428104531250006 0.1085858578125 0.5473856203125 0.1079545453125 0.5482026140625 0.09848484843750001
3 0.64133986875 0.0978535359375 0.6307189546874999 0.09848484843750001 0.6299019609375 0.1047979796875 0.6405228765625 0.1054292921875 0.64297385625 0.1022727265625 0.64133986875 0.0978535359375
3 0.5580065359375 0.099747475 0.5596405234375 0.1041666671875 0.5653594765625 0.103535353125 0.564542484375 0.09848484843750001 0.5580065359375 0.099747475