5 0.9147288250000001 0.2564198078125 0.008333809374999999 0.4656775859375 0.040115246874999996 0.6033381140625 0.9465102625 0.39408033593749997 0.9147288250000001 0.2564198078125
7 0.335703534375 0.395148859375 0.0125454234375 0.46975578906250004 0.0170927296875 0.48945233593750004 0.340250840625 0.41484540625 0.335703534375 0.395148859375
6 0.918287175 0.2816932453125 0.0202586859375 0.489019459375 0.0265357296875 0.5162083203125001 0.9245642187499999 0.30888210781250003 0.918287175 0.2816932453125
3 0.19437510468750002 0.44377098750000005 0.0150161828125 0.48517925625 0.040750639062499996 0.5966474374999999 0.22010956249999997 0.5552391671875 0.19437510468750002 0.44377098750000005
3 0 0.162068790625 0.3463021625 0.08211863750000001 0.34057755625 0.057322642187499995 0 0.1359511671875 0 0.162068790625
3 0.370883384375 0.533492340625 0.028102542187500003 0.612629534375 0.032827365625 0.6330949953125 0.3756082078125 0.553957803125 0.370883384375 0.533492340625
3 0.48499936874999994 0.598895196875 0.040976382812500003 0.7014059796875001 0.0467989796875 0.7266264171875 0.490821965625 0.6241156343750001 0.48499936874999994 0.598895196875
5 1 0.669397690625 0.10937281875 0.8750151765625 0.1382278390625 1 0.23464740625 1 1 0.8233044312500001 1 0.669397690625
7 0.46092851875 0.7955334984375 0.10974134687499999 0.8766114453125 0.11313975624999999 0.8913315687500001 0.46432692812500004 0.810253621875 0.46092851875 0.7955334984375
6 1 0.6845460437499999 0.1106273609375 0.8898738953124999 0.11982706406250002 0.9297221859375 1 0.726518253125 1 0.6845460437499999
3 0.4684751421875 0.6347335234375 0.390024021875 0.6528453921875 0.394876659375 0.673864475 0.4733277796875 0.65575260625 0.4684751421875 0.6347335234375
3 0.6407943609375 0.5957377187499999 0.52771489375 0.6218441718750001 0.53217983125 0.6411839406250001 0.6452592984375001 0.6150774890624999 0.6407943609375 0.5957377187499999
3 0.77836881875 0.5640506640625 0.6997107265625 0.582210315625 0.7043986265625 0.60251584375 0.7830567187499999 0.5843561921875 0.77836881875 0.5640506640625
3 0 0.1938135953125 0.0466360953125 0.1830468046875 0.044295696875 0.17290941875000002 0 0.18313588593750002 0 0.1938135953125
3 0 0.21287538125 0.0155967375 0.20927459062499998 0.0131768078125 0.1987927296875 0 0.2018348359375 0 0.21287538125
3 0 0.23340470156249998 0.06296795468750001 0.21886740468750002 0.060231334375 0.2070137984375 0 0.220919296875 0 0.23340470156249998
3 0 0.2521716828125 0.022597909375 0.2469545453125 0.0203853234375 0.23737077968750003 0 0.2420771015625 0 0.2521716828125
3 0 0.2713824890625 0.0533689828125 0.25906128906250003 0.0510456234375 0.24899771875 0 0.26078252968750004 0 0.2713824890625
3 0 0.2967517671875 0.0324727078125 0.289254853125 0.030054199999999996 0.27877914375 0 0.285717703125 0 0.2967517671875
3 0.2957385953125 0.21762896562499998 0.204256071875 0.23874937031250001 0.2065922125 0.2488683 0.298074734375 0.2277478953125 0.2957385953125 0.21762896562499998
3 0 0.37152812968750004 0.0406990734375 0.3621320078125 0.037956771875 0.350253796875 0 0.359016809375 0 0.37152812968750004
3 0 0.39016228750000004 0.024655187500000002 0.3844701890625 0.022134429687500002 0.3735515859375 0 0.3786617203125 0 0.39016228750000004
3 0 0.40132392499999997 0.001914796875 0.40961782187500007 0.12459467500000002 0.381294940625 0.1223920296875 0.371754234375 0 0.4000106609375 0 0.40132392499999997
3 0.051387732812499996 0.40741274687500006 0.0041737703125 0.4183129484375 0.0063920375 0.42792132031249996 0.053606 0.41702111875 0.051387732812499996 0.40741274687500006
3 0.035072014062500004 0.42931802656249995 0.0079186125 0.435586884375 0.010379725 0.44624713125 0.037533125 0.439978275 0.035072014062500004 0.42931802656249995
3 0.39292745625 0.269057184375 0.35298146875 0.2782794421875 0.3554042359375 0.288773603125 0.395350225 0.2795513453125 0.39292745625 0.269057184375
3 0.41212177812500006 0.283136878125 0.3568039890625 0.2959079953125 0.359394334375 0.307128015625 0.41471212343749997 0.294356896875 0.41212177812500006 0.283136878125
3 0.40583525 0.32520305625 0.3659449859375 0.33441244999999997 0.3681078671875 0.34378091875 0.4079981328125 0.3345715265625 0.40583525 0.32520305625
3 0.4245330921875 0.338457890625 0.37048898750000003 0.35093495468749997 0.372921696875 0.3614721765625 0.42696580156249997 0.34899511250000004 0.4245330921875 0.338457890625
3 0.124389096875 0.6425348546875 0.0540656890625 0.6587702921874999 0.056340762499999995 0.668624715625 0.1266641703125 0.652389278125 0.124389096875 0.6425348546875
3 0.2951203390625 0.603870028125 0.217497115625 0.6217907609375 0.21956768750000002 0.63075939375 0.2971909109375 0.6128386609375001 0.2951203390625 0.603870028125
3 0.4858657828125 0.557322284375 0.3765038875 0.5825704671875 0.37915814062500003 0.5940672953125 0.488520034375 0.5688191125000001 0.4858657828125 0.557322284375
3 0.6398023859374999 0.51600701875 0.5854239390625 0.5285612734375 0.5906585953125 0.5512350609375 0.6450370421875 0.5386808078125 0.6398023859374999 0.51600701875
3 0.7626196515625 0.49267379375000003 0.7263275515625 0.5010524859375 0.7293013359375 0.5139333625 0.7655934359375001 0.5055546703125 0.7626196515625 0.49267379375000003
3 0.2651572984375 0.70825079375 0.0762059265625 0.75187365625 0.0785023015625 0.7618203515624999 0.26745367343750004 0.7181974890625 0.2651572984375 0.70825079375
3 0.317532653125 0.6755616390625 0.0682961140625 0.7331024265625 0.07020905 0.7413882625 0.3194455890625 0.683847475 0.317532653125 0.6755616390625
3 0.141638103125 0.756363765625 0.078335890625 0.7709782328125 0.08094327812499999 0.7822720671875001 0.1442454890625 0.7676575999999999 0.141638103125 0.756363765625
3 0.2428675984375 0.754345275 0.083330421875 0.791177334375 0.08558703281249999 0.8009517921875 0.24512420937499999 0.7641197328125 0.2428675984375 0.754345275
3 0.14202085625 0.7979722453125 0.0871727359375 0.8106349312500001 0.0898951546875 0.8224270234375 0.144743275 0.8097643375000001 0.14202085625 0.7979722453125
3 0.14938435625 0.817627665625 0.0937083421875 0.8304814859375 0.0961666140625 0.8411294328125001 0.151842628125 0.8282756109375 0.14938435625 0.817627665625
3 0.3313891109375 0.797213425 0.099363259375 0.8507808140625001 0.10151904062499999 0.8601185265625 0.3335448921875 0.8065511375 0.3313891109375 0.797213425
3 0.588632625 0.6539217765625 0.5491722296875 0.6630319265625 0.5517299125 0.6741104640625 0.5911903078125 0.6650003140625 0.588632625 0.6539217765625
3 0.7208935328125 0.6429832578125 0.6716735140625001 0.6543465937499999 0.6744683609375001 0.666452403125 0.7236883781250001 0.6550890671875 0.7208935328125 0.6429832578125
3 0.625411484375 0.7067238687499999 0.542239765625 0.7259255734375001 0.54488265625 0.7373731921875 0.6280543749999999 0.7181714875 0.625411484375 0.7067238687499999
3 0.7033158890625 0.710087159375 0.6438267765625 0.723821303125 0.6463702578125 0.734838328125 0.70585936875 0.721104184375 0.7033158890625 0.710087159375
1 0.5421875 0.5390625 0.565625 0.534375 0.5703125 0.5484375 0.56875 0.5546875 0.5640625 0.5546875 0.5546875 0.559375 0.546875 0.559375 0.54375 0.5578125 0.54375 0.546875 0.540625 0.54375 0.5421875 0.540625
1 0.3578125 0.5828125 0.3625 0.6015625 0.353125 0.60625 0.346875 0.6046875 0.3390625 0.6078125 0.334375 0.603125 0.3328125 0.5953125 0.334375 0.5875 0.35625 0.5828125
1 0.8125 0.56484375 0.0421875 0.0359375
1 0.9203125 0.4515625 0.9421875 0.446875 0.9484375 0.4640625 0.9484375 0.46875 0.9265625 0.4734375 0.9234375 0.471875 0.9203125 0.453125
1 0.384375 0.653125 0.3890625 0.6734375 0.3875 0.678125 0.3609375 0.684375 0.353125 0.6828125 0.3484375 0.6609375 0.365625 0.6546875 0.3796875 0.6515625 0.3828125 0.653125
1 0.1765625 0.6453125 0.171875 0.6265625 0.175 0.6234375 0.1796875 0.625 0.1890625 0.6203125 0.196875 0.6203125 0.2015625 0.640625 0.178125 0.6453125
1 0.690625 0.5828125 0.69375 0.584375 0.6953125 0.590625 0.69375 0.5953125 0.696875 0.6078125 0.665625 0.615625 0.6625 0.6140625 0.6578125 0.590625 0.6640625 0.5875 0.6890625 0.5828125
1 0.521875 0.6203125 0.525 0.625 0.5234375 0.6296875 0.528125 0.6453125 0.496875 0.653125 0.49375 0.6515625 0.4890625 0.6296875 0.4953125 0.6265625 0.5203125 0.621875
1 0.696875 0.503125 0.7 0.50625 0.703125 0.521875 0.696875 0.5265625 0.684375 0.5296875 0.6796875 0.5296875 0.6765625 0.5265625 0.6734375 0.515625 0.675 0.509375 0.6953125 0.5046875
1 0.29811525781250003 0.1448988234375 0.339738059375 0.132697765625 0.3365837921875 0.1262988734375 0.293596878125 0.136223184375 0.2945049984375 0.14378855937499999 0.29811525781250003 0.1448988234375
1 0.4175233546875 0.1173312921875 0.41999749687500004 0.1135204953125 0.4149670921875 0.10625890468750002 0.362711559375 0.11961888437499998 0.36563783125 0.128662090625 0.4175233546875 0.1173312921875
3 0.27431961875 0.1471528828125 0.28452630624999997 0.144148565625 0.28231010625 0.138181021875 0.2718193921875 0.1399550765625 0.271221384375 0.1446285703125 0.27431961875 0.1471528828125
3 0.346790478125 0.12329455625 0.3471305421875 0.1283994 0.35284493437500003 0.12772804843750002 0.35344294062500003 0.123054553125 0.346790478125 0.12329455625