5 0.9588929734375 0.35595643906249996 0.0286560453125 0.35595643906249996 0.0286560453125 0.4972380046875 0.9588929734375 0.4972380046875 0.9588929734375 0.35595643906249996
7 0.3635008171875 0.360877525 0.0318423203125 0.360877525 0.0318423203125 0.381092171875 0.3635008171875 0.381092171875 0.3635008171875 0.360877525
6 0.9566748359374999 0.381382575 0.035024509375 0.381382575 0.035024509375 0.409286615625 0.9566748359374999 0.409286615625 0.9566748359374999 0.381382575
3 0.2148570265625 0.376461490625 0.030780228124999996 0.376461490625 0.030780228124999996 0.4908617421875 0.2148570265625 0.4908617421875 0.2148570265625 0.376461490625
3 0.44424428125000004 0.0328061875 0.031850490625 0.0328061875 0.031850490625 0.05825441875 0.44424428125000004 0.05825441875 0.44424428125000004 0.0328061875
3 0.366658496875 0.503589015625 0.0148611109375 0.503589015625 0.0148611109375 0.524592803125 0.366658496875 0.524592803125 0.366658496875 0.503589015625
3 0.4631372546875 0.5929861109375001 0.007434640625 0.5929861109375001 0.007434640625 0.61886995 0.4631372546875 0.61886995 0.4631372546875 0.5929861109375001
5 0.96543300625 0.777531565625 0.035024509375 0.777531565625 0.035024509375 0.9274936874999999 0.96543300625 0.9274936874999999 0.96543300625 0.777531565625
7 0.395449346875 0.7791698234375 0.035024509375 0.7791698234375 0.035024509375 0.7942771468750001 0.395449346875 0.7942771468750001 0.395449346875 0.7791698234375
6 0.96670343125 0.7922916671875 0.0329044125 0.7922916671875 0.0329044125 0.83318813125 0.96670343125 0.83318813125 0.96670343125 0.7922916671875
3 0.43897467343749996 0.6241887625 0.3584599671875 0.6241887625 0.3584599671875 0.6457607328125 0.43897467343749996 0.6457607328125 0.43897467343749996 0.6241887625
3 0.6156495093750001 0.6249558078125 0.4995955875 0.6249558078125 0.4995955875 0.6448042921875 0.6156495093750001 0.6448042921875 0.6156495093750001 0.6249558078125
3 0.7568259796875 0.625028409375 0.67609885625 0.625028409375 0.67609885625 0.64586805625 0.7568259796875 0.64586805625 0.7568259796875 0.625028409375
3 0.0735253265625 0.06018939375 0.0347753265625 0.06018939375 0.0347753265625 0.07097222187499999 0.0735253265625 0.07097222187499999 0.0735253265625 0.06018939375
3 0.12955473906249998 0.07878156562500001 0.0347753265625 0.07878156562500001 0.0347753265625 0.08918560625000001 0.12955473906249998 0.08918560625000001 0.12955473906249998 0.07878156562500001
3 0.0934109484375 0.09700126249999999 0.033108659375 0.09700126249999999 0.033108659375 0.10775883906249999 0.0934109484375 0.10775883906249999 0.0934109484375 0.09700126249999999
3 0.13741013124999998 0.11559659062500001 0.035972221875 0.11559659062500001 0.035972221875 0.12776199531250002 0.13741013124999998 0.12776199531250002 0.13741013124999998 0.11559659062500001
3 0.0917565359375 0.136212121875 0.03525326875 0.136212121875 0.03525326875 0.1460479796875 0.0917565359375 0.1460479796875 0.0917565359375 0.136212121875
3 0.11901552343749999 0.15443813125 0.035968137500000004 0.15443813125 0.035968137500000004 0.1647664140625 0.11901552343749999 0.1647664140625 0.11901552343749999 0.15443813125
3 0.09186274531250001 0.1787342171875 0.03573529375 0.1787342171875 0.03573529375 0.1894854796875 0.09186274531250001 0.1894854796875 0.09186274531250001 0.1787342171875
3 0.3644934640625 0.17891729843749998 0.270604575 0.17891729843749998 0.270604575 0.18930239843750002 0.3644934640625 0.18930239843750002 0.3644934640625 0.17891729843749998
3 0.08348447656249999 0.25015467187499996 0.034783496875 0.25015467187499996 0.034783496875 0.262345328125 0.08348447656249999 0.262345328125 0.08348447656249999 0.25015467187499996
3 0.06282679687500001 0.2692960859375 0.03573529375 0.2692960859375 0.03573529375 0.28050189375 0.06282679687500001 0.28050189375 0.06282679687500001 0.2692960859375
3 0.16091911718750002 0.29009785312499997 0.0350122546875 0.29009785312499997 0.0350122546875 0.2998895203125 0.16091911718750002 0.2998895203125 0.16091911718750002 0.29009785312499997
3 0.08371323593749999 0.30886995 0.035257353125 0.30886995 0.035257353125 0.3187310609375 0.08371323593749999 0.3187310609375 0.08371323593749999 0.30886995
3 0.06288807187499999 0.3265435609375 0.035020425 0.3265435609375 0.035020425 0.3374842171875 0.06288807187499999 0.3374842171875 0.06288807187499999 0.3265435609375
3 0.4476225484375 0.2508901515625 0.4066258171875 0.2508901515625 0.4066258171875 0.261660353125 0.4476225484375 0.261660353125 0.4476225484375 0.2508901515625
3 0.4631576796875 0.2689267671875 0.4063848046875 0.2689267671875 0.4063848046875 0.28044191875 0.4631576796875 0.28044191875 0.4631576796875 0.2689267671875
3 0.44756944374999996 0.30850063125 0.4066299015625 0.30850063125 0.4066299015625 0.3181155296875 0.44756944374999996 0.3181155296875 0.44756944374999996 0.30850063125
3 0.462806371875 0.32562184375 0.4073406859375 0.32562184375 0.4073406859375 0.33643623749999996 0.462806371875 0.33643623749999996 0.462806371875 0.32562184375
3 0.1019526140625 0.5543876265625001 0.0297794125 0.5543876265625001 0.0297794125 0.5645012625 0.1019526140625 0.5645012625 0.1019526140625 0.5543876265625001
3 0.27700571875 0.55511995 0.1973406859375 0.55511995 0.1973406859375 0.5643244953125001 0.27700571875 0.5643244953125001 0.27700571875 0.55511995
3 0.4733333328125 0.5526736109375 0.361094771875 0.5526736109375 0.361094771875 0.5644728531250001 0.4733333328125 0.5644728531250001 0.4733333328125 0.5526736109375
3 0.6326184640625 0.5470454546875 0.576809640625 0.5470454546875 0.576809640625 0.57031565625 0.6326184640625 0.57031565625 0.6326184640625 0.5470454546875
3 0.7575367640625 0.55193813125 0.7202900328124999 0.55193813125 0.7202900328124999 0.565157828125 0.7575367640625 0.565157828125 0.7575367640625 0.55193813125
3 0.22433006562500002 0.6500852265625 0.030408496875000003 0.6500852265625 0.030408496875000003 0.6602935609375 0.22433006562500002 0.6602935609375 0.22433006562500002 0.6500852265625
3 0.28271650312499996 0.6300157828125 0.0269240203125 0.6300157828125 0.0269240203125 0.6385195703125001 0.28271650312499996 0.6385195703125001 0.28271650312499996 0.6300157828125
3 0.0931535953125 0.6691792921874999 0.028186275 0.6691792921874999 0.028186275 0.6807702015625 0.0931535953125 0.6807702015625 0.0931535953125 0.6691792921874999
3 0.19224264687499998 0.6899842171875 0.0285089875 0.6899842171875 0.0285089875 0.7000157828125 0.19224264687499998 0.7000157828125 0.19224264687499998 0.6899842171875
3 0.0841666671875 0.70980745 0.027875817187500002 0.70980745 0.027875817187500002 0.721909721875 0.0841666671875 0.721909721875 0.0841666671875 0.70980745
3 0.086919934375 0.7306155296875 0.0297794125 0.7306155296875 0.0297794125 0.7415435609375 0.086919934375 0.7415435609375 0.086919934375 0.7306155296875
3 0.2688521234375 0.7516666671875 0.030723039062500002 0.7516666671875 0.030723039062500002 0.76125 0.2688521234375 0.76125 0.2688521234375 0.7516666671875
3 0.5517361109375 0.6699147734374999 0.5112377453125 0.6699147734374999 0.5112377453125 0.681284721875 0.5517361109375 0.681284721875 0.5517361109375 0.6699147734374999
3 0.6830678109375 0.6890088390625 0.6325531046874999 0.6890088390625 0.6325531046874999 0.70143308125 0.6830678109375 0.70143308125 0.6830678109375 0.6890088390625
3 0.57569444375 0.7296369953124999 0.49033496718749997 0.7296369953124999 0.49033496718749997 0.7413857328125 0.57569444375 0.7413857328125 0.57569444375 0.7296369953124999
3 0.6508455875 0.7504387625 0.5897916671875 0.7504387625 0.5897916671875 0.76174558125 0.6508455875 0.76174558125 0.6508455875 0.7504387625
1 0.53125 0.546875 0.5546875 0.546875 0.55625 0.5484375 0.55625 0.5671875 0.546875 0.56875 0.534375 0.56875 0.5296875 0.565625 0.53125 0.559375 0.5296875 0.55 0.53125 0.5484375
1 0.340625 0.546875 0.3421875 0.5484375 0.3421875 0.5671875 0.3375 0.56875 0.3171875 0.5671875 0.315625 0.565625 0.315625 0.55 0.31875 0.546875 0.3390625 0.546875
1 0.80625 0.6203125 0.8078125 0.621875 0.8078125 0.6453125 0.80625 0.646875 0.7734375 0.646875 0.771875 0.6453125 0.771875 0.621875 0.8046875 0.6203125
1 0.9421875 0.546875 0.94375 0.5484375 0.94375 0.56875 0.9203125 0.56875 0.91875 0.5671875 0.91875 0.5484375 0.9203125 0.546875 0.940625 0.546875
1 0.334375 0.63359375 0.0375 0.028125
1 0.15625 0.546875 0.1578125 0.5484375 0.175 0.546875 0.1765625 0.5484375 0.1765625 0.56875 0.153125 0.56875 0.1515625 0.5671875 0.1515625 0.5484375 0.1546875 0.546875
1 0.665625 0.621875 0.66875 0.625 0.6671875 0.6484375 0.6328125 0.6484375 0.6328125 0.6234375 0.634375 0.621875 0.6640625 0.621875
1 0.47734375 0.63515625 0.03671875 0.02734375
1 0.6671875 0.546875 0.690625 0.546875 0.6921875 0.5484375 0.6921875 0.565625 0.6859375 0.56875 0.66875 0.56875 0.665625 0.565625 0.6671875 0.5484375
1 0.42483660156249997 0.0991161609375 0.3807189546875 0.0991161609375 0.3799019609375 0.10669191874999999 0.383169934375 0.1085858578125 0.4264705875 0.10606060625 0.42483660156249997 0.0991161609375
1 0.5057189546874999 0.097222221875 0.4517973859375 0.09848484843750001 0.4526143796875 0.1079545453125 0.5057189546874999 0.1085858578125 0.508986928125 0.1054292921875 0.5057189546874999 0.097222221875
3 0.3692810453125 0.09848484843750001 0.35866013125 0.0978535359375 0.35702614375 0.1022727265625 0.3594771234375 0.1054292921875 0.3700980390625 0.1047979796875 0.3692810453125 0.09848484843750001
3 0.435457515625 0.09848484843750001 0.43464052343750004 0.103535353125 0.44035947656249996 0.1041666671875 0.44199346406249995 0.099747475 0.435457515625 0.09848484843750001