0 0.8503787875000001 0.9346405234375 0.884469696875 0.9338235296875 0.885101009375 0.080065359375 0.883838384375 0.0735294125 0.8491161609375 0.0735294125 0.8465909093749999 0.919934640625 0.8503787875000001 0.9346405234375
0 0.8093434343749999 0.9330065359375 0.8118686875 0.89460784375 0.8093434343749999 0.7205882359375 0.790404040625 0.7197712421875 0.790404040625 0.9330065359375 0.8093434343749999 0.9330065359375
0 0.790404040625 0.669117646875 0.808712121875 0.669117646875 0.8099747468749999 0.4599673203125 0.808712121875 0.453431371875 0.790404040625 0.453431371875 0.7891414140624999 0.6625816999999999 0.790404040625 0.669117646875
0 0.7885101015625 0.4158496734375 0.7948232328125 0.419117646875 0.808712121875 0.41748365937500004 0.8099747468749999 0.08496732031250001 0.8080808078124999 0.080065359375 0.803030303125 0.079248365625 0.7885101015625 0.081699346875 0.7885101015625 0.4158496734375
0 0.747474746875 0.9330065359375 0.7638888890625 0.9321895421875 0.763257575 0.7173202609375 0.7487373734375 0.71650326875 0.7443181812499999 0.7197712421875 0.7449494953125 0.9289215687500001 0.747474746875 0.9330065359375
0 0.6887626265625 0.0939542484375 0.6893939390625 0.919117646875 0.690025253125 0.9321895421875 0.6925505046875 0.9346405234375 0.7272727265625 0.9338235296875 0.727904040625 0.0841503265625 0.7253787875000001 0.0735294125 0.6925505046875 0.07271241875 0.6893939390625 0.0776143796875 0.6887626265625 0.0939542484375
0 0.3996212125 0.8954248359375001 0.40025252499999997 0.6568627453125 0.3983585859375 0.651143790625 0.38068181874999996 0.651143790625 0.378787878125 0.89460784375 0.3996212125 0.8954248359375001
0 0.3832070703125 0.582516340625 0.40088383906249997 0.581699346875 0.4015151515625 0.349673203125 0.39772727343750003 0.3447712421875 0.38257575781250003 0.3455882359375 0.38068181874999996 0.578431371875 0.3832070703125 0.582516340625
0 0.3832070703125 0.28513071874999996 0.384469696875 0.2900326796875 0.40467171718749995 0.2875817 0.40467171718749995 0.0473856203125 0.4021464640625 0.044117646875 0.38573232343749997 0.044117646875 0.3832070703125 0.0473856203125 0.3832070703125 0.28513071874999996
0 0.30555555624999997 0.8807189546874999 0.3074494953125 0.8978758171875001 0.3251262625 0.8970588234375001 0.325757575 0.071895425 0.3251262625 0.0473856203125 0.3175505046875 0.043300653125 0.30681818125000004 0.046568628125 0.30555555624999997 0.8807189546874999
0 0.2297979796875 0.0473856203125 0.22916666718749998 0.09150326875 0.227904040625 0.85620915 0.23042929218750002 0.8978758171875001 0.24747474687499998 0.8970588234375001 0.252525253125 0.65849673125 0.2493686875 0.0506535953125 0.24684343437499998 0.044934640625 0.234848484375 0.044117646875 0.2297979796875 0.0473856203125
1 0.1702941921875 0.8410980390624999 0.152617425 0.8394640515624999 0.150723484375 0.8958366015625 0.169662878125 0.8958366015625 0.1702941921875 0.8410980390624999
1 0.171717171875 0.7516339875 0.15277777812499999 0.74918300625 0.15214646406250001 0.8063725484375001 0.1698232328125 0.8071895421875 0.171717171875 0.7516339875
0 0.1515151515625 0.044117646875 0.150252525 0.0506535953125 0.150252525 0.66013071875 0.15340909062500002 0.6633986921874999 0.1698232328125 0.6625816999999999 0.172348484375 0.5751633984375 0.171717171875 0.055555556250000006 0.1698232328125 0.044117646875 0.15593434374999998 0.043300653125 0.1515151515625 0.044117646875
0 0.111742425 0.28676470625 0.13194444375 0.28676470625 0.13194444375 0.0473856203125 0.13068181875 0.043300653125 0.114898990625 0.043300653125 0.111742425 0.0473856203125 0.111742425 0.28676470625
0 0.036616160937499996 0.0392156859375 0.0353535359375 0.0678104578125 0.0359848484375 0.8905228765625001 0.038510101562499996 0.8978758171875001 0.072601009375 0.8978758171875001 0.0751262625 0.73120915 0.07449495 0.044117646875 0.06818181875 0.0359477125 0.040404040625 0.0359477125 0.036616160937499996 0.0392156859375
1 0.13194444375 0.8423202609375 0.1136363640625 0.840686275 0.11300505000000001 0.8978758171875001 0.13194444375 0.8970588234375001 0.13194444375 0.8423202609375
1 0.13194444375 0.778594771875 0.11300505000000001 0.777777778125 0.11300505000000001 0.8341503265625001 0.13131313125 0.8341503265625001 0.13194444375 0.778594771875
1 0.13307449531249999 0.7090277781250001 0.11476641406250002 0.7082107843750001 0.11350378750000001 0.7629493468749999 0.13307449531249999 0.7637663406249999 0.13307449531249999 0.7090277781250001
1 0.13324495 0.648184640625 0.11430555625000001 0.646550653125 0.11430555625000001 0.7037401953125 0.1319823234375 0.7037401953125 0.13324495 0.648184640625
1 0.13194444375 0.5653594765625 0.1136363640625 0.563725490625 0.111742425 0.6200980390625 0.13194444375 0.6200980390625 0.13194444375 0.5653594765625
1 0.132401515625 0.50202614375 0.113462121875 0.50120915 0.113462121875 0.5575817 0.1317702015625 0.5583986921874999 0.132401515625 0.50202614375
1 0.13194444375 0.49260702656250005 0.1325757578125 0.44031944375 0.13005050468749998 0.4370514703125 0.11300505000000001 0.4370514703125 0.11237373749999999 0.49260702656250005 0.13194444375 0.49260702656250005
1 0.13194444375 0.37418300625 0.11300505000000001 0.37254902031250003 0.11300505000000001 0.42892156875 0.13194444375 0.42892156875 0.13194444375 0.37418300625
3 0.8895107328125 0.7620588234375 0.8895107328125 0.932696078125 0.9074084593749999 0.932696078125 0.9074084593749999 0.7620588234375 0.8895107328125 0.7620588234375
3 0.8130271468749999 0.8073080062500001 0.8130271468749999 0.93269199375 0.8325536609374999 0.93269199375 0.8325536609374999 0.8073080062500001 0.8130271468749999 0.8073080062500001
3 0.813153409375 0.5988398687500001 0.813153409375 0.670620915625 0.830975378125 0.670620915625 0.830975378125 0.5988398687500001 0.813153409375 0.5988398687500001
3 0.8170296718750001 0.3752736921875 0.8170296718750001 0.4442361109375 0.830975378125 0.4442361109375 0.830975378125 0.3752736921875 0.8170296718750001 0.3752736921875
3 0.649343434375 0.7514379078125 0.649343434375 0.9377941171874999 0.6710101015625 0.9377941171874999 0.6710101015625 0.7514379078125 0.649343434375 0.7514379078125
4 0.54455808125 0.019885620312499998 0.54455808125 0.923513071875 0.63949495 0.923513071875 0.63949495 0.019885620312499998 0.54455808125 0.019885620312499998
0 0.4734848484375 0.0588235296875 0.471590909375 0.8700980390625 0.47537878750000007 0.918300653125 0.496212121875 0.919934640625 0.49936868749999996 0.8782679734375 0.49873737343749996 0.0490196078125 0.4955808078125 0.043300653125 0.47727272656249997 0.043300653125 0.4734848484375 0.0588235296875
3 0.329122475 0.6991707515625001 0.329122475 0.895469771875 0.34635732343750003 0.895469771875 0.34635732343750003 0.6991707515625001 0.329122475 0.6991707515625001
3 0.252973484375 0.67299428125 0.252973484375 0.8949632359375 0.266773990625 0.8949632359375 0.266773990625 0.67299428125 0.252973484375 0.67299428125
3 0.1769412875 0.600367646875 0.1769412875 0.7022303921875 0.190154671875 0.7022303921875 0.190154671875 0.600367646875 0.1769412875 0.600367646875
3 0.1351736109375 0.12430147031250001 0.1351736109375 0.29331290781249997 0.1529577015625 0.29331290781249997 0.1529577015625 0.12430147031250001 0.1351736109375 0.12430147031250001
3 0.1589457078125 0.817303921875 0.1589457078125 0.83892156875 0.176344696875 0.83892156875 0.176344696875 0.817303921875 0.1589457078125 0.817303921875
3 0.159280303125 0.728582515625 0.159280303125 0.7472998359374999 0.1751767671875 0.7472998359374999 0.1751767671875 0.728582515625 0.159280303125 0.728582515625
3 0.10116792968749999 0.8583129078124999 0.10116792968749999 0.87868055625 0.111773990625 0.87868055625 0.111773990625 0.8583129078124999 0.10116792968749999 0.8583129078124999
3 0.10115845937500001 0.7953635625000001 0.10115845937500001 0.8162704250000001 0.110217803125 0.8162704250000001 0.110217803125 0.7953635625000001 0.10115845937500001 0.7953635625000001
3 0.09976325781249999 0.7206045750000001 0.09976325781249999 0.7397549015625 0.111777146875 0.7397549015625 0.111777146875 0.7206045750000001 0.09976325781249999 0.7206045750000001
3 0.101190025 0.6527614374999999 0.101190025 0.6773366015625 0.11293876249999998 0.6773366015625 0.11293876249999998 0.6527614374999999 0.101190025 0.6527614374999999
3 0.10000315625 0.5778267968749999 0.10000315625 0.6013235296875 0.1113857328125 0.6013235296875 0.1113857328125 0.5778267968749999 0.10000315625 0.5778267968749999
3 0.10069444375 0.5149959156249999 0.10069444375 0.5358864375 0.11099747499999998 0.5358864375 0.11099747499999998 0.5149959156249999 0.10069444375 0.5149959156249999
3 0.10068813125000001 0.4551633984375 0.10068813125000001 0.47346405156250004 0.111382575 0.47346405156250004 0.111382575 0.4551633984375 0.10068813125000001 0.4551633984375
3 0.0993529046875 0.4105678109375 0.0993529046875 0.43118055625 0.11216224687500001 0.43118055625 0.11216224687500001 0.4105678109375 0.0993529046875 0.4105678109375
3 0.0803314390625 0.606527778125 0.0803314390625 0.8973120921875 0.0954387625 0.8973120921875 0.0954387625 0.606527778125 0.0803314390625 0.606527778125