0 0.7425463625 0 0.7355733453125 0.00173856875 0.9378870625 0.8236128578124999 0.9451200999999999 0.8369655421875001 0.9780007140625001 0.8279254796875 0.7722258562500001 0 0.7425463625 0
0 0.904908375 0.845307440625 0.8980691328124999 0.8074384406249999 0.8535197359375 0.639198871875 0.8349452749999999 0.6429880015625 0.8865315609375 0.8498892953125001 0.904908375 0.845307440625
0 0.8226910609375 0.593839034375 0.8404553140625 0.5894099078124999 0.791082390625 0.38616678437499996 0.78827608125 0.3801304375 0.770511828125 0.3845595625 0.8198847515625 0.5878026890625 0.8226910609375 0.593839034375
0 0.7595823125 0.3485523875 0.7664985109375 0.350196003125 0.7795795421875 0.34525052500000003 0.7003616796875 0.0223058859375 0.6973381062499999 0.0180077203125 0.692239975 0.018436821875000002 0.67874403125 0.024327753125 0.7595823125 0.3485523875
0 0.8448774515625 0.8602748312499999 0.860606375 0.8555111656250001 0.8080122296875001 0.6471771484375 0.7937256921875 0.6498971796874999 0.7902283625 0.6541371796875 0.8414389671875 0.85692211875 0.8448774515625 0.8602748312499999
0 0.5849242125 0.0603497296875 0.785161865625 0.8608495203125001 0.7889368046875 0.8733803968749999 0.791979990625 0.875147659375 0.825473165625 0.8659548687499999 0.620531175 0.0413678609375 0.6155115015625 0.0316733484375 0.5834607109375 0.038822503125000005 0.5815838 0.044342496875 0.5849242125 0.0603497296875
0 0.4982648171875 0.9079628546875 0.441163984375 0.6763343500000001 0.43794276249999997 0.6712434578125 0.4207910703125 0.6755198546875001 0.47785267343750004 0.9122101703125001 0.4982648171875 0.9079628546875
0 0.4066388296875 0.6083200203125 0.4235928734375 0.603250896875 0.368073228125 0.3779641921875 0.363211975 0.3741242109375 0.3487081734375 0.3785824203125 0.40320034531250004 0.6049673062500001 0.4066388296875 0.6083200203125
0 0.3346947359375 0.319768021875 0.3371057484375 0.324218915625 0.3561147375 0.3169534296875 0.2980060453125 0.0838922 0.294765209375 0.08133221406249999 0.2788386390625 0.08530315468750001 0.277178990625 0.08908496875000001 0.3346947359375 0.319768021875
0 0.40343563906249996 0.91645034375 0.409423940625 0.9326393875000001 0.4263779828125 0.9275702656249999 0.22736545000000002 0.12676501874999999 0.22082343125 0.1031359875 0.21248446250000003 0.101005103125 0.2028615296875 0.1067723890625 0.40343563906249996 0.91645034375
0 0.12832680624999998 0.1261979859375 0.1383872703125 0.16915788125 0.32216124687500003 0.9114541859375 0.334691565625 0.9512722609375001 0.35103304999999996 0.9463558671875001 0.298220140625 0.7136582609375 0.148106775 0.12463430625000001 0.1442729921875 0.1196961421875 0.1324366953125 0.1218052578125 0.12832680624999998 0.1261979859375
1 0.2626069484375 0.9107290234375001 0.24505995937499997 0.9134199687500001 0.25686003125 0.9685762 0.27523684375 0.9639943453125 0.2626069484375 0.9107290234375001
1 0.242344346875 0.8235781875000001 0.2233745875 0.8257818640625001 0.236597428125 0.8814253609374999 0.2539467703125 0.8779416890625 0.242344346875 0.8235781875000001
0 0.0515787171875 0.141965415625 0.051934785937500005 0.1486126765625 0.19938064687499998 0.7399857234375 0.20323404374999998 0.7423929828125 0.21896296718750002 0.73762931875 0.20026480625 0.6521968 0.0739477328125 0.148176259375 0.0693429703125 0.137536290625 0.0556689921875 0.140103590625 0.0515787171875 0.141965415625
0 0.0716890484375 0.3870267140625 0.0912909796875 0.382139403125 0.0333799375 0.1498709 0.031166575000000002 0.14621272968750001 0.015852564062499998 0.1500309421875 0.013778006249999999 0.1547582109375 0.0716890484375 0.3870267140625
0 0 0.41453198125 0.144244115625 0.991178103125 0.1484731953125 0.997701715625 0.18155145781249998 0.9894543796875 0.143681384375 0.8271275093750001 0 0.25310036406249997 0 0.41453198125
1 0.2256920328125 0.9211925843750001 0.207532484375 0.924036259375 0.22075532656250002 0.97967975625 0.238934490625 0.9743051765624999 0.2256920328125 0.9211925843750001
1 0.2102754421875 0.8593600140625 0.19170098124999999 0.8631491421874999 0.205338734375 0.9178471859374999 0.2231029875 0.9134180593749999 0.2102754421875 0.8593600140625
1 0.194542146875 0.7915860734375 0.1765802453125 0.7952224734375 0.18859758124999998 0.8486405234375001 0.20778460468749999 0.8446986671875001 0.194542146875 0.7915860734375
1 0.1799882515625 0.7325090000000001 0.161216140625 0.735505403125 0.17505154375 0.790996171875 0.1922032359375 0.786719775 0.1799882515625 0.7325090000000001
1 0.1586891546875 0.6524587187499999 0.14052960625 0.65530239375 0.1523296796875 0.710458621875 0.1719316125 0.7055713124999999 0.1586891546875 0.6524587187499999
1 0.1438109296875 0.59089608125 0.12523646875 0.5946852093749999 0.1388742234375 0.649383253125 0.156836121875 0.6457468515625 0.1438109296875 0.59089608125
1 0.14108874531249999 0.5818673265625 0.1290517953125 0.53098018125 0.1258109578125 0.5284201937499999 0.10927182656250001 0.5325438625000001 0.122099371875 0.586601909375 0.14108874531249999 0.5818673265625
1 0.11243938125 0.46696100625000003 0.093667271875 0.4699574109375 0.10730502500000001 0.5246554531250001 0.1256818375 0.5200736 0.11243938125 0.46696100625000003
3 0.9413383671875 0.6600433812500001 0.9826192546874999 0.82561198125 0.9999853421875 0.8212821281249999 0.9587044546874999 0.6557135296875 0.9413383671875 0.6600433812500001
3 0.8780734375 0.722451525 0.9084065703125 0.844111071875 0.9273530640625 0.8393871796875001 0.89701993125 0.7177276328125 0.8780734375 0.722451525
3 0.82776294375 0.5201452359375 0.8451283500000001 0.589794078125 0.8624209296875 0.5854825546875 0.8450555234375001 0.5158337109375 0.82776294375 0.5201452359375
3 0.7774385109375 0.30228217812499997 0.7941220296875 0.3691961171875 0.8076534890625 0.3658223453125 0.7909699703124999 0.29890840625 0.7774385109375 0.30228217812499997
3 0.7057356312499999 0.7078396812500001 0.750819278125 0.8886603140625 0.771842353125 0.8834186734375 0.7267587062499999 0.7025980390625 0.7057356312499999 0.7078396812500001
4 0.42708433437500004 0.023367493750000003 0.6456916015624999 0.9001533484375001 0.7378084390625 0.8771860406249999 0.5192011734374999 0.0004001859375 0.42708433437500004 0.023367493750000003
0 0.3675422140625 0.0783429515625 0.5619696000000001 0.8659773265625 0.5773062296875 0.911831746875 0.5979160218749999 0.9083771578125001 0.5908987453125001 0.8671845265625 0.38967284687500003 0.062721109375 0.38522650468749997 0.057935675 0.3674622515625 0.0623648 0.3675422140625 0.0783429515625
3 0.3823820328125 0.73459354375 0.4298710640625 0.92506164375 0.44659396406249996 0.9208921578125 0.3991049328125 0.7304240562500001 0.3823820328125 0.73459354375
3 0.3021623328125 0.727616734375 0.3558614828125 0.9429922625 0.3692520546875 0.9396536187500001 0.31555290468749997 0.724278090625 0.3021623328125 0.727616734375
3 0.21081864375 0.6755412749999999 0.23546147187500002 0.7743782609375 0.2482823625 0.7711816546875 0.223639534375 0.6723446671875 0.21081864375 0.6755412749999999
3 0.0551208140625 0.2237208140625 0.09600838125 0.3877118890625 0.11326420781249999 0.383409528125 0.072376640625 0.219418453125 0.0551208140625 0.2237208140625
3 0.24583924375000002 0.8903871406249999 0.2510690265625 0.91136265 0.267951190625 0.9071534546875 0.262721409375 0.8861779437499999 0.24583924375000002 0.8903871406249999
3 0.22470025 0.8042201921875 0.2292283796875 0.822381528125 0.24465265 0.8185358265625 0.24012452031249998 0.8003744906250001 0.22470025 0.8042201921875
3 0.199698684375 0.94415569375 0.2046260640625 0.9639183359375 0.2149170796875 0.9613524968749999 0.2099897 0.9415898546875001 0.199698684375 0.94415569375
3 0.1844606703125 0.8830785046875 0.1895184984375 0.9033643437500001 0.19830874062499998 0.9011726890625 0.19325091249999998 0.8808868500000001 0.1844606703125 0.8830785046875
3 0.1650210765625 0.8108777078125 0.169653959375 0.8294591875 0.18131098437499998 0.826552765625 0.1766781015625 0.807971284375 0.1650210765625 0.8108777078125
3 0.14999272187499998 0.744704634375 0.15593799218749999 0.7685498125 0.1673377421875 0.7657075343749999 0.161392471875 0.7418623578125 0.14999272187499998 0.744704634375
3 0.13071277812499998 0.672283003125 0.136397153125 0.6950817828125 0.14744161718749998 0.6923280875 0.14175724375 0.6695293078125 0.13071277812499998 0.672283003125
3 0.116183365625 0.6111512296875 0.121237240625 0.6314212140625 0.13123422812500002 0.6289286859375001 0.126180353125 0.6086587015625 0.116183365625 0.6111512296875
3 0.10170244531249999 0.553097521875 0.1061297734375 0.5708545671875 0.11650654687499999 0.568267346875 0.1120792171875 0.5505103015625 0.10170244531249999 0.553097521875
3 0.08961823125 0.510149634375 0.0946049046875 0.5301500921875 0.10703375468750001 0.5270512328125 0.10204708124999999 0.5070507734375 0.08961823125 0.510149634375
3 0.118568790625 0.7048904609375 0.1889158828125 0.9870372390625001 0.20357445468750002 0.9833824468750001 0.1332273625 0.70123566875 0.118568790625 0.7048904609375