0 0.9264705875000001 0.116161615625 0.919934640625 0.114898990625 0.0661764703125 0.11553030312499998 0.06535947656249999 0.1496212125 0.080065359375 0.15340909062500002 0.9264705875000001 0.1508838390625 0.9264705875000001 0.116161615625
0 0.10539215625000001 0.18813131249999998 0.0669934640625 0.190656565625 0.0669934640625 0.209595959375 0.2802287578125 0.209595959375 0.2794117640625 0.190656565625 0.10539215625000001 0.18813131249999998
0 0.546568628125 0.191287878125 0.5400326796875 0.19002525312500002 0.330882353125 0.191287878125 0.330882353125 0.209595959375 0.3374183 0.2108585859375 0.546568628125 0.209595959375 0.546568628125 0.191287878125
0 0.920751634375 0.19696969687500002 0.919934640625 0.1919191921875 0.9150326796874999 0.19002525312500002 0.582516340625 0.191287878125 0.580882353125 0.2051767671875 0.5841503265625 0.2114898984375 0.918300653125 0.2114898984375 0.920751634375 0.19696969687500002
0 0.28349673124999997 0.2512626265625 0.2826797390625 0.236742425 0.0678104578125 0.23611111093749998 0.0669934640625 0.252525253125 0.07107843124999999 0.2550505046875 0.2802287578125 0.25568181874999996 0.28349673124999997 0.2512626265625
0 0.9060457515625 0.3112373734375 0.9223856203125 0.3106060609375 0.9272875812500001 0.3074494953125 0.9264705875000001 0.2746212125 0.9158496734374999 0.272095959375 0.0661764703125 0.27272727343750003 0.06535947656249999 0.3074494953125 0.0678104578125 0.309974746875 0.080882353125 0.3106060609375 0.9060457515625 0.3112373734375
0 0.3431372546875 0.599747475 0.1045751640625 0.6003787875000001 0.10539215625000001 0.621212121875 0.348856209375 0.6193181812499999 0.348856209375 0.6016414140624999 0.3431372546875 0.599747475
0 0.6552287578125 0.6022727265625 0.6503267968750001 0.5984848484375 0.41830065312500003 0.5991161609375 0.41748365937500004 0.6167929296875 0.421568628125 0.6193181812499999 0.6544117640625 0.6174242421875 0.6552287578125 0.6022727265625
0 0.955882353125 0.6142676765624999 0.955882353125 0.5978535359375 0.9526143796875 0.5953282828125 0.7124183000000001 0.5953282828125 0.7099673203125 0.615530303125 0.71486928125 0.6167929296875 0.9526143796875 0.6167929296875 0.955882353125 0.6142676765624999
0 0.956699346875 0.6824494953125 0.9526143796875 0.6748737375 0.9281045750000001 0.674242425 0.10294117656249999 0.6748737375 0.10212418281249999 0.6925505046875 0.11928104531249999 0.6944444437499999 0.953431371875 0.6931818187500001 0.956699346875 0.6824494953125
0 0.9526143796875 0.7702020203125 0.955882353125 0.7651515156250001 0.955065359375 0.753156565625 0.9493464046875 0.7506313125 0.34150326875000003 0.747474746875 0.10294117656249999 0.752525253125 0.10212418281249999 0.7695707078125 0.14379085 0.772095959375 0.90849673125 0.7708333328125 0.9526143796875 0.7702020203125
1 0.1041633984375 0.830337121875 0.1041633984375 0.849276515625 0.16053594843750002 0.8473825749999999 0.1589019609375 0.8297058078124999 0.1041633984375 0.830337121875
1 0.1928104578125 0.8301767671875 0.1936274515625 0.8478535359375 0.25081699375 0.847222221875 0.2483660125 0.828282828125 0.1928104578125 0.8301767671875
0 0.955882353125 0.8484848484375 0.956699346875 0.84406565625 0.955882353125 0.8301767671875 0.9444444437499999 0.828282828125 0.42483660156249997 0.827651515625 0.3374183 0.8301767671875 0.3366013078125 0.8465909093749999 0.33986928125000004 0.849747475 0.9493464046875 0.849747475 0.955882353125 0.8484848484375
0 0.956699346875 0.86931818125 0.9526143796875 0.8680555562500001 0.71323529375 0.8680555562500001 0.71323529375 0.8882575750000001 0.9526143796875 0.8882575750000001 0.956699346875 0.885101009375 0.956699346875 0.86931818125
0 0.9607843140625001 0.9633838390625 0.9640522875 0.9595959593750001 0.9640522875 0.93181818125 0.955882353125 0.9255050499999999 0.26879084999999997 0.9248737374999999 0.10212418281249999 0.927398990625 0.10212418281249999 0.9614898984375 0.1094771234375 0.9640151515625 0.9321895421875 0.9646464640625 0.9607843140625001 0.9633838390625
1 0.10294117656249999 0.8680555562500001 0.10212418281249999 0.8869949500000001 0.15931372500000002 0.8863636359375 0.1576797390625 0.8680555562500001 0.10294117656249999 0.8680555562500001
1 0.16584967343749998 0.86868686875 0.16584967343749998 0.8869949500000001 0.222222221875 0.8869949500000001 0.221405228125 0.8680555562500001 0.16584967343749998 0.86868686875
1 0.236233659375 0.8669255046875 0.237050653125 0.8864962125 0.29178921562500004 0.8852335859375 0.290972221875 0.8669255046875 0.236233659375 0.8669255046875
1 0.2962598046875 0.8680176765625 0.2962598046875 0.88569444375 0.353449346875 0.88569444375 0.351815359375 0.8667550500000001 0.2962598046875 0.8680176765625
1 0.3799019609375 0.8680555562500001 0.3799019609375 0.8882575750000001 0.436274509375 0.8863636359375 0.43464052343750004 0.8680555562500001 0.3799019609375 0.8680555562500001
1 0.4416013078125 0.8682297984374999 0.44241830000000004 0.886537878125 0.49879084999999995 0.886537878125 0.49797385624999996 0.867598484375 0.4416013078125 0.8682297984374999
1 0.55968055625 0.8674242421875 0.5073929734375 0.8680555562500001 0.5073929734375 0.8876262625000001 0.5629485296875 0.8869949500000001 0.5629485296875 0.8699494953125001 0.55968055625 0.8674242421875
1 0.57107843125 0.8680555562500001 0.57107843125 0.8869949500000001 0.6274509796875 0.8869949500000001 0.62581699375 0.8680555562500001 0.57107843125 0.8680555562500001
3 0.2379411765625 0.092591540625 0.06730392187499999 0.092591540625 0.06730392187499999 0.1104892671875 0.2379411765625 0.1104892671875 0.2379411765625 0.092591540625
3 0.19269199374999998 0.1674463390625 0.06730800625 0.1674463390625 0.06730800625 0.186972853125 0.19269199374999998 0.186972853125 0.19269199374999998 0.1674463390625
3 0.40116013125 0.169024621875 0.329379084375 0.169024621875 0.329379084375 0.186846590625 0.40116013125 0.186846590625 0.40116013125 0.169024621875
3 0.6247263078125 0.169024621875 0.5557638890625001 0.169024621875 0.5557638890625001 0.182970328125 0.6247263078125 0.182970328125 0.6247263078125 0.169024621875
3 0.24856209218749997 0.32898989843750004 0.0622058828125 0.32898989843750004 0.0622058828125 0.35065656562499997 0.24856209218749997 0.35065656562499997 0.24856209218749997 0.32898989843750004
4 0.9801143796874999 0.36050505 0.07648692812499999 0.36050505 0.07648692812499999 0.45544191874999995 0.9801143796874999 0.45544191874999995 0.9801143796874999 0.36050505
0 0.956699346875 0.5227272734375 0.956699346875 0.5044191921875 0.9509803921875 0.5012626265625 0.1217320265625 0.5006313125 0.080065359375 0.503787878125 0.081699346875 0.5246212124999999 0.1299019609375 0.5284090906250001 0.9411764703125 0.5265151515625 0.956699346875 0.5227272734375
3 0.30082924843750003 0.6536426765625001 0.10453022812499999 0.6536426765625001 0.10453022812499999 0.6708775250000001 0.30082924843750003 0.6708775250000001 0.30082924843750003 0.6536426765625001
3 0.32700571875 0.733226009375 0.1050367640625 0.733226009375 0.1050367640625 0.747026515625 0.32700571875 0.747026515625 0.32700571875 0.733226009375
3 0.399632353125 0.809845328125 0.2977696078125 0.809845328125 0.2977696078125 0.8230587125 0.399632353125 0.8230587125 0.399632353125 0.809845328125
3 0.8756985296875 0.8470422984375 0.7066870921875 0.8470422984375 0.7066870921875 0.8648263890625 0.8756985296875 0.8648263890625 0.8756985296875 0.8470422984375
3 0.182696078125 0.823655303125 0.16107843125000001 0.823655303125 0.16107843125000001 0.8410542921875 0.182696078125 0.8410542921875 0.182696078125 0.823655303125
3 0.271417484375 0.8248232328125 0.2527001640625 0.8248232328125 0.2527001640625 0.840719696875 0.271417484375 0.840719696875 0.271417484375 0.8248232328125
3 0.1416870921875 0.8882260093750001 0.12131944374999999 0.8882260093750001 0.12131944374999999 0.8988320703125 0.1416870921875 0.8988320703125 0.1416870921875 0.8882260093750001
3 0.2046364375 0.8897821968749999 0.183729575 0.8897821968749999 0.183729575 0.8988415406250001 0.2046364375 0.8988415406250001 0.2046364375 0.8897821968749999
3 0.27939542500000003 0.888222853125 0.2602450984375 0.888222853125 0.2602450984375 0.9002367421875 0.27939542500000003 0.9002367421875 0.27939542500000003 0.888222853125
3 0.34723856249999996 0.8870612375 0.32266339843749997 0.8870612375 0.32266339843749997 0.898809975 0.34723856249999996 0.898809975 0.34723856249999996 0.8870612375
3 0.422173203125 0.8886142671874999 0.3986764703125 0.8886142671874999 0.3986764703125 0.89999684375 0.422173203125 0.89999684375 0.422173203125 0.8886142671874999
3 0.48500408437500003 0.8890025250000001 0.4641135625 0.8890025250000001 0.4641135625 0.8993055562500001 0.48500408437500003 0.8993055562500001 0.48500408437500003 0.8890025250000001
3 0.5448366015625 0.888617425 0.5265359484375 0.888617425 0.5265359484375 0.8993118687500001 0.5448366015625 0.8993118687500001 0.5448366015625 0.888617425
3 0.5894321890625001 0.8878377531250001 0.56881944375 0.8878377531250001 0.56881944375 0.9006470953125 0.5894321890625001 0.9006470953125 0.5894321890625001 0.8878377531250001
3 0.39347222187500003 0.9045612375 0.10268790781249999 0.9045612375 0.10268790781249999 0.9196685609375 0.39347222187500003 0.9196685609375 0.39347222187500003 0.9045612375