2 0.26498589687499996 0.003721725 0.2352770203125 0.1722091375 0.407960325 0.2026578625 0.4376692015625 0.034170451562499995 0.26498589687499996 0.003721725
3 0.1650323609375 0.712181171875 0.1428127703125 0.8381947265624999 0.15961092500000001 0.84115669375 0.1818305140625 0.7151431390625 0.1650323609375 0.712181171875
3 0.2782749640625 0.7550291812500001 0.260257546875 0.85721103125 0.2767394015625 0.8601172265624999 0.29475681875 0.7579353765625 0.2782749640625 0.7550291812500001
3 0.4445625140625 0.7048250015625 0.413166809375 0.8828788890625001 0.43154646874999997 0.8861197187500001 0.4629421734375 0.7080658328125 0.4445625140625 0.7048250015625
3 0.5394217921875 0.7802203453125001 0.51805909375 0.901374228125 0.5349854765625001 0.90435880625 0.556348175 0.7832049234375 0.5394217921875 0.7802203453125001
5 0.68818781875 0.097216971875 0.539535615625 0.9402655109375001 0.66944988125 0.9631729015625 0.818102084375 0.1201243625 0.68818781875 0.097216971875
6 0.691497209375 0.10311822343749999 0.5458185890625 0.929302734375 0.591212071875 0.9373068296874999 0.7368906921875 0.11112231875 0.691497209375 0.10311822343749999
3 0.6133420921875 0.5881739875 0.5769880515625 0.7943479953125 0.6751867218750001 0.8116630703125001 0.7115407625 0.6054890625 0.6133420921875 0.5881739875
3 0.7014272593750001 0.8585537984375 0.6830069328125 0.9630206609374999 0.70250646875 0.9664589546875 0.7209267953125 0.8619920921875 0.7014272593750001 0.8585537984375
4 0.8380812765625001 0.2113480703125 0.704758065625 0.9674615781250001 0.7819184359375 0.9810670343749999 0.9152416484374999 0.22495352500000002 0.8380812765625001 0.2113480703125
3 0.1853694765625 0.7125939453125001 0.1681110609375 0.810471284375 0.18180604375 0.8128860796874999 0.199064459375 0.715008740625 0.1853694765625 0.7125939453125001
3 0.2046176828125 0.7035605609375 0.1853759328125 0.81268595 0.198062171875 0.8149228765625001 0.217303921875 0.7057974875 0.2046176828125 0.7035605609375
3 0.20953786718749998 0.7720112359375 0.20188826875000002 0.8153942703125001 0.2151814625 0.81773821875 0.2228310625 0.774355184375 0.20953786718749998 0.7720112359375
3 0.23778218125 0.7131581359375 0.219252615625 0.8182445265625 0.2324261296875 0.8205673718750001 0.250955696875 0.7154809828124999 0.23778218125 0.7131581359375
3 0.2601723890625 0.6838061140625 0.23601911874999998 0.8207861140625001 0.2490045625 0.8230757984375 0.27315783125 0.6860957984375 0.2601723890625 0.6838061140625
3 0.3006994796875 0.753026721875 0.2871622984375 0.8297998874999999 0.30085728125 0.8322146828125 0.3143944625 0.7554415171875 0.3006994796875 0.753026721875
3 0.3225548015625 0.726658190625 0.3038479 0.83275030625 0.316995765625 0.8350686296875001 0.33570266875 0.7289765140625 0.3225548015625 0.726658190625
3 0.336548165625 0.7474265046874999 0.32104183750000004 0.8353672624999999 0.334052925 0.83766146875 0.34955925312499997 0.7497207109375 0.336548165625 0.7474265046874999
3 0.35052274687499996 0.770750815625 0.3385135 0.8388586390625001 0.35205460624999996 0.8412463015625 0.364063853125 0.773138478125 0.35052274687499996 0.770750815625
3 0.382749878125 0.68811029375 0.3556017453125 0.8420750078125 0.3690744625 0.8444506109375001 0.3962225953125 0.6904858968750001 0.382749878125 0.68811029375
3 0.3995741046875 0.6877750625 0.37186133125 0.8449420125 0.3852485609375 0.8473025421875 0.412961334375 0.6901355921875 0.3995741046875 0.6877750625
3 0.407437309375 0.7433342359374999 0.3890226578125 0.8477689140625 0.4031878171875 0.8502666140624999 0.42160246875 0.7458319359375001 0.407437309375 0.7433342359374999
3 0.661825771875 0.7684121937499999 0.6559750765625 0.8015931359374999 0.6714225375 0.8043169390625 0.6772732328125 0.7711359984375 0.661825771875 0.7684121937499999
3 0.631313146875 0.7199551765625001 0.6180951718750001 0.7949180359375 0.6317303140625 0.797322278125 0.6449482890625 0.7223594203125 0.631313146875 0.7199551765625001
3 0.9017621484375 0.4842855140625 0.8832325828125001 0.589371903125 0.894097953125 0.5912877609375 0.9126275187499999 0.486201371875 0.9017621484375 0.4842855140625
4 0.1884019671875 0.2525903765625 0.16966059687499999 0.338882234375 0.1265542 0.6133443609375 0.15975217656250001 0.62002765625 0.1640192140625 0.6108248875 0.2247320234375 0.25650755625 0.1915340484375 0.24982426093750001 0.1884019671875 0.2525903765625