2 0.9479289218750001 0.182378471875 0.7768423203125 0.182378471875 0.7768423203125 0.35772569375 0.9479289218750001 0.35772569375 0.9479289218750001 0.182378471875
3 0.2328758171875 0.20696614531250002 0.10491829999999999 0.20696614531250002 0.10491829999999999 0.2240234375 0.2328758171875 0.2240234375 0.2328758171875 0.20696614531250002
3 0.2103431375 0.32592881875 0.10658496718749999 0.32592881875 0.10658496718749999 0.34266493124999997 0.2103431375 0.34266493124999997 0.2103431375 0.32592881875
3 0.28866013125 0.480972221875 0.10785947656249999 0.480972221875 0.10785947656249999 0.4996354171875 0.28866013125 0.4996354171875 0.28866013125 0.480972221875
3 0.230882353125 0.5874826390625 0.10785947656249999 0.5874826390625 0.10785947656249999 0.6046701390625 0.230882353125 0.6046701390625 0.230882353125 0.5874826390625
5 0.9293423203125 0.615386284375 0.0732883984375 0.615386284375 0.0732883984375 0.7473046875 0.9293423203125 0.7473046875 0.9293423203125 0.615386284375
6 0.9241053921875 0.6196701390625 0.085175653125 0.6196701390625 0.085175653125 0.6657638890625 0.9241053921875 0.6657638890625 0.9241053921875 0.6196701390625
3 0.432847221875 0.6269314234375 0.22349264687499998 0.6269314234375 0.22349264687499998 0.726644965625 0.432847221875 0.726644965625 0.432847221875 0.6269314234375
3 0.181870915625 0.760629340625 0.075792484375 0.760629340625 0.075792484375 0.7804296875000001 0.181870915625 0.7804296875000001 0.181870915625 0.760629340625
4 0.8429738562500001 0.78282118125 0.075196078125 0.78282118125 0.075196078125 0.8611718749999999 0.8429738562500001 0.8611718749999999 0.8429738562500001 0.78282118125
3 0.23600081718750002 0.22706597187500002 0.1366135625 0.22706597187500002 0.1366135625 0.24097222187499998 0.23600081718750002 0.24097222187499998 0.23600081718750002 0.22706597187500002
3 0.24823937968749998 0.244453125 0.13743055625 0.244453125 0.13743055625 0.25733506875 0.24823937968749998 0.25733506875 0.24823937968749998 0.244453125
3 0.18168300625 0.2611848953125 0.13763071875 0.2611848953125 0.13763071875 0.274683159375 0.18168300625 0.274683159375 0.18168300625 0.2611848953125
3 0.24454656875 0.27878038125 0.1378390515625 0.27878038125 0.1378390515625 0.29215711875 0.24454656875 0.29215711875 0.24454656875 0.27878038125
3 0.2773406859375 0.29573350625 0.1382475484375 0.29573350625 0.1382475484375 0.3089192703125 0.2773406859375 0.3089192703125 0.2773406859375 0.29573350625
3 0.21620915 0.34766493125000003 0.13825163437500002 0.34766493125000003 0.13825163437500002 0.36157118125 0.21620915 0.36157118125 0.21620915 0.34766493125000003
3 0.245972221875 0.364609375 0.13824346406250002 0.364609375 0.13824346406250002 0.37796006875 0.245972221875 0.37796006875 0.245972221875 0.364609375
3 0.22794934687500001 0.381996528125 0.1386519609375 0.381996528125 0.1386519609375 0.3952083328125 0.22794934687500001 0.3952083328125 0.22794934687500001 0.381996528125
3 0.2074060453125 0.399809028125 0.1382475484375 0.399809028125 0.1382475484375 0.413559028125 0.2074060453125 0.413559028125 0.2074060453125 0.399809028125
3 0.29438725468750004 0.41719618125 0.1380473859375 0.41719618125 0.1380473859375 0.43087673593750003 0.29438725468750004 0.43087673593750003 0.29438725468750004 0.41719618125
3 0.2976388890625 0.433706596875 0.1380473859375 0.433706596875 0.1380473859375 0.447300346875 0.2976388890625 0.447300346875 0.2976388890625 0.433706596875
3 0.244289215625 0.45109809062500006 0.13824346406250002 0.45109809062500006 0.13824346406250002 0.46548177031250004 0.244289215625 0.46548177031250004 0.244289215625 0.45109809062500006
3 0.26376634062500004 0.7059765625 0.2300735296875 0.7059765625 0.2300735296875 0.7216623265625 0.26376634062500004 0.7216623265625 0.26376634062500004 0.7059765625
3 0.306188725 0.6675130203124999 0.23006944375 0.6675130203124999 0.23006944375 0.6813585062499999 0.306188725 0.6813585062499999 0.306188725 0.6675130203124999
3 0.5852410124999999 0.8929296875 0.478533496875 0.8929296875 0.478533496875 0.9039626734375 0.5852410124999999 0.9039626734375 0.5852410124999999 0.8929296875
4 0.6928104578125 0.15277777812499999 0.689542484375 0.15017361093749998 0.6013071890624999 0.14670138906250002 0.3235294125 0.15190972187500001 0.32271241875 0.18576388906250002 0.332516340625 0.18836805625 0.6919934640625 0.18663194375 0.6928104578125 0.15277777812499999