2 0.9185418765625 0.1445475390625 0.7481063109375 0.1594587203125 0.763388828125 0.3341386921875 0.9338243937499999 0.31922751250000003 0.9185418765625 0.1445475390625
3 0.208352721875 0.23136263437500001 0.080882121875 0.2425148671875 0.0823687625 0.25950725 0.2098393625 0.24835501875000002 0.208352721875 0.23136263437500001
3 0.196274065625 0.351836471875 0.0929107265625 0.3608795921875 0.094369375 0.37755201875 0.19773271406249998 0.3685088984375 0.196274065625 0.351836471875
3 0.2878059625 0.49946411093750004 0.10769330937499999 0.5152219265625 0.1093199140625 0.533814103125 0.2894325671875 0.5180562875 0.2878059625 0.49946411093750004
3 0.23953104062500002 0.6106048890625 0.1169763046875 0.6213270390625001 0.11847429375 0.6384491359375 0.24102903125 0.6277269859375 0.23953104062500002 0.6106048890625
5 0.9377651203124999 0.57752755625 0.0849687421875 0.652137571875 0.0964661890625 0.783553984375 0.9492625671875 0.7089439703125 0.9377651203124999 0.57752755625
6 0.9329214828125 0.5822515375 0.097184125 0.6553690828125001 0.101201459375 0.70128743125 0.9369388187500001 0.6281698875 0.9329214828125 0.5822515375
3 0.44416556093750004 0.6323011609375 0.23560764375 0.6505476140625001 0.24429825156249999 0.7498817171875001 0.45285616875 0.7316352640625 0.44416556093750004 0.6323011609375
3 0.20579683593749998 0.78736434375 0.10012206562499999 0.7966096890625 0.1018477796875 0.8163346890625001 0.20752255000000003 0.8070893437500001 0.20579683593749998 0.78736434375
4 0.8663182265625 0.7518528203125 0.101462075 0.8187690625 0.1082907890625 0.8968216078125 0.873146940625 0.8299053656250001 0.8663182265625 0.7518528203125
3 0.2132176453125 0.2511136125 0.1142085890625 0.25977578281249997 0.11542059843750001 0.27362911562500003 0.21442965468750003 0.2649669453125 0.2132176453125 0.2511136125
3 0.22692502656250002 0.26736794218750004 0.1165378640625 0.27702556718750004 0.1176606 0.289858490625 0.2280477625 0.280200865625 0.22692502656250002 0.26736794218750004
3 0.162080190625 0.28983681250000004 0.11819553593750001 0.2936762234375 0.11937198593750001 0.307123121875 0.1632566421875 0.30328371249999997 0.162080190625 0.28983681250000004
3 0.2262380859375 0.30188642187500003 0.1199366234375 0.31118659531250004 0.1211024828125 0.3245124296875 0.2274039453125 0.3152122578125 0.2262380859375 0.30188642187500003
3 0.2603849734375 0.3159168390625 0.12182112812500001 0.32803960625 0.1229703421875 0.34117519375 0.2615341890625 0.329052428125 0.2603849734375 0.3159168390625
3 0.20401218437500002 0.3729786140625 0.12635132031250002 0.379773059375 0.1275633296875 0.3936263921875 0.20522419374999998 0.386831946875 0.20401218437500002 0.3729786140625
3 0.235138803125 0.38726455625 0.1278199859375 0.3966537375 0.12898357656249998 0.4099536265625 0.23630239375 0.400564446875 0.235138803125 0.38726455625
3 0.21869990156250002 0.40615634375000004 0.12974231875 0.4139391234375 0.130893803125 0.427100653125 0.21985138593750003 0.41931787343750004 0.21869990156250002 0.40615634375000004
3 0.19978723437499998 0.42569152812500005 0.13089190781249999 0.43171908906249995 0.1320902984375 0.445416765625 0.2009856265625 0.43938920625 0.19978723437499998 0.42569152812500005
3 0.2879528453125 0.43543160625 0.132207896875 0.4490575234375 0.1334002359375 0.4626860203125 0.28914518437500003 0.449060103125 0.2879528453125 0.43543160625
3 0.2926310828125 0.45159579687500007 0.13364687343749998 0.4655051125 0.134831646875 0.479047134375 0.29381585625 0.46513781718749997 0.2926310828125 0.45159579687500007
3 0.24100019062500003 0.473570840625 0.135357975 0.4828133375 0.1366115953125 0.4971422828125 0.2422538109375 0.48789978593749994 0.24100019062500003 0.473570840625
3 0.282617321875 0.7257818796875 0.249052721875 0.7287184015625 0.2504198265625 0.7443444765625 0.283984425 0.7414079546875 0.282617321875 0.7257818796875
3 0.3215259578125 0.6837673484375 0.2456963328125 0.69040158125 0.24690304687500003 0.70419438125 0.3227326703125 0.6975601484375 0.3215259578125 0.6837673484375
3 0.6191627234375 0.8840052281249999 0.5128612625 0.8933054 0.51382285 0.9042964031249999 0.6201243109375 0.8949962296875 0.6191627234375 0.8840052281249999
4 0.6583318390625 0.134985090625 0.57012968125 0.13921629375 0.2938628703125 0.1686147359375 0.2959995703125 0.20241128281249998 0.30599315312500003 0.204151071875 0.6639510453125 0.17109107031249998 0.6618143453124999 0.137294525 0.6583318390625 0.134985090625