5 0.6331167578125 0.9956501546875 0.809633784375 0.087548771875 0.586620359375 0.044199353125 0.41010333125000004 0.9523007359375001 0.6331167578125 0.9956501546875
6 0.44538414687500005 0.950781684375 0.618563575 0.0598507578125 0.590517084375 0.054399071875 0.41733765624999997 0.9453299984375001 0.44538414687500005 0.950781684375
0 0.41301544218749997 0.92669975625 0.4918167390625 0.5317007312500001 0.579174615625 0.0692852890625 0.577363584375 0.065604121875 0.562931175 0.0644633140625 0.5419649578125 0.16192665 0.3963639765625 0.9109787656250001 0.3953497453125 0.9265950328124999 0.403958384375 0.9291006671875 0.41301544218749997 0.92669975625
0 0.22172586875000003 0 0.1594803875 0.307302390625 0.0941818515625 0.6458338609375 0.0812026109375 0.728204009375 0.08640282187500001 0.7300471140625 0.0964529671875 0.73033609375 0.110735175 0.6698586234375 0.2300889390625 0.048037860937499996 0.23815670625 0.0013335531249999998 0.231296171875 0 0.22172586875000003 0
0 0.259906446875 0.0688149265625 0.240273828125 0.065831015625 0.2142017484375 0.1947609828125 0.23287978125 0.20005619531250002 0.2370484078125 0.1942082140625 0.2605877515625 0.0731087828125 0.259906446875 0.0688149265625
2 0 0.8614196218749999 0.0805058828125 0.87706838125 0.1099020046875 0.725838446875 0.0106924109375 0.70655405625 0 0.76156174375 0 0.8614196218749999
3 0.253774996875 0 0.24067091718750003 0.0674146390625 0.25929554062500004 0.07103489843750001 0.27310332656249997 0 0.253774996875 0
0 0.7587658953124999 0.9989005453124999 0.7632463015625001 0.9914486 0.8249401265625 0.6688621421875001 0.833394771875 0.65136300625 0.8288302515625 0.6574461390625 0.8809815249999999 0.39095263281250003 0.88178283125 0.3770660796875 0.8874518968749999 0.3472669609375 0.8916609187500001 0.32561342031249996 0.898537096875 0.29855994531249996 0.9219227703125 0.1725293171875 0.9277484359375 0.150357734375 0.9290936953125 0.13563809843750002 0.9271267734374999 0.1327589140625 0.9110777203125 0.132136146875 0.86643551875 0.3540014953125 0.854509009375 0.42575657031249997 0.7450551875 0.9862480359375001 0.744645265625 0.9961557734375001 0.7587658953124999 0.9989005453124999
3 0.84876681875 0.9691003640625 0.8761956124999999 0.8279914578125 0.8646410421875 0.8257454765625001 0.83721225 0.9668543843749999 0.84876681875 0.9691003640625
3 0.298495403125 0.148932715625 0.3253676703125 0.0106868859375 0.3141149890625 0.0084995859375 0.287242721875 0.14674541562500001 0.298495403125 0.148932715625
3 0.32797445625 0.1359530984375 0.35047245781249997 0.0202109125 0.3396531359375 0.018107848437499997 0.3171551328125 0.133850034375 0.32797445625 0.1359530984375
3 0.37818759375 0.160831996875 0.40359605624999995 0.030116790625 0.393283128125 0.028112159375 0.367874665625 0.15882736718749998 0.37818759375 0.160831996875
3 0.39094594531250004 0.23892921406249998 0.43043904218750006 0.035754840625 0.4203500953125 0.0337937484375 0.3808569984375 0.236968121875 0.39094594531250004 0.23892921406249998
3 0.4072582546875 0.3001726828125 0.457786784375 0.040225934375 0.447162228125 0.0381607296875 0.3966337 0.298107478125 0.4072582546875 0.3001726828125
3 0.453769584375 0.20427493124999999 0.484878934375 0.044231203125 0.4747948578125 0.0422710578125 0.44368550781250005 0.202314784375 0.453769584375 0.20427493124999999
3 0.5143182859375 0.176202928125 0.5375707937499999 0.0565791453125 0.5279492890624999 0.0547089140625 0.5046967812500001 0.174332696875 0.5143182859375 0.176202928125
3 0.853734815625 0.1733904734375 0.8643197265625 0.118935828125 0.8541820875000001 0.1169652703125 0.843597178125 0.171419915625 0.853734815625 0.1733904734375
1 0.340625 0.1328125 0.35625 0.1359375 0.3515625 0.1546875 0.353125 0.1609375 0.35 0.1625 0.35 0.16875 0.3484375 0.16875 0.334375 0.165625 0.340625 0.134375
1 0.371875 0.2734375 0.3796875 0.275 0.3859375 0.2734375 0.3875 0.2796875 0.384375 0.2953125 0.38125 0.3 0.36875 0.2984375 0.365625 0.2953125 0.371875 0.275
1 0.1734375 0.7234375 0.1875 0.7265625 0.1828125 0.7515625 0.1796875 0.7578125 0.1671875 0.753125 0.1734375 0.725
1 0.1640625 0.8328125 0.165625 0.834375 0.1640625 0.8484375 0.1609375 0.8625 0.1578125 0.865625 0.15 0.8640625 0.146875 0.8609375 0.146875 0.85625 0.1515625 0.8328125 0.153125 0.83125 0.1625 0.8328125
1 0.803125 0.359375 0.8203125 0.3609375 0.8234375 0.3625 0.821875 0.3640625 0.825 0.36875 0.8234375 0.3875 0.8203125 0.390625 0.81875 0.3984375 0.80625 0.4 0.796875 0.396875 0.7953125 0.39375 0.803125 0.3609375
1 0.83125 0.3640625 0.84375 0.365625 0.85 0.36875 0.84375 0.4046875 0.840625 0.40625 0.825 0.403125 0.83125 0.365625
1 0.7671875 0.5640625 0.7828125 0.56875 0.78125 0.5953125 0.778125 0.6 0.778125 0.6046875 0.775 0.60625 0.75625 0.603125 0.7609375 0.5703125 0.7625 0.565625 0.765625 0.5640625
1 0.7921875 0.5703125 0.8078125 0.571875 0.8109375 0.575 0.803125 0.6109375 0.796875 0.6109375 0.784375 0.6078125 0.7921875 0.571875