5 0.957469828125 0.4418732203125 0.039267329687500005 0.5546143109375 0.06695452187499999 0.7801083890625 0.9851570203125 0.6673672984375 0.957469828125 0.4418732203125
6 0.9500114312499999 0.44860366718750005 0.04917038125 0.559213040625 0.05265236250000001 0.5875715015625 0.9534934125 0.476962128125 0.9500114312499999 0.44860366718750005
0 0.5321943453125 0.4940480046875 0.9317280734375 0.442992403125 0.934754925 0.4341248859375 0.9328559015625 0.4253624328125 0.9172069265625 0.4252848578125 0.159822853125 0.5182799296875 0.061134403125 0.5323963734375 0.061265678125 0.54687320625 0.064811546875 0.5489366109375 0.5321943453125 0.4940480046875
0 0.696598596875 0.1235321421875 0.757925025 0.1135034203125 0.7583378109375001 0.10345759843749999 0.7568619453125 0.0981414875 0.6737870609375001 0.105343259375 0.331525240625 0.1468679703125 0.018818659374999998 0.18776229375 0.02081354375 0.2040093296875 0.0679668625 0.19921914375 0.696598596875 0.1235321421875
0 0.0850062109375 0.2106204109375 0.0866133515625 0.23041335312500003 0.0908492234375 0.231392521875 0.21329568437500002 0.2163579875 0.2194202078125 0.2126074515625 0.2154408078125 0.193605540625 0.0850062109375 0.2106204109375
2 0.8930953875000001 0.0075175765625 0.7401832734375 0.0262928234375 0.7525001765625 0.1266059578125 0.9054122906250001 0.1078307109375 0.8930953875000001 0.0075175765625
3 0.08655827656250001 0.21112700156250003 0.012733601562499999 0.22019153125000002 0.015045854687499999 0.23902332187500003 0.0888705296875 0.2299587921875 0.08655827656250001 0.21112700156250003
0 0.645784125 0.835927815625 0.971888321875 0.7968867687500001 0.9796346515625001 0.792937096875 0.977881571875 0.7786594 0.967969375 0.77837719375 0.40120812499999997 0.8484664828125 0.32879589062500003 0.855358559375 0.10435691250000001 0.8844154703125 0.1038586359375 0.9004688703125 0.10659360312499999 0.90263184375 0.1213712234375 0.9023166515625001 0.1438951734375 0.8980517875 0.2712501 0.8835145328125 0.2987173328125 0.8785422593750001 0.320611734375 0.8758539656250001 0.350733715625 0.872277390625 0.3646423390625 0.8724467140625001 0.6341245703125 0.839012125 0.62773785 0.8431411875 0.645784125 0.835927815625
3 0.9421944124999999 0.8689569328125 0.799515903125 0.8864756515625001 0.8009504078124999 0.8981587453125 0.943628915625 0.880640028125 0.9421944124999999 0.8689569328125
3 0.1624471234375 0.26311919375000004 0.022663539062499998 0.280282459375 0.0240605640625 0.2916603078125 0.1638441484375 0.27449704218750004 0.1624471234375 0.26311919375000004
3 0.14749657031250002 0.292059203125 0.0304669453125 0.306428634375 0.03181016875 0.3173683046875 0.14883979375 0.3029988734375 0.14749657031250002 0.292059203125
3 0.16887504375 0.3443975171875 0.0367058484375 0.360625853125 0.0379862015625 0.3710534953125 0.1701553984375 0.354825159375 0.16887504375 0.3443975171875
3 0.24591985 0.3627990484375 0.0404855 0.3880232140625 0.041738046875000004 0.398224384375 0.24717239531250002 0.3730002171875 0.24591985 0.3627990484375
3 0.305809746875 0.382802184375 0.042971524999999997 0.415074659375 0.044290567187500005 0.42581739687500003 0.30712878906249996 0.3935449203125 0.305809746875 0.382802184375
3 0.20696823125 0.423057215625 0.045144284374999996 0.44292669843750004 0.046396225 0.45312294375000006 0.2082201734375 0.4332534609375 0.20696823125 0.423057215625
3 0.174798375 0.4819679375 0.05384397656249999 0.4968192703125 0.055038489062499994 0.5065477984375 0.1759928875 0.491696465625 0.174798375 0.4819679375
3 0.14825219218750002 0.8198396046875001 0.0931918296875 0.8266001671875 0.094450421875 0.8368505687500001 0.149510784375 0.8300900062500001 0.14825219218750002 0.8198396046875001
1 0.14375 0.3171875 0.1765625 0.3125 0.178125 0.328125 0.1734375 0.328125 0.16875 0.33125 0.1671875 0.3296875 0.146875 0.33125 0.1453125 0.31875
1 0.28125 0.3578125 0.3046875 0.353125 0.3078125 0.359375 0.3078125 0.36875 0.2875 0.3734375 0.28125 0.371875 0.2828125 0.36875 0.28125 0.359375
1 0.7453125 0.190625 0.775 0.1875 0.778125 0.1984375 0.7765625 0.2015625 0.746875 0.2046875 0.7453125 0.1921875
1 0.884375 0.1734375 0.8875 0.1828125 0.8859375 0.1875 0.865625 0.190625 0.85625 0.190625 0.853125 0.184375 0.853125 0.178125 0.8828125 0.1734375
1 0.375 0.7890625 0.378125 0.7984375 0.378125 0.809375 0.365625 0.815625 0.353125 0.8171875 0.3390625 0.8140625 0.3375 0.79375 0.3734375 0.7890625
1 0.3796875 0.81875 0.38125 0.8296875 0.3796875 0.8375 0.3546875 0.840625 0.3421875 0.8390625 0.340625 0.83125 0.3421875 0.821875 0.378125 0.81875
1 0.565625 0.77578125 0.04375 0.0296875
1 0.56875 0.803125 0.04375 0.0265625