5 0.961143790625 0.4980580359375 0.0360457515625 0.4980580359375 0.0360457515625 0.7252455359375001 0.961143790625 0.7252455359375001 0.961143790625 0.4980580359375
6 0.9529207515625 0.5038293656249999 0.0453145421875 0.5038293656249999 0.0453145421875 0.53240079375 0.9529207515625 0.53240079375 0.9529207515625 0.5038293656249999
0 0.935457515625 0.49603174531249994 0.939542484375 0.48759920625 0.938725490625 0.47867063437499996 0.9232026140625 0.4766865078125 0.16013071875 0.4766865078125 0.060457515625 0.47867063437499996 0.0588235296875 0.49305555625 0.062091503125 0.49553571406249997 0.5326797390625 0.49801587343750003 0.935457515625 0.49603174531249994
0 0.8031045750000001 0.14781746093749998 0.8047385625000001 0.137896825 0.8039215687500001 0.1324404765625 0.7205882359375 0.12946428593749998 0.37581699375 0.1289682546875 0.060457515625 0.1314484125 0.060457515625 0.14781746093749998 0.1078431375 0.1488095234375 0.741013071875 0.15029761875 0.8031045750000001 0.14781746093749998
0 0.2565359484375 0.18055555625 0.2549019609375 0.1612103171875 0.12336601250000001 0.16220238125 0.12254902031249999 0.1820436515625 0.1266339875 0.1835317453125 0.25 0.1835317453125 0.2565359484375 0.18055555625
2 0.9501838234375001 0.05909474218750001 0.796123365625 0.05909474218750001 0.796123365625 0.1601612109375 0.9501838234375001 0.1601612109375 0.9501838234375001 0.05909474218750001
3 0.12484477187500001 0.1628943453125 0.050465685937500004 0.1628943453125 0.050465685937500004 0.18186755937500002 0.12484477187500001 0.18186755937500002 0.12484477187500001 0.1628943453125
0 0.098039215625 0.8516865078125001 0.226216503125 0.8527782734375 0.2540849671875 0.8511904765624999 0.276143790625 0.8511904765624999 0.3064771234375 0.8513115078125001 0.3202614375 0.853174603125 0.591809640625 0.852830853125 0.5849673203125 0.85615079375 0.6037581703125 0.8511904765624999 0.9321895421875 0.8521825390625001 0.9403594765625 0.8492063484375001 0.9403594765625 0.8348214281249999 0.9305555562500001 0.8333333328125001 0.3594771234375 0.833829365625 0.28676470625 0.8318452375 0.060457515625 0.8333333328125001 0.058006535937500006 0.8492063484375001 0.060457515625 0.8516865078125001 0.0751633984375 0.853174603125 0.098039215625 0.8516865078125001
3 0.8939338234375 0.9200967265625 0.7501838234375 0.9200967265625 0.7501838234375 0.9318675593749999 0.8939338234375 0.9318675593749999 0.8939338234375 0.9200967265625
3 0.1938317 0.22374752031249998 0.052998365625 0.22374752031249998 0.052998365625 0.2352108140625 0.1938317 0.2352108140625 0.1938317 0.22374752031249998
3 0.1754656859375 0.2506498015625 0.0575571890625 0.2506498015625 0.0575571890625 0.2616716265625 0.1754656859375 0.2616716265625 0.1754656859375 0.2506498015625
3 0.190306371875 0.30520337343750004 0.057144607812500005 0.30520337343750004 0.057144607812500005 0.315709325 0.190306371875 0.315709325 0.190306371875 0.30520337343750004
3 0.2645343140625 0.3328571421875 0.0575571890625 0.3328571421875 0.0575571890625 0.3431349203125 0.2645343140625 0.3431349203125 0.2645343140625 0.3328571421875
3 0.3215400328125 0.3600099203125 0.056727940624999994 0.3600099203125 0.056727940624999994 0.3708333328125 0.3215400328125 0.3708333328125 0.3215400328125 0.3600099203125
3 0.2185294125 0.387919146875 0.055490195312500004 0.387919146875 0.055490195312500004 0.3981919640625 0.2185294125 0.3981919640625 0.2185294125 0.387919146875
3 0.17941993437499998 0.4424702375 0.0575571890625 0.4424702375 0.0575571890625 0.45227182499999996 0.17941993437499998 0.45227182499999996 0.17941993437499998 0.4424702375
3 0.111895425 0.77458829375 0.05642156875 0.77458829375 0.05642156875 0.7849156749999999 0.111895425 0.7849156749999999 0.111895425 0.77458829375
1 0.16875 0.2734375 0.2015625 0.2734375 0.2015625 0.2890625 0.19375 0.290625 0.16875 0.2890625 0.16875 0.275
1 0.3 0.33125 0.309375 0.3296875 0.325 0.33125 0.325 0.3453125 0.321875 0.346875 0.2984375 0.3453125 0.3 0.3328125
1 0.7796875 0.221875 0.8109375 0.221875 0.8125 0.234375 0.8109375 0.2359375 0.7796875 0.2359375 0.7796875 0.2234375
1 0.90546875 0.22890625 0.03359375 0.01640625
1 0.3015625 0.790625 0.3015625 0.771875 0.303125 0.7703125 0.3390625 0.7703125 0.3421875 0.78125 0.340625 0.790625 0.3375 0.79375 0.3140625 0.7953125 0.303125 0.790625
1 0.3015625 0.8 0.340625 0.8 0.340625 0.81875 0.303125 0.81875 0.3015625 0.8171875 0.3015625 0.8015625
1 0.55 0.7703125 0.55 0.790625 0.540625 0.79375 0.5234375 0.79375 0.5125 0.790625 0.5109375 0.7890625 0.5109375 0.771875 0.5125 0.7703125 0.5484375 0.7703125
1 0.546875 0.7984375 0.55 0.8 0.55 0.81875 0.5125 0.81875 0.5109375 0.8171875 0.5109375 0.8015625 0.5125 0.8 0.5453125 0.8