2 0.6853918953125 0.12242133125000002 0.6679828203125 0.321407965625 0.7874322968749999 0.331858440625 0.804841371875 0.13287180625 0.6853918953125 0.12242133125000002
3 0.7992101234375 0.7773825875 0.7873935421875 0.9124467296875001 0.7987094453125 0.91343674375 0.8105260265625001 0.7783726015625 0.7992101234375 0.7773825875
3 0.743224996875 0.7040869953125 0.7257845921875 0.9034317406250001 0.73605785 0.9043305343749999 0.7534982546875 0.7049857890625 0.743224996875 0.7040869953125
3 0.6018077703125 0.73210111875 0.597498403125 0.7813574109375 0.6098964796875 0.782442103125 0.614205846875 0.733185809375 0.6018077703125 0.73210111875
3 0.6145107046875 0.5941908140625001 0.6088121140625 0.6593259953125 0.6205776875 0.66035535 0.6262762765625001 0.5952201671874999 0.6145107046875 0.5941908140625001
3 0.6314757578125 0.37865233125 0.6223144359375 0.48336671875 0.6369460453125 0.48464681875000004 0.6461073671875 0.37993243125 0.6314757578125 0.37865233125
0 0.1654418328125 0.0659379625 0.13091705 0.4605580296875 0.226613015625 0.46893034218749996 0.261137796875 0.07431027500000001 0.1654418328125 0.0659379625
3 0.36999968125 0.38081422656249997 0.3511543875 0.5962169140625 0.36966997031250004 0.5978368171875 0.3885152640625 0.3824341296875 0.36999968125 0.38081422656249997
3 0.41489503125000005 0.30754060625 0.407778025 0.38888836875 0.4192075796875 0.389888325 0.4263245875 0.3085405625 0.41489503125000005 0.30754060625
4 0.8730352187499999 0.14661267656250002 0.8062108312499999 0.9104189171874999 0.8459054359374999 0.9138917453125 0.912729821875 0.15008550468749998 0.8730352187499999 0.14661267656250002
3 0.7006649828125 0.8542497140625 0.6964944671875 0.9019189328125 0.706560184375 0.9027995687500001 0.7107306999999999 0.8551303499999999 0.7006649828125 0.8542497140625
3 0.6765927734375 0.8341872671875 0.6707154562500001 0.9013652984375 0.6815026234375 0.902309053125 0.6873799390625 0.8351310218749999 0.6765927734375 0.8341872671875
3 0.650681053125 0.8303128624999999 0.644456253125 0.90146265 0.65473939375 0.9023623093750001 0.66096419375 0.8312125203124999 0.650681053125 0.8303128624999999
3 0.567659946875 0.8432529703125 0.5634823109375 0.8910035781250001 0.5732713078125 0.8918600046874999 0.57744894375 0.844109396875 0.567659946875 0.8432529703125
3 0.594304375 0.8330896156250001 0.58895113125 0.89427745625 0.59991125 0.8952363421875 0.6052644921875 0.8340485015624999 0.594304375 0.8330896156250001
3 0.51648910625 0.8058772187500001 0.5095152234375 0.8855890734375 0.5204951062500001 0.8865496890625 0.527468990625 0.806837834375 0.51648910625 0.8058772187500001
3 0.4900618625 0.7998705203124999 0.4827369359375 0.883594825 0.4943592078125 0.8846116421874999 0.5016841359375 0.8008873359375001 0.4900618625 0.7998705203124999
3 0.46902867812500004 0.7512469375 0.4575517484375 0.8824288515625 0.4677459421875 0.8833207281250001 0.47922287187499996 0.7521388140624999 0.46902867812500004 0.7512469375
4 0.45243976718749995 0.093819015625 0.3835525515625 0.8812034921875 0.4423606515625 0.8863485328125 0.5112478671875 0.09896405781249999 0.45243976718749995 0.093819015625
1 0.8109375 0.609375 0.8125 0.6109375 0.8109375 0.6390625 0.7984375 0.6375 0.8 0.6109375 0.809375 0.609375
1 0.815625 0.4359375 0.828125 0.4375 0.825 0.465625 0.8125 0.4640625 0.815625 0.4375
1 0.828125 0.3140625 0.8390625 0.315625 0.8359375 0.3453125 0.825 0.3421875 0.828125 0.315625
1 0.7765625 0.6484375 0.7890625 0.6515625 0.7875 0.6734375 0.784375 0.6796875 0.7796875 0.6796875 0.7734375 0.6765625 0.7765625 0.65
1 0.7890625 0.509375 0.8 0.509375 0.8015625 0.5125 0.7984375 0.5359375 0.7875 0.5375 0.7859375 0.53125 0.7890625 0.5109375
1 0.8015625 0.3609375 0.8109375 0.3609375 0.8140625 0.3640625 0.8125 0.3890625 0.8 0.390625 0.8015625 0.3625
1 0.609375 0.6796875 0.6203125 0.68125 0.6171875 0.7109375 0.60625 0.709375 0.609375 0.68125
1 0.6203125 0.5546875 0.621875 0.540625 0.6203125 0.53125 0.6234375 0.525 0.6328125 0.5265625 0.6328125 0.5421875 0.63125 0.55625 0.621875 0.5546875
1 0.6390625 0.3375 0.65 0.3375 0.6515625 0.340625 0.65 0.3640625 0.6375 0.365625 0.6359375 0.3640625 0.6390625 0.3390625
1 0.5578125 0.65625 0.56875 0.6578125 0.565625 0.6875 0.5546875 0.6859375 0.55625 0.68125 0.5546875 0.665625 0.5578125 0.6578125
1 0.5734375 0.4578125 0.5859375 0.4578125 0.584375 0.4859375 0.58125 0.4875 0.571875 0.4859375 0.5734375 0.459375
1 0.590625 0.2796875 0.6 0.2796875 0.603125 0.2828125 0.6015625 0.30625 0.5890625 0.3078125 0.590625 0.28125
1 0.5015625 0.6828125 0.5140625 0.684375 0.5140625 0.6984375 0.5109375 0.7125 0.5 0.7109375 0.5015625 0.684375
1 0.51875 0.5015625 0.528125 0.503125 0.5296875 0.5078125 0.5265625 0.53125 0.5171875 0.53125 0.5140625 0.528125 0.5171875 0.503125
1 0.5359375 0.296875 0.5484375 0.2984375 0.5453125 0.3265625 0.5328125 0.325 0.5359375 0.2984375
1 0.54375 0.190625 0.55625 0.1921875 0.5578125 0.196875 0.553125 0.2203125 0.5515625 0.221875 0.54375 0.2203125 0.540625 0.21875 0.54375 0.1921875