2 0.1702916375 0.155030771875 0.2015389109375 0.35231828906249996 0.3199684265625 0.333560896875 0.28872115468750004 0.1362733796875 0.1702916375 0.155030771875
3 0.209648690625 0.7993557 0.2308580859375 0.9332665499999999 0.24207736406249997 0.9314895906249999 0.22086796875 0.797578740625 0.209648690625 0.7993557
3 0.261418340625 0.7221695984375 0.2927218484375 0.91981216875 0.302907384375 0.9181989390625 0.2716038765625 0.72055636875 0.261418340625 0.7221695984375
3 0.402338571875 0.740584378125 0.41007338750000005 0.789420078125 0.4223655984375 0.7874731828125 0.414630784375 0.7386374828125 0.402338571875 0.740584378125
3 0.3806735484375 0.6037968046875 0.3909018578125 0.66837580625 0.402566965625 0.6665282343750001 0.3923386578125 0.6019492328125 0.3806735484375 0.6037968046875
3 0.345873053125 0.39041684375 0.3623165640625 0.494237090625 0.3768232375 0.49193946093749996 0.360379725 0.38811921250000003 0.345873053125 0.39041684375
0 0.7085857328125 0.0586850484375 0.77055371875 0.4499355140625 0.8654325500000001 0.4349081828125 0.8034645640625 0.043657718750000005 0.7085857328125 0.0586850484375
3 0.603012184375 0.3749437328125 0.636837303125 0.5885071296875 0.655194784375 0.5855995890625 0.621369665625 0.37203619374999997 0.603012184375 0.3749437328125
3 0.5601404078125001 0.3038676109375 0.5729146109375 0.38452075625000004 0.584246571875 0.3827259515625 0.5714723687500001 0.30207280625 0.5601404078125001 0.3038676109375
4 0.063866765625 0.17972845625 0.18380880156249998 0.9370126687500001 0.223164459375 0.9307793453125001 0.10322242343750002 0.1734951328125 0.063866765625 0.17972845625
3 0.31455527031249997 0.8689651015625 0.3220408640625 0.9162272796875 0.33202063125 0.9146466406249999 0.3245350375 0.8673844609374999 0.31455527031249997 0.8689651015625
3 0.3364540671875 0.8473856234375001 0.34700316875000004 0.91399003125 0.357698225 0.9122961015625 0.34714912343750004 0.8456916921875001 0.3364540671875 0.8473856234375001
3 0.36253212343749996 0.8416339984375 0.37370491875 0.9121762484374999 0.383900253125 0.9105614671875 0.3727274578125 0.840019215625 0.36253212343749996 0.8416339984375
3 0.446743575 0.8486737281250001 0.45424195 0.8960166015625 0.463947359375 0.894479415625 0.45644898593749994 0.8471365421874999 0.446743575 0.8486737281250001
3 0.418293971875 0.84057765625 0.427902421875 0.9012430234375 0.438768953125 0.8995219328124999 0.429160503125 0.838856565625 0.418293971875 0.84057765625
3 0.4940018484375 0.8080065328125 0.5065191609374999 0.8870377390625 0.5174052890625 0.8853135468750001 0.5048879765625001 0.8062823390625 0.4940018484375 0.8080065328125
3 0.51930880625 0.8002718703125 0.532456203125 0.8832812656250001 0.543979234375 0.8814561968750001 0.5308318375 0.7984468015624999 0.51930880625 0.8002718703125
3 0.5383148296875 0.7500752765625001 0.5589145906249999 0.8801370484375 0.5690217390625001 0.8785362328125 0.548421978125 0.7484744625 0.5383148296875 0.7500752765625001
4 0.46080467968749994 0.1007255734375 0.5844492531250001 0.8813866906250001 0.6427552000000001 0.8721519359375 0.5191106265625 0.09149081875000001 0.46080467968749994 0.1007255734375
1 0.20625 0.6296875 0.209375 0.63125 0.2109375 0.6375 0.2125 0.659375 0.2015625 0.6609375 0.2 0.6578125 0.196875 0.6328125 0.2046875 0.63125
1 0.16875 0.4609375 0.1734375 0.459375 0.1828125 0.4609375 0.1859375 0.4859375 0.1828125 0.4890625 0.175 0.4890625 0.171875 0.4796875 0.1703125 0.4625
1 0.15 0.340625 0.1609375 0.3390625 0.165625 0.3625 0.1640625 0.36875 0.1546875 0.36875 0.15 0.3421875
1 0.2359375 0.66875 0.240625 0.6953125 0.2390625 0.6984375 0.2296875 0.7 0.2265625 0.6953125 0.2234375 0.671875 0.234375 0.66875
1 0.2140625 0.5296875 0.2171875 0.5578125 0.209375 0.559375 0.2046875 0.5578125 0.2015625 0.5328125 0.2125 0.5296875
1 0.190625 0.3828125 0.1953125 0.4109375 0.1875 0.4140625 0.184375 0.4140625 0.18125 0.409375 0.178125 0.3859375 0.1890625 0.3828125
1 0.39375 0.6890625 0.4046875 0.6875 0.409375 0.7125 0.409375 0.7171875 0.3984375 0.71875 0.39375 0.690625
1 0.3703125 0.5359375 0.378125 0.534375 0.38125 0.5359375 0.384375 0.5546875 0.384375 0.5640625 0.3796875 0.565625 0.3734375 0.5640625 0.3703125 0.5375
1 0.3453125 0.378125 0.3421875 0.375 0.3390625 0.3515625 0.34375 0.3484375 0.3515625 0.3484375 0.3546875 0.3765625 0.346875 0.3765625
1 0.4546875 0.6609375 0.4578125 0.66875 0.459375 0.678125 0.4578125 0.6875 0.459375 0.6890625 0.45 0.6921875 0.446875 0.6890625 0.44375 0.6625 0.453125 0.6609375
1 0.4125 0.4640625 0.425 0.4640625 0.428125 0.48125 0.428125 0.4921875 0.41875 0.49375 0.415625 0.490625 0.4125 0.465625
1 0.3953125 0.2875 0.4 0.3140625 0.390625 0.3171875 0.3859375 0.3140625 0.3828125 0.290625 0.39375 0.2875
1 0.5 0.684375 0.509375 0.6828125 0.5125 0.684375 0.515625 0.7046875 0.515625 0.7109375 0.503125 0.7125 0.5 0.6859375
1 0.471875 0.50625 0.4765625 0.5046875 0.4859375 0.50625 0.4890625 0.5296875 0.4875 0.5328125 0.4765625 0.5328125 0.4765625 0.528125 0.4734375 0.525 0.475 0.5203125 0.471875 0.5109375 0.4734375 0.5078125
1 0.45 0.3 0.4546875 0.31875 0.4546875 0.3296875 0.4515625 0.33125 0.4421875 0.3296875 0.4390625 0.303125 0.4484375 0.3015625
1 0.4234375 0.196875 0.4359375 0.1953125 0.440625 0.2203125 0.440625 0.2234375 0.4375 0.225 0.4328125 0.2265625 0.428125 0.225 0.4234375 0.2109375 0.4234375 0.1984375