2 0.8922998359375001 0.228315971875 0.6925531046875 0.228315971875 0.6925531046875 0.3482217265625 0.8922998359375001 0.3482217265625 0.8922998359375001 0.228315971875
3 0.24975081718749997 0.1663938484375 0.1141707515625 0.1663938484375 0.1141707515625 0.1777529765625 0.24975081718749997 0.1777529765625 0.24975081718749997 0.1663938484375
3 0.317888071875 0.22960069375 0.1177818625 0.22960069375 0.1177818625 0.23991319375 0.317888071875 0.23991319375 0.317888071875 0.22960069375
3 0.277655228125 0.3659052578125 0.228210784375 0.3659052578125 0.228210784375 0.37835069374999997 0.277655228125 0.37835069374999997 0.277655228125 0.3659052578125
3 0.41614787656249996 0.3659052578125 0.3507638890625 0.3659052578125 0.3507638890625 0.37771577343749996 0.41614787656249996 0.37771577343749996 0.41614787656249996 0.3659052578125
3 0.6323447718749999 0.36491319375 0.5272303921875 0.36491319375 0.5272303921875 0.37960069375 0.6323447718749999 0.37960069375 0.6323447718749999 0.36491319375
0 0.903251634375 0.7750545640625 0.5071241828125 0.7750545640625 0.5071241828125 0.871116071875 0.903251634375 0.871116071875 0.903251634375 0.7750545640625
3 0.6074019609375 0.62130704375 0.39117647031249997 0.62130704375 0.39117647031249997 0.639893353125 0.6074019609375 0.639893353125 0.6074019609375 0.62130704375
3 0.684309640625 0.5900818453125 0.60265114375 0.5900818453125 0.60265114375 0.601555059375 0.684309640625 0.601555059375 0.684309640625 0.5900818453125
4 0.8845547390625 0.11933779687499999 0.11783088281250001 0.11933779687499999 0.11783088281250001 0.15918402812500002 0.8845547390625 0.15918402812500002 0.8845547390625 0.11933779687499999
3 0.16458741875 0.25911954375 0.1167361109375 0.25911954375 0.1167361109375 0.2692237109375 0.16458741875 0.2692237109375 0.16458741875 0.25911954375
3 0.182475490625 0.2841245046875 0.11504085 0.2841245046875 0.11504085 0.2949528765625 0.182475490625 0.2949528765625 0.182475490625 0.2841245046875
3 0.184076796875 0.31078125 0.11265522812499999 0.31078125 0.11265522812499999 0.3211036703125 0.184076796875 0.3211036703125 0.184076796875 0.31078125
3 0.16395016406250001 0.3928546625 0.11601715625 0.3928546625 0.11601715625 0.4026810515625 0.16395016406250001 0.4026810515625 0.16395016406250001 0.3928546625
3 0.176397059375 0.36602182499999997 0.11497549062500001 0.36602182499999997 0.11497549062500001 0.377023809375 0.176397059375 0.377023809375 0.176397059375 0.36602182499999997
3 0.19672385625 0.4458928578125 0.116707515625 0.4458928578125 0.116707515625 0.4569146828125 0.19672385625 0.4569146828125 0.19672385625 0.4458928578125
3 0.20040441250000002 0.47209821406249997 0.11636029375000001 0.47209821406249997 0.11636029375000001 0.48376488125000006 0.20040441250000002 0.48376488125000006 0.20040441250000002 0.47209821406249997
3 0.2470098046875 0.49872271875 0.115326796875 0.49872271875 0.115326796875 0.508955853125 0.2470098046875 0.508955853125 0.2470098046875 0.49872271875
4 0.9004901953125 0.5237475203125 0.1100980390625 0.5237475203125 0.1100980390625 0.5827802578125 0.9004901953125 0.5827802578125 0.9004901953125 0.5237475203125
1 0.3875 0.1796875 0.415625 0.1796875 0.4171875 0.18125 0.415625 0.1921875 0.3890625 0.1921875 0.3875 0.18125
1 0.590625 0.1796875 0.590625 0.1921875 0.5625 0.1921875 0.5609375 0.1890625 0.5625 0.1796875 0.5890625 0.1796875
1 0.6828125 0.1796875 0.7125 0.1796875 0.7125 0.190625 0.684375 0.190625 0.6828125 0.18125
1 0.36015625 0.20625 0.03125 0.0140625
1 0.5140625 0.2 0.515625 0.2125 0.4875 0.2125 0.4890625 0.2 0.5125 0.2
1 0.64921875 0.20625 0.03125 0.0140625
1 0.3 0.365625 0.3296875 0.365625 0.3296875 0.3765625 0.3 0.3765625 0.3 0.3671875
1 0.4546875 0.365625 0.484375 0.365625 0.484375 0.3765625 0.478125 0.378125 0.4546875 0.3765625 0.4546875 0.3671875
1 0.671875 0.3640625 0.6734375 0.3765625 0.6453125 0.3765625 0.646875 0.3640625 0.6703125 0.3640625
1 0.31875 0.41875 0.3484375 0.41875 0.3484375 0.4296875 0.3453125 0.43125 0.31875 0.4296875 0.31875 0.4203125
1 0.5484375 0.41875 0.546875 0.43125 0.51875 0.4296875 0.5203125 0.41875 0.546875 0.41875
1 0.725 0.4171875 0.7265625 0.4296875 0.6984375 0.4296875 0.7 0.4171875 0.7234375 0.4171875
1 0.2890625 0.4703125 0.3171875 0.4703125 0.3171875 0.4828125 0.2890625 0.4828125 0.2890625 0.471875
1 0.4828125 0.4703125 0.4984375 0.471875 0.496875 0.484375 0.471875 0.484375 0.4703125 0.471875 0.48125 0.4703125
1 0.7046875 0.4703125 0.7046875 0.4828125 0.6765625 0.4828125 0.675 0.48125 0.6765625 0.4703125 0.703125 0.4703125
1 0.796875 0.47734375 0.03125 0.0140625