2 0.8549359265625001 0.07805482968750001 0.6880831140625 0.11965590781249999 0.724809728125 0.266958315625 0.891662540625 0.2253572375 0.8549359265625001 0.07805482968750001
3 0.2699770390625 0.23753236718749998 0.14012071406249998 0.2699091859375 0.1441084546875 0.2859031390625 0.2739647796875 0.2535263203125 0.2699770390625 0.23753236718749998
5 1 0.702139403125 0.9680858625000001 0.5741387875 0.14020322968750001 0.7805531109375 0.17958579218749998 0.93850794375 1 0.7339557078125 1 0.702139403125
6 0.9534875515625 0.5845484640625 0.1595494140625 0.7824994734375 0.16664670625 0.81096515625 0.9605848421875001 0.613014146875 0.9534875515625 0.5845484640625
3 0.3615454609375 0.7368208109375 0.16572646562499999 0.7856439703125 0.200049134375 0.9233046765624999 0.3958681296875 0.8744815171875 0.3615454609375 0.7368208109375
7 0.3939530484375 0.697506721875 0.2535296953125 0.7325181953125 0.25765641875 0.7490695796875 0.398079771875 0.7140581046875 0.3939530484375 0.697506721875
0 0.9192964234375 0.467610375 0.12819624375 0.664853803125 0.1507343828125 0.7552493453125 0.9418345640625001 0.5580059171875 0.9192964234375 0.467610375
3 0.28096802187500003 0.634639515625 0.2837462171875 0.642405153125 0.295637096875 0.6394404234375 0.291913446875 0.631259875 0.28096802187500003 0.634639515625
3 0.285091690625 0.6511786484375001 0.2880226140625 0.65955684375 0.29881531093749997 0.6555646421875 0.29618984375 0.6484115671875 0.285091690625 0.6511786484375001
3 0.428327671875 0.607658228125 0.43104038906250003 0.6050299515625001 0.4274694671875 0.5974619624999999 0.41652404374999996 0.6008416046875 0.4193022375 0.6086072406249999 0.428327671875 0.607658228125
3 0.4316586171875 0.6243950078125 0.43437133125000005 0.6217667312499999 0.43348404374999994 0.6148309171874999 0.420800440625 0.6179932953125 0.423578634375 0.6257589328125001 0.4316586171875 0.6243950078125
3 0.4007542921875 0.6015885609375 0.2965743375 0.6275635421875 0.2998656375 0.64076421875 0.4040455921875 0.6147892390624999 0.4007542921875 0.6015885609375
3 0.3719279359375 0.6264764375 0.30003568125 0.644401190625 0.3028978140625 0.655880571875 0.37479006875 0.6379558203125 0.3719279359375 0.6264764375
3 0.600398040625 0.5507642546875 0.4290504734375 0.5934860015625001 0.4322928984375 0.606490659375 0.6036404656250001 0.5637689124999999 0.600398040625 0.5507642546875
3 0.5639853765625 0.5780673765625 0.43599988125 0.60997774375 0.439385871875 0.6235582078124999 0.567371365625 0.5916478390625 0.5639853765625 0.5780673765625
3 0.7531389640625 0.5137226890625 0.6557209562499999 0.5380117265625 0.6589053453125 0.5507836109375 0.756323353125 0.5264945734375 0.7531389640625 0.5137226890625
3 0.8959840937499999 0.47810739843750005 0.7895527999999999 0.5046437 0.7927035874999999 0.517280821875 0.89913488125 0.49074451874999997 0.8959840937499999 0.47810739843750005
3 0.8632279625000001 0.50293730625 0.660932403125 0.5533752546875 0.6647215953125001 0.5685728796875 0.86701715625 0.51813493125 0.8632279625000001 0.50293730625
3 0.6547416421875 0.5499056046875 0.6538543546875 0.5429697921875001 0.6508652640625 0.5411124953125 0.64086529375 0.5449070484375 0.6437962171875 0.55328524375 0.6547416421875 0.5499056046875
3 0.7756285890625 0.511306784375 0.7785595125 0.51968498125 0.789352209375 0.5156927812500001 0.7857812875 0.5081247921875 0.7756285890625 0.511306784375
3 0.645141690625 0.5620587390625 0.6477671578125 0.5692118171875 0.65871258125 0.5658321749999999 0.65623984375 0.559291659375 0.645141690625 0.5620587390625
5 1 0.741093228125 0.18886742343750001 0.94333129375 0.2023136375 0.9972611140625001 1 0.798375565625 1 0.741093228125
6 0.9933314703124999 0.7474437390625 0.2026514359375 0.9445824140625 0.2088476296875 0.969433990625 0.9995276656250001 0.772295315625 0.9933314703124999 0.7474437390625
3 0.6188356359375 0.8480576609374999 0.20815638593750002 0.9504514984375 0.2168451078125 0.9853000625 0.627524359375 0.8829062249999999 0.6188356359375 0.8480576609374999
3 0.1989624640625 0.408008540625 0.09065241093750001 0.43501327031250003 0.093934546875 0.44817719531250005 0.2022446 0.42117246562500005 0.1989624640625 0.408008540625
3 0.5967097859375 0.3092163671875 0.46464175625 0.3421446265625 0.4679544375 0.3554310609375 0.6000224656250001 0.322502803125 0.5967097859375 0.3092163671875
3 0.48515316875 0.2956596171875 0.4421002578125 0.3063939140625 0.44590625156249997 0.3216589203125 0.48895916250000004 0.3109246234375 0.48515316875 0.2956596171875
3 0.1540025859375 0.36243044687500003 0.076402709375 0.38177826875 0.07984368124999999 0.3955792546875 0.1574435578125 0.3762314328125 0.1540025859375 0.36243044687500003
3 0.1911979171875 0.28170008125 0.059169525 0.31461845624999996 0.0622363125 0.32691866875 0.19426470468749998 0.29400029375000003 0.1911979171875 0.28170008125
3 0.11355615937500001 0.3194877203125 0.06533468125 0.33151068437500003 0.067868446875 0.3416730625 0.116089925 0.329650096875 0.11355615937500001 0.3194877203125
3 0.1555557375 0.32894515 0.0700127546875 0.3502734109375 0.07282143125 0.3615383984375 0.1583644140625 0.3402101375 0.1555557375 0.32894515
3 0.18349567656250002 0.2215624296875 0.055605309375 0.2534490796875 0.058488823437500004 0.2650142203125 0.186379190625 0.23312757031250003 0.18349567656250002 0.2215624296875
3 0.28921289843750003 0.194830046875 0.207649396875 0.2151661125 0.2101037421875 0.2250099578125 0.2916672453125 0.20467389374999997 0.28921289843750003 0.194830046875
3 0.6329438 0.059861853124999996 0.17958422031250001 0.1728970921875 0.1842745109375 0.1917088234375 0.6376340921875 0.07867358437500001 0.6329438 0.059861853124999996
3 0.2035587546875 0.48621785468749995 0.1056175484375 0.510637340625 0.1090203390625 0.5242851875000001 0.2069615453125 0.49986570312499995 0.2035587546875 0.48621785468749995
3 0.1902097859375 0.526021 0.11692233593750001 0.5442936140625 0.11990665 0.5562630453125 0.19319409999999998 0.53799043125 0.1902097859375 0.526021
3 0.17464845 0.5472079 0.1186979 0.5611579390625 0.1216150140625 0.57285784375 0.1775655625 0.5589078046875 0.17464845 0.5472079