2 0.9464705875 0.1764551765625 0.7745098046875001 0.1764551765625 0.7745098046875001 0.3282670453125 0.9464705875 0.3282670453125 0.9464705875 0.1764551765625
3 0.340306371875 0.18968118750000001 0.20647467343749998 0.18968118750000001 0.20647467343749998 0.2061647734375 0.340306371875 0.2061647734375 0.340306371875 0.18968118750000001
5 0.936245915625 0.6851767671875 0.083018790625 0.6851767671875 0.083018790625 0.8479671718749999 0.936245915625 0.8479671718749999 0.936245915625 0.6851767671875
6 0.9195629078125 0.69174558125 0.10131944374999999 0.69174558125 0.10131944374999999 0.7210827015625 0.9195629078125 0.7210827015625 0.9195629078125 0.69174558125
3 0.3083660125 0.6962910359375 0.10655228750000001 0.6962910359375 0.10655228750000001 0.8381660359374999 0.3083660125 0.8381660359374999 0.3083660125 0.6962910359375
7 0.3493218953125 0.6659848484374999 0.20459967343750002 0.6659848484374999 0.20459967343750002 0.6830429296875 0.3493218953125 0.6830429296875 0.3493218953125 0.6659848484374999
0 0.9146772875 0.5700094703125 0.099358659375 0.5700094703125 0.099358659375 0.6631723484375 0.9146772875 0.6631723484375 0.9146772875 0.5700094703125
3 0.2549019609375 0.5776515156250001 0.2557189546875 0.5858585859375001 0.26797385625 0.5858585859375001 0.26633986875 0.5770202015625 0.2549019609375 0.5776515156250001
3 0.2549019609375 0.5946969703125 0.2557189546875 0.6035353531250001 0.2671568625 0.6022727265625 0.26633986875 0.5946969703125 0.2549019609375 0.5946969703125
3 0.4060457515625 0.5770202015625 0.39460784375 0.5776515156250001 0.3954248359375 0.5858585859375001 0.4044117640625 0.5871212124999999 0.4076797390625 0.5852272734375 0.4060457515625 0.5770202015625
3 0.4076797390625 0.5953282828125 0.39460784375 0.5953282828125 0.3954248359375 0.6035353531250001 0.40359477187500004 0.6041666671875 0.4068627453125 0.6022727265625 0.4076797390625 0.5953282828125
3 0.3791258171875 0.5745612375 0.2717565359375 0.5745612375 0.2717565359375 0.5881660359375 0.3791258171875 0.5881660359375 0.3791258171875 0.5745612375
3 0.3451348046875 0.5917361109375 0.2710416671875 0.5917361109375 0.2710416671875 0.60356691875 0.3451348046875 0.60356691875 0.3451348046875 0.5917361109375
3 0.5851348046875 0.5735448234375 0.40854166718749996 0.5735448234375 0.40854166718749996 0.5869476015624999 0.5851348046875 0.5869476015624999 0.5851348046875 0.5735448234375
3 0.5431985296875 0.5912279046875 0.41129493437500003 0.5912279046875 0.41129493437500003 0.605224115625 0.5431985296875 0.605224115625 0.5431985296875 0.5912279046875
3 0.7422998359374999 0.5745549249999999 0.6418995093750001 0.5745549249999999 0.6418995093750001 0.587717803125 0.7422998359374999 0.587717803125 0.7422998359374999 0.5745549249999999
3 0.8895179734375 0.5745549249999999 0.77982843125 0.5745549249999999 0.77982843125 0.5875789140625 0.8895179734375 0.5875789140625 0.8895179734375 0.5745549249999999
3 0.8517279406249999 0.5907228531250001 0.6432393796875 0.5907228531250001 0.6432393796875 0.6063857328125 0.8517279406249999 0.6063857328125 0.8517279406249999 0.5907228531250001
3 0.6364379078125 0.5763888890625 0.62581699375 0.5776515156250001 0.6266339875 0.5864898984375 0.6380718953125 0.5858585859375001 0.6388888890625 0.5789141421874999 0.6364379078125 0.5763888890625
3 0.7647058828125 0.5776515156250001 0.7655228765625 0.5864898984375 0.776960784375 0.5852272734375 0.7753267968750001 0.5770202015625 0.7647058828125 0.5776515156250001
3 0.62581699375 0.5953282828125 0.6266339875 0.602904040625 0.6380718953125 0.6022727265625 0.6372549015625 0.5953282828125 0.62581699375 0.5953282828125
5 0.932393790625 0.8548926765625 0.09085784375 0.8548926765625 0.09085784375 0.910473484375 0.932393790625 0.910473484375 0.932393790625 0.8548926765625
6 0.918815359375 0.8594412874999999 0.1039297390625 0.8594412874999999 0.1039297390625 0.8850536609375 0.918815359375 0.8850536609375 0.918815359375 0.8594412874999999
3 0.5311029406250001 0.866467803125 0.1078513078125 0.866467803125 0.1078513078125 0.9023832078125 0.5311029406250001 0.9023832078125 0.5311029406250001 0.866467803125
3 0.2301593140625 0.337913509375 0.118533496875 0.337913509375 0.118533496875 0.3514804296875 0.2301593140625 0.3514804296875 0.2301593140625 0.337913509375
3 0.6399918296875 0.33827967187499997 0.50388071875 0.33827967187499997 0.50388071875 0.35197285312500004 0.6399918296875 0.35197285312500004 0.6399918296875 0.33827967187499997
3 0.5350285953125 0.2981376265625 0.4906576796875 0.2981376265625 0.4906576796875 0.31386995 0.5350285953125 0.31386995 0.5350285953125 0.2981376265625
3 0.197561275 0.2828125 0.117585784375 0.2828125 0.117585784375 0.297035984375 0.197561275 0.297035984375 0.197561275 0.2828125
3 0.2531821890625 0.2134785359375 0.117111928125 0.2134785359375 0.117111928125 0.226155303125 0.2531821890625 0.226155303125 0.2531821890625 0.2134785359375
3 0.168705065625 0.2313604796875 0.11900735312499999 0.2313604796875 0.11900735312499999 0.24183396406250002 0.168705065625 0.24183396406250002 0.168705065625 0.2313604796875
3 0.2071691171875 0.2506976015625 0.11900735312499999 0.2506976015625 0.11900735312499999 0.26230745 0.2071691171875 0.26230745 0.2071691171875 0.2506976015625
3 0.260257353125 0.1532638890625 0.128451796875 0.1532638890625 0.128451796875 0.16518308125 0.260257353125 0.16518308125 0.260257353125 0.1532638890625
3 0.3693014703125 0.152900884375 0.2852410125 0.152900884375 0.2852410125 0.1630460859375 0.3693014703125 0.1630460859375 0.3693014703125 0.152900884375
3 0.73547385625 0.105097853125 0.26823529375 0.105097853125 0.26823529375 0.12448547968749998 0.73547385625 0.12448547968749998 0.73547385625 0.105097853125
3 0.21569852968749997 0.414911615625 0.11475898749999999 0.414911615625 0.11475898749999999 0.42897727343750003 0.21569852968749997 0.42897727343750003 0.21569852968749997 0.414911615625
3 0.1931168296875 0.4503030296875 0.117585784375 0.4503030296875 0.117585784375 0.4626388890625 0.1931168296875 0.4626388890625 0.1931168296875 0.4503030296875
3 0.17289215625 0.46709595937500004 0.1152287578125 0.46709595937500004 0.1152287578125 0.479154040625 0.17289215625 0.479154040625 0.17289215625 0.46709595937500004