2 0.3518688640625 0.9548465234375 0.34286913281250003 0.78312140625 0.1912653171875 0.7910666265625 0.2002650484375 0.9627917421875001 0.3518688640625 0.9548465234375
3 0.1982097453125 0.3559033734375 0.1912055359375 0.2222550875 0.174744540625 0.223117771875 0.18174875 0.3567660578125 0.1982097453125 0.3559033734375
5 0.8703216421875 0.9174368609375 0.8256671843750001 0.06537905468750001 0.6630998781249999 0.0738988453125 0.7077543359375 0.925956653125 0.8703216421875 0.9174368609375
6 0.742737940625 0.9074173375000001 0.6999143875 0.090295246875 0.670617471875 0.09183063281250001 0.7134410265625 0.9089527234375 0.742737940625 0.9074173375000001
3 0.82767324375 0.290930396875 0.8171111281250001 0.0893932515625 0.6754305640625 0.096818415625 0.6859926781250001 0.29835556093750004 0.82767324375 0.290930396875
7 0.6749061937499999 0.3399486671875 0.6673320171875 0.1954247828125 0.6502973140625 0.1963175328125 0.6578714890625 0.34084141875 0.6749061937499999 0.3399486671875
0 0.684651259375 0.90556920625 0.641980778125 0.09136794375 0.5489455765625 0.0962437125 0.5916160578125 0.9104449734375001 0.684651259375 0.90556920625
3 0.564685821875 0.262629165625 0.5735976093749999 0.2637983484375 0.5729562375 0.2515602421875 0.56471765625 0.2511738921875 0.564685821875 0.262629165625
3 0.582338365625 0.26170403593749997 0.589946496875 0.262123425 0.5906087796875 0.2506351109375 0.5817397515625 0.250281803125 0.582338365625 0.26170403593749997
3 0.572029296875 0.39068831406250004 0.5719974624999999 0.4021435859375 0.580278803125 0.40334580937500003 0.5819991140624999 0.3999831921875 0.580267878125 0.3910746609375 0.572029296875 0.39068831406250004
3 0.5896818390624999 0.3897631828125 0.5903659703125 0.40281716406249995 0.5972581375 0.4016378453125 0.5989784499999999 0.3982752296875 0.5979204203124999 0.39014953124999996 0.5896818390624999 0.3897631828125
3 0.5817191421875 0.3746772171875 0.5760998671875 0.26745508125 0.5625137140625001 0.2681671015625 0.5681329875000001 0.3753892375 0.5817191421875 0.3746772171875
3 0.595319965625 0.33992676875 0.5914422312500001 0.2659351734375 0.5796276359375 0.26655435 0.5835053718750001 0.34054594531250004 0.595319965625 0.33992676875
3 0.5912840546875 0.58046764375 0.5820418828125 0.40411652187499997 0.5686574734375001 0.40481796875000003 0.57789964375 0.5811690921875 0.5912840546875 0.58046764375
3 0.6073407453125 0.5376323234375 0.6004374453125 0.405909496875 0.5864604156250001 0.40664200156249997 0.593363715625 0.538364828125 0.6073407453125 0.5376323234375
3 0.6002785828125 0.7373769765625 0.5950240359375 0.6371142453124999 0.581879196875 0.6378031375 0.58713374375 0.73806586875 0.6002785828125 0.7373769765625
3 0.6078446859375 0.8844006265625 0.6021039781249999 0.7748614093749999 0.5890978390625 0.7755430328124999 0.5948385453125 0.88508225 0.6078446859375 0.8844006265625
3 0.624647953125 0.8456781109374999 0.6137365046875 0.6374752765625 0.598095090625 0.6382950078125 0.6090065390625 0.8464978421874999 0.624647953125 0.8456781109374999
3 0.58412985 0.6215805999999999 0.5834248093750001 0.6322530390625001 0.5860748765625 0.6345685 0.59296704375 0.63338918125 0.592998878125 0.6219339078125 0.58412985 0.6215805999999999
3 0.5913241390625 0.7709185453125 0.5996054796875 0.77212076875 0.6002677609375 0.7606324546875001 0.5913987328125 0.760279146875 0.5913241390625 0.7709185453125
3 0.6023810046875 0.6320777015625 0.6093586906249999 0.63253013125 0.609390525 0.621074859375 0.601782390625 0.62065546875 0.6023810046875 0.6320777015625
5 0.9325406875000001 0.9103186875 0.8884980984374999 0.0699360359375 0.8329934625 0.0728449109375 0.8770360515625001 0.9132275625 0.9325406875000001 0.9103186875
6 0.9064450609374999 0.8980892359375 0.8637972421875 0.08432038750000001 0.8382199703125 0.0856608359375 0.8808677875 0.899429684375 0.9064450609374999 0.8980892359375
3 0.9034595578125 0.5100012046875 0.8813082781249999 0.0873296234375 0.8454420953125 0.089209290625 0.8675933734375001 0.5118808718750001 0.9034595578125 0.5100012046875
3 0.3375616 0.23830203437500003 0.33171955625 0.126829196875 0.3181712296875 0.127539234375 0.32401327343749997 0.2390120734375 0.3375616 0.23830203437500003
3 0.359502325 0.64754711875 0.3523788203125 0.5116225421875 0.33870440468749996 0.5123391890625 0.3458279109375 0.6482637640625 0.359502325 0.64754711875
3 0.3159582890625 0.544721884375 0.31363609531250003 0.5004117765625 0.2979253328125 0.50123514375 0.3002475265625 0.54554525 0.3159582890625 0.544721884375
3 0.28148572031249997 0.208598071875 0.2773001265625 0.1287321859375 0.263096134375 0.1294765859375 0.267281728125 0.20934247187500002 0.28148572031249997 0.208598071875
3 0.2136131515625 0.26785236874999996 0.206491784375 0.1319685875 0.193832390625 0.13263203750000002 0.20095375781249997 0.26851581874999997 0.2136131515625 0.26785236874999996
3 0.224849134375 0.1826704609375 0.2222481578125 0.13304085625 0.21178902656249998 0.133588996875 0.21439000312499998 0.1832186 0.224849134375 0.1826704609375
3 0.24730761562499998 0.2200102984375 0.242693584375 0.13196935781250002 0.231099646875 0.1325769703125 0.235713678125 0.2206179109375 0.24730761562499998 0.2200102984375
3 0.153094775 0.278108875 0.14619660625 0.1464839546875 0.1342937484375 0.14710775625 0.14119191874999998 0.278732678125 0.153094775 0.278108875
3 0.15666763749999998 0.38711539375 0.152268253125 0.3031701375 0.1421369546875 0.303701096875 0.14653633906250002 0.3876463515625 0.15666763749999998 0.38711539375
3 0.137323859375 0.754804059375 0.11287048125000002 0.28820583125 0.09350942500000001 0.2892205 0.11796280156250001 0.7558187296875001 0.137323859375 0.754804059375
3 0.41419541875 0.21980519687500003 0.4089126515625 0.11900398906250001 0.39486626875 0.11974012812499998 0.4001490375 0.2205413375 0.41419541875 0.21980519687500003
3 0.4466290671875 0.19549273125 0.442676078125 0.12006520000000001 0.4303571234375 0.12071080781250002 0.43431011406250003 0.196138340625 0.4466290671875 0.19549273125
3 0.46206310781250004 0.1744314390625 0.4590452390625 0.1168470671875 0.4470036828125 0.1174781375 0.4500215515625 0.1750625109375 0.46206310781250004 0.1744314390625