2 0.599379934375 0.9819841703125001 0.63278259375 0.8373013609375001 0.5025651703125 0.8072383000000001 0.46916251249999996 0.951921109375 0.599379934375 0.9819841703125001
3 0.5607623140625 0.2297653265625 0.57195105625 0.181301559375 0.5583935328125 0.1781715578125 0.547204790625 0.226635325 0.5607623140625 0.2297653265625
3 0.536716921875 0.326676721875 0.551033659375 0.26466411875 0.5393092328125 0.26195732031249996 0.52499249375 0.323969925 0.536716921875 0.326676721875
7 0.3114634703125 0.206256784375 0.3534083875 0.0245733859375 0.3346776 0.0202490421875 0.2927326828125 0.2019324421875 0.3114634703125 0.206256784375
6 0.1309240328125 0.8648314812500001 0.3282560953125 0.010092407812499999 0.28792185 0.0007805140625 0.09058978749999999 0.8555195859375001 0.1309240328125 0.8648314812500001
3 0.18224823750000002 0 0.15750643749999998 0.10716851093749999 0.2956898265625 0.1390706609375 0.3246577890625 0.013596634375 0.265764296875 0 0.18224823750000002 0
4 0.730590971875 0.9507444953125 0.9057513890625 0.19204137500000001 0.8884723125 0.1880521859375 0.7133118953124999 0.94675530625 0.730590971875 0.9507444953125
4 0.7482571140625 0.7872101453125 0.88704676875 0.1860461046875 0.8720990453124999 0.18259514999999998 0.733309390625 0.7837591921875 0.7482571140625 0.7872101453125
4 0.663587478125 0.99680765 0.85168441875 0.1820702890625 0.8207740046875 0.1749340578125 0.6326770640625 0.9896714187500001 0.663587478125 0.99680765
4 0.7842241984375 0.5472261859375 0.869145059375 0.179393525 0.8568670140625001 0.17655891562499998 0.771946153125 0.544391575 0.7842241984375 0.5472261859375
4 0.6965212000000001 0.7082208078125001 0.8200641718749999 0.17309740468749998 0.7972119953125001 0.1678215625 0.6736690234375 0.7029449671875 0.6965212000000001 0.7082208078125001
3 0.6482231703125 0.3673449796875 0.706111309375 0.1166038984375 0.6901424671874999 0.11291720000000001 0.6322543265625 0.36365828125 0.6482231703125 0.3673449796875
3 0.670576171875 0.17370108125 0.6825845890625 0.12168691406250001 0.6705279890625 0.11890342812500002 0.658519571875 0.1709175953125 0.670576171875 0.17370108125
3 0.5756313109375 0.1615999765625 0.589554753125 0.101290928125 0.5768584171875 0.0983597484375 0.562934975 0.158668796875 0.5756313109375 0.1615999765625
3 0.5384824781249999 0.20207059843750003 0.56411109375 0.0910608734375 0.5510026156250001 0.0880345421875 0.5253740015624999 0.19904426875 0.5384824781249999 0.20207059843750003
3 0.5042628296875 0.2189224125 0.535077815625 0.085448040625 0.521883221875 0.0824018296875 0.49106823593750004 0.2158762 0.5042628296875 0.2189224125
3 0.477233009375 0.213738575 0.5089963187500001 0.0761565671875 0.49446688749999995 0.072802184375 0.462703578125 0.21038419218749999 0.477233009375 0.213738575
3 0.41790555312500005 0.13312655625 0.43464455781250005 0.0606219609375 0.41930315 0.0570801171875 0.4025641453125 0.1295847125 0.41790555312500005 0.13312655625
3 0.43592065937499996 0.13356280468749998 0.452082584375 0.06355781875 0.43939855000000005 0.060629478125000004 0.42323662500000003 0.1306344640625 0.43592065937499996 0.13356280468749998
1 0.15625 0.128125 0.175 0.1296875 0.184375 0.134375 0.1796875 0.153125 0.18125 0.1578125 0.1765625 0.1671875 0.1765625 0.1734375 0.1703125 0.175 0.14375 0.1671875 0.15 0.134375 0.15625 0.1296875
1 0.384375 0.4125 0.39375 0.4171875 0.396875 0.415625 0.3953125 0.4328125 0.3890625 0.45 0.38125 0.446875 0.375 0.4484375 0.371875 0.4453125 0.378125 0.41875 0.3796875 0.4140625 0.3828125 0.4125
1 0.33125 0.64375 0.34375 0.646875 0.34375 0.65625 0.3390625 0.6765625 0.3359375 0.68125 0.321875 0.678125 0.31875 0.675 0.325 0.6484375 0.3296875 0.64375
1 0.49375 0.375 0.4984375 0.3765625 0.4984375 0.38125 0.4921875 0.4046875 0.4765625 0.4 0.48125 0.375 0.4828125 0.3734375 0.4921875 0.375
1 0.0125 0.7578125 0.0203125 0.7625 0.025 0.7625 0.0265625 0.765625 0.03125 0.7640625 0.0359375 0.765625 0.0359375 0.7734375 0.0328125 0.78125 0.034375 0.7875 0.0296875 0.803125 0.03125 0.8078125 0.0234375 0.8234375 0.025 0.828125 0.0203125 0.840625 0.009375 0.8375 0.0078125 0.8390625 0 0.8375 0 0.784375 0.0046875 0.7640625 0.0109375 0.759375
1 0.5015625 0.3015625 0.5140625 0.30625 0.509375 0.334375 0.49375 0.33125 0.4921875 0.328125 0.4953125 0.31875 0.49375 0.3125 0.5 0.303125
1 0.13125 0.3203125 0.153125 0.3265625 0.1453125 0.3234375 0.140625 0.325 0.1359375 0.3421875 0.1375 0.346875 0.13125 0.35625 0.128125 0.3703125 0.1234375 0.36875 0.1203125 0.3703125 0.109375 0.3671875 0.10625 0.3640625 0.1 0.3640625 0.0984375 0.3578125 0.103125 0.34375 0.1015625 0.3375 0.10625 0.3296875 0.1078125 0.3171875 0.11875 0.315625 0.121875 0.31875 0.1296875 0.3203125
1 0.5203125 0.2046875 0.528125 0.20625 0.53125 0.2046875 0.5375 0.2078125 0.53125 0.2359375 0.515625 0.23125 0.5171875 0.2125 0.5203125 0.20625
1 0.5203125 0.2046875 0.5328125 0.2046875 0.5375 0.2078125 0.5265625 0.259375 0.521875 0.2640625 0.509375 0.259375 0.5109375 0.240625 0.5140625 0.2375 0.5171875 0.2234375 0.515625 0.2140625 0.5203125 0.209375 0.5203125 0.20625
1 0.303125 0.746875 0.3203125 0.7515625 0.315625 0.778125 0.3125 0.7828125 0.309375 0.7828125 0.296875 0.7796875 0.2953125 0.7765625 0.303125 0.7484375
1 0.315625 0.7125 0.328125 0.715625 0.325 0.7375 0.3203125 0.7484375 0.30625 0.746875 0.303125 0.74375 0.309375 0.715625 0.3140625 0.7125
1 0.296875 0.815625 0.3046875 0.81875 0.3046875 0.825 0.296875 0.8578125 0.29375 0.8609375 0.2765625 0.8578125 0.2859375 0.8171875 0.2890625 0.8140625 0.2953125 0.815625
1 0.36875 0.4734375 0.3671875 0.465625 0.3703125 0.4515625 0.3734375 0.446875 0.3828125 0.4515625 0.3875 0.45 0.390625 0.453125 0.3859375 0.4734375 0.3828125 0.4765625 0.3703125 0.4734375
1 0.371875 0.4734375 0.384375 0.478125 0.378125 0.50625 0.375 0.5109375 0.3578125 0.50625 0.365625 0.475 0.3703125 0.4734375
1 0.4515625 0.1390625 0.4609375 0.140625 0.4578125 0.1609375 0.4546875 0.1625 0.440625 0.159375 0.44375 0.140625 0.45 0.1390625
1 0.515625 0.35 0.5140625 0.34375 0.51875 0.328125 0.53125 0.3296875 0.534375 0.3328125 0.534375 0.3375 0.5296875 0.353125 0.5171875 0.35
1 0.4234375 0.2625 0.4328125 0.2671875 0.428125 0.2875 0.4109375 0.2828125 0.415625 0.2640625 0.421875 0.2625
1 0.490625 0.34375 0.50625 0.3484375 0.5 0.375 0.4875 0.3734375 0.4828125 0.3703125 0.4859375 0.359375 0.484375 0.353125 0.4875 0.3515625 0.4890625 0.3453125
1 0.5421875 0.228125 0.546875 0.2296875 0.5515625 0.228125 0.5578125 0.23125 0.5546875 0.25 0.55 0.253125 0.5390625 0.25 0.5375 0.246875 0.5421875 0.2296875
1 0.4671875 0.88125 0.4796875 0.8859375 0.4796875 0.89375 0.4765625 0.8953125 0.4671875 0.9375 0.4515625 0.9359375 0.4484375 0.934375 0.446875 0.9296875 0.4484375 0.91875 0.453125 0.9109375 0.4515625 0.9078125 0.4546875 0.9046875 0.4578125 0.8828125 0.459375 0.88125 0.465625 0.8828125
1 0.3578125 0.509375 0.3671875 0.509375 0.3765625 0.5140625 0.3703125 0.540625 0.3640625 0.54375 0.3515625 0.5390625 0.3578125 0.5109375
1 0.5046875 0.275 0.5140625 0.2765625 0.5171875 0.275 0.521875 0.278125 0.515625 0.3046875 0.509375 0.3046875 0.5 0.3015625 0.5046875 0.2765625
1 0.3015625 0.78125 0.3125 0.784375 0.3109375 0.7984375 0.3046875 0.815625 0.2921875 0.8140625 0.2875 0.8109375 0.29375 0.7828125 0.3 0.78125
1 0.3890625 0.371875 0.403125 0.3734375 0.4078125 0.3765625 0.4 0.4125 0.396875 0.415625 0.3921875 0.4140625 0.3859375 0.415625 0.3796875 0.4109375 0.3890625 0.3734375
1 0.5171875 0.23125 0.53125 0.2359375 0.525 0.2625 0.521875 0.2640625 0.509375 0.259375 0.5109375 0.2453125 0.5140625 0.2328125 0.515625 0.2328125
1 0.0984375 0.36875 0.125 0.375 0.128125 0.378125 0.1171875 0.421875 0.1140625 0.425 0.1 0.421875 0.0875 0.4171875 0.0859375 0.4140625 0.096875 0.3703125
1 0.415625 0.8734375 0.4234375 0.8734375 0.4375 0.878125 0.4265625 0.928125 0.4171875 0.9296875 0.4046875 0.925 0.415625 0.875
1 0.31875 0.678125 0.3359375 0.6828125 0.33125 0.709375 0.328125 0.7140625 0.325 0.7140625 0.3109375 0.7109375 0.31875 0.6796875
1 0.3375 0.6109375 0.3359375 0.6 0.340625 0.5796875 0.34375 0.5765625 0.3578125 0.5796875 0.359375 0.5875 0.353125 0.6109375 0.3515625 0.6125 0.3390625 0.6109375
1 0.3625 0.54375 0.36875 0.546875 0.3609375 0.5796875 0.353125 0.5796875 0.3421875 0.575 0.35 0.54375 0.3515625 0.5421875 0.3609375 0.54375
1 0.4625 0.4515625 0.465625 0.453125 0.4703125 0.4515625 0.478125 0.45625 0.4734375 0.4765625 0.46875 0.478125 0.45625 0.471875 0.4578125 0.4625 0.4625 0.453125
1 0.4390625 0.5546875 0.453125 0.559375 0.45 0.578125 0.44375 0.58125 0.4328125 0.5765625 0.4375 0.55625
1 0.2765625 0.8578125 0.2921875 0.8609375 0.2953125 0.865625 0.2890625 0.8921875 0.2859375 0.8953125 0.2765625 0.89375 0.2703125 0.890625 0.2765625 0.859375
1 0.340625 0.609375 0.34375 0.6125 0.3515625 0.6140625 0.3515625 0.621875 0.3453125 0.6453125 0.3265625 0.6421875 0.3328125 0.6140625 0.334375 0.6109375 0.3390625 0.609375