2 0.8006100484375 0.88963920625 0.7672073890625 0.7449563968749999 0.636989965625 0.7750194578125 0.6703926250000001 0.91970226875 0.8006100484375 0.88963920625
3 0.436149721875 0.23047823906249998 0.4249609796875 0.182014471875 0.41140345624999997 0.1851444734375 0.42259219843749996 0.2336082390625 0.436149721875 0.23047823906249998
3 0.4570210265625 0.32812243125 0.4427042890625 0.26610982656250004 0.4309798609375 0.2688166234375 0.4452966 0.330829228125 0.4570210265625 0.32812243125
7 0.20177593906250002 0.31863432187499996 0.159831021875 0.136950921875 0.14110023437500002 0.14127526562499998 0.1830451515625 0.3229586640625 0.20177593906250002 0.31863432187499996
6 0.32820831250000004 0.98970061875 0.1308762484375 0.1349615453125 0.090542003125 0.1442734390625 0.2878740671875 0.9990125125 0.32820831250000004 0.98970061875
3 0 0.2105961546875 0.019962834375 0.29706469375 0.158146225 0.26516254375 0.1291782625 0.1396885171875 0 0.16951166875 0 0.2105961546875
4 0.9048471734374999 0.804042040625 0.72968675625 0.04533891875 0.71240768125 0.0493281078125 0.8875680984375001 0.8080312296875001 0.9048471734374999 0.804042040625
4 0.84903665625 0.6493140140625 0.7102470015625 0.048149971875 0.6952992796874999 0.0516009265625 0.834088934375 0.6527649671875 0.84903665625 0.6493140140625
4 0.864817590625 0.874815728125 0.67672065 0.0600783671875 0.6458102359375 0.0672145984375 0.8339071765625 0.881951959375 0.864817590625 0.874815728125
4 0.776161615625 0.4178509265625 0.6912407546875 0.050018265625 0.6789627078125 0.0528528765625 0.7638835687500001 0.4206855375 0.776161615625 0.4178509265625
4 0.767910078125 0.6009983984375 0.64436710625 0.06587499531249999 0.6215149296875 0.0711508359375 0.7450579015625001 0.6062742390625 0.767910078125 0.6009983984375
3 0.57506996875 0.31579369687500003 0.5171818296875 0.065052615625 0.5012129859375001 0.0687393140625 0.5591011265625 0.31948039375000004 0.57506996875 0.31579369687500003
3 0.510272815625 0.1319488015625 0.49826439999999994 0.07993463437500001 0.4862078 0.0827181203125 0.49821621718750003 0.1347322875 0.510272815625 0.1319488015625
3 0.41963216562500005 0.1626934890625 0.40570872500000005 0.102384440625 0.3930123890625 0.1053156203125 0.40693582968750003 0.1656246703125 0.41963216562500005 0.1626934890625
3 0.40398416875 0.2153532203125 0.37835555468750004 0.10434349375 0.3652470765625 0.107369825 0.39087569218749996 0.21837955 0.40398416875 0.2153532203125
3 0.3806151015625 0.2455004359375 0.3498001140625 0.11202606562499999 0.3366055203125 0.1150722765625 0.3674205078125 0.2485466484375 0.3806151015625 0.2455004359375
3 0.354048415625 0.2526903265625 0.32228510625 0.11510831875000001 0.307755675 0.118462703125 0.339518984375 0.25604471093750003 0.354048415625 0.2526903265625
3 0.26538726874999996 0.20624417031250003 0.24864826406249999 0.133739575 0.23330685468749998 0.1372814171875 0.250045859375 0.2097860125 0.26538726874999996 0.20624417031250003
3 0.28177037656250004 0.1987389640625 0.2656084515625 0.128733978125 0.2529244171875 0.13166231875 0.2690863421875 0.2016673046875 0.28177037656250004 0.1987389640625
1 0.05625 0.3109375 0.059375 0.328125 0.0640625 0.3359375 0.065625 0.35 0.0390625 0.3578125 0.0328125 0.35625 0.025 0.325 0.028125 0.3171875 0.0359375 0.3125 0.0484375 0.309375 0.0546875 0.3109375
1 0.3703125 0.4703125 0.3734375 0.475 0.3796875 0.5015625 0.375 0.5046875 0.3703125 0.5046875 0.36875 0.5078125 0.3609375 0.5078125 0.3546875 0.4734375 0.36875 0.471875
1 0.4234375 0.7015625 0.4265625 0.7046875 0.4328125 0.73125 0.4296875 0.7359375 0.4234375 0.7375 0.4140625 0.7375 0.4078125 0.7125 0.4078125 0.7046875 0.421875 0.7015625
1 0.434375 0.421875 0.428125 0.3953125 0.440625 0.390625 0.4453125 0.390625 0.4515625 0.4171875 0.4359375 0.421875
1 0.2015625 0.9453125 0.203125 0.9578125 0.20625 0.9609375 0.209375 0.978125 0.2140625 0.9859375 0.2125 0.9984375 0.18125 0.9984375 0.178125 0.9890625 0.1703125 0.9515625 0.1765625 0.9453125 0.1828125 0.946875 0.1921875 0.9453125 0.196875 0.9421875 0.2 0.9453125
1 0.4265625 0.3203125 0.4296875 0.321875 0.434375 0.3484375 0.4203125 0.3515625 0.4171875 0.35 0.415625 0.3375 0.4125 0.334375 0.4140625 0.321875 0.425 0.3203125
1 0.1046875 0.496875 0.1109375 0.496875 0.1 0.5 0.103125 0.5171875 0.1078125 0.525 0.1046875 0.53125 0.109375 0.5453125 0.1078125 0.5484375 0.1046875 0.546875 0.1015625 0.55 0.0796875 0.553125 0.0765625 0.5484375 0.075 0.5359375 0.0703125 0.528125 0.071875 0.5234375 0.0671875 0.5078125 0.075 0.503125 0.103125 0.4984375
1 0.3890625 0.225 0.40625 0.221875 0.4125 0.246875 0.409375 0.25 0.3953125 0.2515625 0.3890625 0.234375 0.390625 0.23125 0.3890625 0.2265625
1 0.4 0.2203125 0.40625 0.221875 0.41875 0.2765625 0.40625 0.28125 0.4015625 0.2796875 0.4 0.2703125 0.396875 0.2671875 0.3953125 0.2625 0.396875 0.25625 0.39375 0.24375 0.3890625 0.2359375 0.390625 0.23125 0.3890625 0.225 0.3984375 0.221875
1 0.45 0.80625 0.45625 0.834375 0.4546875 0.8375 0.4421875 0.840625 0.4375 0.8390625 0.43125 0.809375 0.4453125 0.8046875 0.4484375 0.80625
1 0.425 0.7734375 0.434375 0.7703125 0.4390625 0.7703125 0.4421875 0.7734375 0.4484375 0.7984375 0.44375 0.8046875 0.4296875 0.80625 0.4234375 0.7796875 0.425 0.775
1 0.465625 0.8734375 0.4734375 0.9140625 0.4703125 0.9171875 0.4578125 0.9203125 0.4546875 0.915625 0.446875 0.8765625 0.4609375 0.871875 0.4640625 0.8734375
1 0.37265625 0.51875 0.025 0.03125
1 0.375 0.56875 0.36875 0.5359375 0.3796875 0.53125 0.384375 0.53125 0.3875 0.5359375 0.3921875 0.5640625 0.3765625 0.56875
1 0.30625 0.19375 0.3109375 0.203125 0.3125 0.2171875 0.3015625 0.2203125 0.2953125 0.2171875 0.2921875 0.2 0.3046875 0.1953125
1 0.4578125 0.334375 0.4625 0.35625 0.45 0.359375 0.44375 0.353125 0.440625 0.3375 0.4484375 0.334375 0.45625 0.334375
1 0.334375 0.31875 0.3375 0.3203125 0.3421875 0.340625 0.325 0.34375 0.3203125 0.325 0.321875 0.321875 0.3328125 0.3203125
1 0.4375 0.3609375 0.44375 0.3890625 0.4328125 0.3921875 0.4265625 0.390625 0.425 0.378125 0.421875 0.3765625 0.4234375 0.3734375 0.421875 0.365625 0.4359375 0.3625
1 0.4328125 0.2328125 0.4359375 0.2375 0.4390625 0.253125 0.4375 0.25625 0.43125 0.2578125 0.421875 0.25625 0.41875 0.2390625 0.43125 0.2328125
1 0.65 0.85625 0.653125 0.859375 0.653125 0.871875 0.6625 0.90625 0.6515625 0.9125 0.6421875 0.9125 0.6390625 0.9078125 0.634375 0.875 0.6296875 0.865625 0.63125 0.8625 0.6296875 0.8609375 0.6484375 0.85625
1 0.378125 0.56875 0.3921875 0.565625 0.3953125 0.56875 0.4 0.5890625 0.4 0.5984375 0.384375 0.6015625 0.38125 0.596875 0.3765625 0.5765625 0.378125 0.5703125
1 0.4171875 0.290625 0.41875 0.2921875 0.421875 0.290625 0.428125 0.31875 0.4125 0.321875 0.4125 0.3171875 0.409375 0.3140625 0.40625 0.303125 0.4078125 0.3 0.40625 0.2953125 0.415625 0.2921875
1 0.45625 0.8390625 0.4640625 0.8671875 0.4625 0.8703125 0.4515625 0.8734375 0.4453125 0.871875 0.4390625 0.84375 0.4421875 0.840625 0.4546875 0.8390625
1 0.34375 0.434375 0.3484375 0.43125 0.3625 0.4296875 0.3671875 0.446875 0.371875 0.4671875 0.3703125 0.4703125 0.365625 0.4703125 0.3578125 0.475 0.353125 0.4734375 0.3453125 0.4359375
1 0.396875 0.2515625 0.4125 0.2484375 0.41875 0.275 0.4171875 0.278125 0.4125 0.2796875 0.40625 0.28125 0.4015625 0.2796875 0.3953125 0.2546875 0.396875 0.253125
1 0.1109375 0.553125 0.11875 0.5796875 0.1203125 0.6015625 0.1015625 0.60625 0.0921875 0.60625 0.0890625 0.603125 0.0796875 0.5609375 0.084375 0.5578125 0.109375 0.553125
1 0.609375 0.8671875 0.6203125 0.9109375 0.6203125 0.91875 0.6171875 0.921875 0.6046875 0.925 0.6 0.9234375 0.5984375 0.9203125 0.5875 0.871875 0.6078125 0.8671875
1 0.43125 0.7359375 0.434375 0.7390625 0.4390625 0.7578125 0.440625 0.765625 0.4390625 0.76875 0.421875 0.771875 0.415625 0.740625 0.4296875 0.7375
1 0.41484375 0.70078125 0.05 0.1390625
1 0.4015625 0.6 0.409375 0.6328125 0.396875 0.6375 0.390625 0.6359375 0.384375 0.6109375 0.384375 0.603125 0.4 0.6
1 0.45625 0.46875 0.4609375 0.471875 0.4640625 0.4921875 0.4578125 0.4953125 0.45 0.4953125 0.446875 0.4921875 0.4453125 0.4734375 0.45 0.4703125 0.4546875 0.4703125
1 0.48125 0.5734375 0.484375 0.575 0.4859375 0.5796875 0.4875 0.5953125 0.475 0.6 0.4703125 0.59375 0.46875 0.5765625 0.4796875 0.575
1 0.45625 0.9203125 0.4734375 0.915625 0.4765625 0.9203125 0.48125 0.940625 0.48125 0.95 0.465625 0.953125 0.4625 0.9484375 0.45625 0.921875
1 0.415625 0.6671875 0.4203125 0.6765625 0.425 0.696875 0.4234375 0.7 0.40625 0.703125 0.4046875 0.6984375 0.4 0.671875 0.403125 0.66875 0.40625 0.6703125 0.4140625 0.66875