2 0.9472753265625 0.29474431874999996 0.7987867640624999 0.29474431874999996 0.7987867640624999 0.4283869953125 0.9472753265625 0.4283869953125 0.9472753265625 0.29474431874999996
3 0.22302287656250003 0.5015845953125 0.1732843140625 0.5015845953125 0.1732843140625 0.5154987375 0.22302287656250003 0.5154987375 0.22302287656250003 0.5015845953125
3 0.3228594765625 0.503213384375 0.2592156859375 0.503213384375 0.2592156859375 0.5152462124999999 0.3228594765625 0.5152462124999999 0.3228594765625 0.503213384375
7 0.2561968953125 0.749782196875 0.06973447656250001 0.749782196875 0.06973447656250001 0.76900568125 0.2561968953125 0.76900568125 0.2561968953125 0.749782196875
6 0.9385049015625 0.7775473484375001 0.061282679687499994 0.7775473484375001 0.061282679687499994 0.81894255 0.9385049015625 0.81894255 0.9385049015625 0.7775473484375001
3 0.19428104531249998 0.7802651515625 0.0655065359375 0.7802651515625 0.0655065359375 0.9220833328125 0.19428104531249998 0.9220833328125 0.19428104531249998 0.7802651515625
4 0.8873202609374999 0.1739236109375 0.10866013125 0.1739236109375 0.10866013125 0.191657196875 0.8873202609374999 0.191657196875 0.8873202609374999 0.1739236109375
4 0.72400326875 0.193497475 0.10702614375 0.193497475 0.10702614375 0.208838384375 0.72400326875 0.208838384375 0.72400326875 0.193497475
4 0.9472753265625 0.228847853125 0.1111070265625 0.228847853125 0.1111070265625 0.2605713390625 0.9472753265625 0.2605713390625 0.9472753265625 0.228847853125
4 0.48207924843749994 0.21243686875 0.104571078125 0.21243686875 0.104571078125 0.22503787812499998 0.48207924843749994 0.22503787812499998 0.48207924843749994 0.21243686875
4 0.6586764703125 0.2616761359375 0.1094771234375 0.2616761359375 0.1094771234375 0.28512941875000003 0.6586764703125 0.28512941875000003 0.6586764703125 0.2616761359375
3 0.33740196093749997 0.3854166671875 0.080065359375 0.3854166671875 0.080065359375 0.40180555625 0.33740196093749997 0.40180555625 0.33740196093749997 0.3854166671875
3 0.1436928109375 0.4071969703125 0.0903104578125 0.4071969703125 0.0903104578125 0.41957070781250005 0.1436928109375 0.41957070781250005 0.1436928109375 0.4071969703125
3 0.1532598046875 0.50243055625 0.0913643796875 0.50243055625 0.0913643796875 0.5154608578125 0.1532598046875 0.5154608578125 0.1532598046875 0.50243055625
3 0.2010498359375 0.5295233578125 0.0871200984375 0.5295233578125 0.0871200984375 0.5429766421875 0.2010498359375 0.5429766421875 0.2010498359375 0.5295233578125
3 0.225167484375 0.5590751265625 0.0881821890625 0.5590751265625 0.0881821890625 0.5726167921875 0.225167484375 0.5726167921875 0.225167484375 0.5590751265625
3 0.22619689531249998 0.5865782828125 0.084995915625 0.5865782828125 0.084995915625 0.6014898984375 0.22619689531249998 0.6014898984375 0.22619689531249998 0.5865782828125
3 0.16099673125 0.6625189390624999 0.0865849671875 0.6625189390624999 0.0865849671875 0.6782638890625 0.16099673125 0.6782638890625 0.16099673125 0.6625189390624999
3 0.15736928125 0.6448674249999999 0.0855228765625 0.6448674249999999 0.0855228765625 0.6578851015625 0.15736928125 0.6578851015625 0.15736928125 0.6448674249999999
1 0.2140625 0.890625 0.2359375 0.890625 0.2375 0.8890625 0.2515625 0.890625 0.2546875 0.8890625 0.25625 0.8921875 0.25625 0.921875 0.2546875 0.9234375 0.221875 0.9234375 0.2140625 0.91875 0.2125 0.9140625 0.2125 0.89375 0.2140625 0.8921875
1 0.440625 0.6203125 0.4734375 0.61875 0.4765625 0.6296875 0.475 0.6375 0.4421875 0.6375 0.440625 0.6359375 0.4421875 0.621875
1 0.7109375 0.61875 0.7125 0.6203125 0.7125 0.6359375 0.7109375 0.6375 0.6796875 0.6375 0.678125 0.6359375 0.678125 0.6203125 0.6796875 0.61875 0.709375 0.61875
1 0.3796875 0.5296875 0.4078125 0.5296875 0.4078125 0.546875 0.38125 0.546875 0.3796875 0.53125
1 0.9125 0.8890625 0.9203125 0.8921875 0.925 0.890625 0.9390625 0.8921875 0.940625 0.9046875 0.9390625 0.90625 0.940625 0.909375 0.9390625 0.9234375 0.865625 0.9234375 0.8609375 0.91875 0.8640625 0.903125 0.8625 0.89375 0.9109375 0.8890625
1 0.30625 0.534375 0.309375 0.5296875 0.3359375 0.5296875 0.3359375 0.5453125 0.334375 0.546875 0.3171875 0.5484375 0.3125 0.5453125 0.3078125 0.5453125 0.30625 0.54375 0.3078125 0.5359375
1 0.4078125 0.878125 0.409375 0.890625 0.4359375 0.8890625 0.440625 0.8921875 0.45625 0.8921875 0.4578125 0.89375 0.45625 0.896875 0.4578125 0.9109375 0.4546875 0.9234375 0.434375 0.9234375 0.4328125 0.925 0.4078125 0.9234375 0.40625 0.915625 0.4078125 0.8796875
1 0.20625 0.5296875 0.234375 0.5296875 0.234375 0.5453125 0.2203125 0.5484375 0.20625 0.546875 0.2046875 0.5375 0.20625 0.53125
1 0.20625 0.5296875 0.2625 0.5296875 0.2640625 0.53125 0.2625 0.546875 0.2484375 0.5484375 0.2234375 0.546875 0.2171875 0.55 0.2125 0.546875 0.20625 0.546875 0.2046875 0.540625 0.20625 0.53125
1 0.784375 0.6375 0.784375 0.6203125 0.7859375 0.61875 0.815625 0.61875 0.8171875 0.6203125 0.8171875 0.6359375 0.815625 0.6375 0.7859375 0.6375
1 0.7796875 0.61875 0.7828125 0.621875 0.78125 0.6375 0.7484375 0.6359375 0.7484375 0.6203125 0.778125 0.61875
1 0.896875 0.6203125 0.8984375 0.621875 0.8984375 0.6375 0.8546875 0.6375 0.853125 0.6359375 0.853125 0.6203125 0.8546875 0.61875 0.89375 0.61875 0.8953125 0.6203125
1 0.48984375 0.628125 0.02734375 0.01953125
1 0.5375 0.6203125 0.5375 0.6375 0.5046875 0.6375 0.503125 0.634375 0.5046875 0.61875 0.534375 0.61875 0.5359375 0.6203125
1 0.178125 0.61875 0.18125 0.6203125 0.1796875 0.6359375 0.159375 0.6359375 0.1578125 0.6203125 0.1765625 0.61875
1 0.328125 0.5046875 0.35 0.5046875 0.35 0.51875 0.3453125 0.521875 0.328125 0.521875 0.3265625 0.51875 0.328125 0.50625
1 0.296875 0.62734375 0.0234375 0.01875
1 0.35 0.5296875 0.378125 0.5296875 0.378125 0.5453125 0.3609375 0.5484375 0.35 0.5453125 0.35 0.53125
1 0.225 0.5203125 0.2234375 0.5140625 0.225 0.5046875 0.2453125 0.5046875 0.246875 0.50625 0.246875 0.51875 0.24375 0.521875 0.2265625 0.5203125
1 0.8796875 0.434375 0.8828125 0.4328125 0.9328125 0.434375 0.934375 0.4421875 0.934375 0.453125 0.9296875 0.45625 0.9140625 0.45625 0.9125 0.4546875 0.8828125 0.45625 0.8796875 0.4546875 0.878125 0.446875 0.8796875 0.4359375
1 0.56875 0.61875 0.571875 0.6203125 0.571875 0.6359375 0.5703125 0.6375 0.540625 0.6375 0.5390625 0.634375 0.540625 0.61875 0.5671875 0.61875
1 0.278125 0.5296875 0.30625 0.5296875 0.30625 0.5453125 0.296875 0.546875 0.2828125 0.5453125 0.2796875 0.546875 0.2765625 0.534375 0.278125 0.53125
1 0.8484375 0.61875 0.8515625 0.6203125 0.8515625 0.6359375 0.85 0.6375 0.8203125 0.6375 0.81875 0.6359375 0.81875 0.6203125 0.8203125 0.61875 0.846875 0.61875
1 0.4 0.6375 0.3984375 0.634375 0.4 0.61875 0.4390625 0.61875 0.4421875 0.628125 0.440625 0.6375 0.4015625 0.6375
1 0.234375 0.5296875 0.2625 0.5296875 0.2640625 0.53125 0.2625 0.546875 0.2359375 0.546875 0.234375 0.53125
1 0.4953125 0.890625 0.5125 0.89375 0.5125 0.91875 0.509375 0.9234375 0.4640625 0.9234375 0.4625 0.921875 0.4625 0.8921875 0.4640625 0.890625 0.49375 0.890625
1 0.88125 0.4765625 0.9328125 0.4765625 0.9359375 0.48125 0.934375 0.4984375 0.88125 0.4984375 0.88125 0.478125
1 0.7453125 0.61875 0.746875 0.6203125 0.746875 0.6375 0.7140625 0.6375 0.7140625 0.6203125 0.74375 0.61875
1 0.640625 0.61875 0.64375 0.628125 0.64375 0.634375 0.640625 0.6375 0.6109375 0.6375 0.609375 0.6359375 0.609375 0.6203125 0.6390625 0.61875
1 0.59140625 0.628125 0.03828125 0.01953125
1 0.4609375 0.5328125 0.4828125 0.5328125 0.484375 0.5359375 0.484375 0.546875 0.48125 0.55 0.46875 0.55 0.4609375 0.5484375 0.459375 0.54375 0.4609375 0.534375
1 0.5875 0.5328125 0.590625 0.5359375 0.590625 0.546875 0.5875 0.55 0.5671875 0.5484375 0.56875 0.5328125 0.5859375 0.5328125
1 0.8984375 0.6203125 0.9015625 0.61875 0.93125 0.61875 0.9328125 0.6203125 0.9328125 0.6359375 0.93125 0.6375 0.8984375 0.6375 0.8984375 0.621875
1 0.675 0.61875 0.6765625 0.6203125 0.6765625 0.6375 0.6453125 0.6375 0.6421875 0.634375 0.64375 0.6203125 0.6734375 0.61875