2 0.8584002796875 0.1355111171875 0.623792934375 0.185378446875 0.6672900859374999 0.3900164578125 0.9018974312499999 0.34014912656249996 0.8584002796875 0.1355111171875
3 0.7296069765625 0.533380659375 0.6890743171875 0.541996140625 0.6914869828125 0.5533468375 0.7320196421875 0.5447313546875 0.7296069765625 0.533380659375
3 0.83057433125 0.5107348546875 0.775439384375 0.52245415 0.7783560765625 0.5361761125 0.833491025 0.5244568187499999 0.83057433125 0.5107348546875
3 0.9405330171875 0.48263644375 0.8768588156250001 0.49617081250000006 0.8820806984375 0.5207378359375 0.9457548984375 0.507203465625 0.9405330171875 0.48263644375
0 0.9553522437499999 0.52865059375 0.9489731796875001 0.514820221875 0.8522273359374999 0.5329543812499999 0.805706090625 0.54466513125 0.802457525 0.54960779375 0.8041055874999999 0.5614065140625 0.807766853125 0.562450640625 0.953378396875 0.5314999515625 0.9553522437499999 0.52865059375
3 0.20769160156250002 0.5830891406250001 0.2052208734375 0.57146528125 0.20048987031249998 0.56943363125 0.063352040625 0.599798078125 0.068209315625 0.61455936875 0.20769160156250002 0.5830891406250001
3 0.217122453125 0.631503009375 0.2182736375 0.6288285140625 0.21510378281250003 0.6179607109374999 0.21131898124999998 0.616335390625 0.09026382187500001 0.6414590078125 0.07557940468749999 0.645187728125 0.0727828953125 0.64821195 0.0772695578125 0.6612296609375 0.19351226875 0.6377364125 0.217122453125 0.631503009375
3 0.22256078906250001 0.6692239421874999 0.08834300625 0.6971453624999999 0.08414824062500001 0.70168169375 0.085796303125 0.7134804140625 0.09533975312500001 0.7138816968749999 0.22367535156249999 0.6866031234375 0.22893985468750003 0.6830543125 0.22256078906250001 0.6692239421874999
0 1 0.78147895 0.9954337890625 0.781942521875 0.7488816359375 0.835563703125 0.753410390625 0.8528246265625 1 0.7998227453125 1 0.78147895
0 1 0.8143990640625001 0.7555525984375 0.8669481171875001 0.7616031453125001 0.8832781234375 1 0.8314721796875 1 0.8143990640625001
3 0.644279759375 0.8571900671874999 0.6372043015625 0.8562641953125001 0.6316927265625 0.8586506203125 0.63420554375 0.8745176921875 0.63811388125 0.8767242046874999 0.6697036359374999 0.8675797890625001 0.6774782218750001 0.8677496046875 0.6888719828125 0.8647203359375 0.69853896875 0.865702809375 0.7029808078124999 0.8623288625000001 0.744813140625 0.8528296750000001 0.7469105234375 0.8505615078125001 0.74394565 0.8366128796875 0.7412305859375 0.83597508125 0.644279759375 0.8571900671874999
3 0.7500858484374999 0.8857262015625 0.7535814859375 0.8819459234375 0.7509872234375 0.8697408718749999 0.7472024203125 0.8681155515625001 0.6410787546875001 0.890672834375 0.6382822421875 0.8936970546874999 0.6410000421875 0.9064832984375 0.6447848453125 0.9081086203125001 0.7500858484374999 0.8857262015625
1 0.215625 0.328125 0.2171875 0.3296875 0.2234375 0.328125 0.225 0.340625 0.2125 0.34375 0.20625 0.3421875 0.2046875 0.33125 0.2140625 0.328125
1 0.66875 0.54375 0.6703125 0.5453125 0.6859375 0.540625 0.6890625 0.55625 0.671875 0.5625 0.665625 0.5609375 0.6609375 0.5625 0.6578125 0.559375 0.65625 0.5484375 0.6671875 0.5453125
1 0.7734375 0.521875 0.7765625 0.5359375 0.775 0.5390625 0.7671875 0.5421875 0.746875 0.54375 0.74375 0.5296875 0.771875 0.5234375
1 0.8484375 0.5046875 0.878125 0.5015625 0.88125 0.5140625 0.878125 0.5171875 0.871875 0.5171875 0.8703125 0.5203125 0.85 0.521875 0.846875 0.509375 0.8484375 0.50625