2 0.9263498734375 0.21799168125 0.6865012609375001 0.21799168125 0.6865012609375001 0.4272014265625 0.9263498734375 0.4272014265625 0.9263498734375 0.21799168125
3 0.717649284375 0.5803891859375 0.6762111015625 0.5803891859375 0.6762111015625 0.5919934640625 0.717649284375 0.5919934640625 0.717649284375 0.5803891859375
3 0.8211185875 0.579230540625 0.7647518921875001 0.579230540625 0.7647518921875001 0.5932590609374999 0.8211185875 0.5932590609374999 0.8211185875 0.579230540625
3 0.9345164 0.57460784375 0.8694196796875 0.57460784375 0.8694196796875 0.5997237078125 0.9345164 0.5997237078125 0.9345164 0.57460784375
0 0.9394449109374999 0.6226975640625 0.936080740625 0.6078431375 0.8376787218749999 0.6054664296875 0.7897392765625 0.6072489609375 0.7855340625 0.6114082 0.78469301875 0.623291740625 0.788057190625 0.625074271875 0.9369217828125 0.625074271875 0.9394449109374999 0.6226975640625
3 0.192598821875 0.5056446828125 0.052144659375 0.5068330359375001 0.0538267453125 0.5222816406249999 0.1968040375 0.520499109375 0.1968040375 0.5086155671875 0.192598821875 0.5056446828125
3 0.1976450796875 0.567439096875 0.1968040375 0.5561497328125 0.19343986562499998 0.553773025 0.069806559375 0.5531788468750001 0.054667787499999995 0.553773025 0.0513036171875 0.5561497328125 0.0529857015625 0.5698158046875 0.17157275 0.5710041593749999 0.19596299374999998 0.5698158046875 0.1976450796875 0.567439096875
3 0.1968040375 0.6226975640625 0.19343986562499998 0.6078431375 0.056349873437499996 0.6072489609375 0.0513036171875 0.610814021875 0.050462573437500005 0.6226975640625 0.0597140453125 0.625074271875 0.1909167375 0.625074271875 0.1968040375 0.6226975640625
0 0.9369217828125 0.8799762328125 0.925988225 0.878787878125 0.6736753578125 0.8799762328125 0.6745164 0.8978015453125 0.935239696875 0.8972073671875 0.9386038687499999 0.88472965 0.9369217828125 0.8799762328125
0 0.9310344828125 0.9114676171875 0.6736753578125 0.9120617937500001 0.6761984859375 0.9292929296875 0.9377628265625001 0.9281045750000001 0.9386038687499999 0.9150326796874999 0.9310344828125 0.9114676171875
3 0.5971404546875 0.896613190625 0.6089150546875 0.8960190140625001 0.6181665265625 0.8989898984375 0.6232127843749999 0.896613190625 0.666105971875 0.8960190140625001 0.6686291 0.8942364828124999 0.6686291 0.8799762328125 0.666105971875 0.878787878125 0.566862909375 0.8793820562500001 0.5601345671875 0.877005346875 0.5542472671875001 0.8781937015624999 0.5534062234375 0.8942364828124999 0.5567703953125 0.8972073671875 0.58957106875 0.8948306593750001 0.5971404546875 0.896613190625
3 0.6644238859375 0.9292929296875 0.6686291 0.9263220437499999 0.6686291 0.913844325 0.665264928125 0.9114676171875 0.5567703953125 0.9114676171875 0.5534062234375 0.913844325 0.5534062234375 0.9269162203124999 0.5567703953125 0.9292929296875 0.6644238859375 0.9292929296875
1 0.25625 0.271875 0.2640625 0.2734375 0.2640625 0.2859375 0.246875 0.2859375 0.2453125 0.284375 0.2453125 0.2734375 0.2546875 0.271875
1 0.6546875 0.5765625 0.65625 0.578125 0.671875 0.5765625 0.6734375 0.5921875 0.6671875 0.5953125 0.64375 0.59375 0.6421875 0.5796875 0.653125 0.578125
1 0.74765625 0.5859375 0.0328125 0.01875
1 0.8375 0.59375 0.8375 0.578125 0.8390625 0.5765625 0.86875 0.5796875 0.86875 0.5921875 0.865625 0.59375 0.8578125 0.5953125 0.8390625 0.59375