5 0.2690072109375 0.011479425 0.209156840625 0.8673796015624999 0.36212925625 0.878076475 0.4219796265625 0.0221762984375 0.2690072109375 0.011479425
6 0.372091640625 0.0292814078125 0.313515009375 0.8669662593749999 0.3592178015625 0.8701621093749999 0.4177944328125 0.0324772578125 0.372091640625 0.0292814078125
3 0.697541178125 0.779399103125 0.68896694375 0.9020163515625 0.705133275 0.9031468109375 0.713707509375 0.7805295625 0.697541178125 0.779399103125
3 0.659219815625 0.7441318625 0.6485711249999999 0.8964152296875 0.6648760078125 0.897555378125 0.6755246984375 0.7452720109375 0.659219815625 0.7441318625
3 0.536571846875 0.765727015625 0.5279839359375 0.8885398656250001 0.545592453125 0.8897711718749999 0.5541803640625 0.7669583234374999 0.536571846875 0.765727015625
3 0.511767615625 0.7936849609375 0.505361875 0.885291334375 0.522712184375 0.8865045859375 0.5291179265625 0.7948982140624999 0.511767615625 0.7936849609375
3 0.472295759375 0.8022022921874999 0.466674209375 0.8825942187500001 0.4818329015625 0.8836542171874999 0.4874544515625 0.803262290625 0.472295759375 0.8022022921874999
3 0.4943216796875 0.7547874578125 0.485255046875 0.884446334375 0.5022337890624999 0.8856336031250001 0.5113004203125 0.7559747265625 0.4943216796875 0.7547874578125
3 0.467038978125 0.5612527421875 0.44887665 0.820986146875 0.466012834375 0.822184425 0.48417516406249994 0.5624510203125 0.467038978125 0.5612527421875
3 0.41992515781249995 0.67964353125 0.4100378625 0.8210384546875 0.4253665921875 0.82211034375 0.43525388749999994 0.6807154203125 0.41992515781249995 0.67964353125
3 0.38631508124999997 0.590939140625 0.3704186984375 0.8182680124999999 0.38448787812499996 0.8192518249999999 0.4003842625 0.591922953125 0.38631508124999997 0.590939140625
3 0.1796941046875 0.55944764375 0.16053102187499999 0.83349250625 0.1779883921875 0.8347132437499999 0.1971514765625 0.5606683828125 0.1796941046875 0.55944764375
3 0.125730284375 0.42817809375 0.0982733609375 0.8208303890625 0.11426335624999999 0.8219485171875001 0.1417202796875 0.42929622343749996 0.125730284375 0.42817809375