5 0.3401917171875 0.9570163890625001 0.42987611406250004 0.103726353125 0.2773702 0.0876973359375 0.187685803125 0.9409873718749999 0.3401917171875 0.9570163890625001
6 0.33785884843749997 0.9461451734375 0.425634575 0.1110149125 0.3800711578125 0.10622600468750001 0.2922954296875 0.9413562656250001 0.33785884843749997 0.9461451734375
3 0.759174259375 0.26084223125 0.77202255 0.1385989140625 0.75590551875 0.1369049453125 0.743057228125 0.2591482625 0.759174259375 0.26084223125
3 0.7154491203125 0.288933765625 0.7314059375 0.1371148 0.715150778125 0.1354063140625 0.6991939625 0.2872252796875 0.7154491203125 0.288933765625
3 0.59971406875 0.2465056953125 0.6125828546875 0.1240673734375 0.5950280359375 0.1222222875 0.58215925 0.24466060937499998 0.59971406875 0.2465056953125
3 0.5798840968750001 0.21463822812500002 0.589482953125 0.1233112171875 0.572185553125 0.1214931875 0.5625866984375001 0.2128201984375 0.5798840968750001 0.21463822812500002
3 0.5403059906250001 0.1991664328125 0.54872975625 0.11901966875 0.5336172921875 0.11743128437499999 0.5251935265625 0.19757805 0.5403059906250001 0.1991664328125
3 0.5555782859375 0.2498764015625 0.5691644250000001 0.12061293125000001 0.5522374609375 0.11883383437499999 0.5386513234375 0.24809730624999998 0.5555782859375 0.2498764015625
3 0.495260084375 0.435749796875 0.5224759140625 0.1768084703125 0.5053919875 0.175012878125 0.4781761578125 0.433954203125 0.495260084375 0.435749796875
3 0.4676184296875 0.3107870078125 0.48243431562500005 0.16982328124999999 0.46715233125 0.1682170796875 0.45233644687499996 0.3091808078125 0.4676184296875 0.3107870078125
3 0.417859903125 0.392175471875 0.44168026562499996 0.1655398578125 0.427653990625 0.1640656359375 0.40383362656250005 0.39070125 0.417859903125 0.392175471875
3 0.2122873796875 0.3876642125 0.2410028171875 0.11445507343750001 0.22359868437500002 0.112625825 0.194883246875 0.3858349640625 0.2122873796875 0.3876642125
3 0.134885771875 0.50741500625 0.1760293359375 0.1159601390625 0.160088103125 0.11428464687499999 0.1189445390625 0.505739515625 0.134885771875 0.50741500625