5 0.9712173203125 0.611161615625 0.11322712343750001 0.611161615625 0.11322712343750001 0.764507575 0.9712173203125 0.764507575 0.9712173203125 0.611161615625
6 0.960649509375 0.61461805625 0.1209191171875 0.61461805625 0.1209191171875 0.66043245 0.960649509375 0.66043245 0.960649509375 0.61461805625
3 0.235061275 0.26724431875 0.11214460781249999 0.26724431875 0.11214460781249999 0.2834501265625 0.235061275 0.2834501265625 0.235061275 0.26724431875
3 0.26756944374999997 0.3077935609375 0.114914215625 0.3077935609375 0.114914215625 0.3241382578125 0.26756944374999997 0.3241382578125 0.26756944374999997 0.3077935609375
3 0.2374714046875 0.4273295453125 0.114358659375 0.4273295453125 0.114358659375 0.44498106093749995 0.2374714046875 0.44498106093749995 0.2374714046875 0.4273295453125
3 0.2078513078125 0.45038194374999996 0.11602124218750001 0.45038194374999996 0.11602124218750001 0.467774621875 0.2078513078125 0.467774621875 0.2078513078125 0.45038194374999996
3 0.19660130781250001 0.4913604796875 0.11601307187500001 0.4913604796875 0.11601307187500001 0.5065561875 0.19660130781250001 0.5065561875 0.19660130781250001 0.4913604796875
3 0.24543709218749998 0.47087121249999997 0.1154616015625 0.47087121249999997 0.1154616015625 0.4878914140625 0.24543709218749998 0.4878914140625 0.24543709218749998 0.47087121249999997
3 0.43659722187499994 0.5114299250000001 0.176229575 0.5114299250000001 0.176229575 0.5286079546875 0.43659722187499994 0.5286079546875 0.43659722187499994 0.5114299250000001
3 0.3152083328125 0.5519823234375 0.1734681375 0.5519823234375 0.1734681375 0.567348484375 0.3152083328125 0.567348484375 0.3152083328125 0.5519823234375
3 0.40135212343750004 0.5929608578125001 0.1734681375 0.5929608578125001 0.1734681375 0.60706439375 0.40135212343750004 0.60706439375 0.40135212343750004 0.5929608578125001
3 0.41835375781249995 0.7978787875 0.14363970625 0.7978787875 0.14363970625 0.8153787875 0.41835375781249995 0.8153787875 0.41835375781249995 0.7978787875
3 0.5455392156250001 0.862339015625 0.1519281046875 0.862339015625 0.1519281046875 0.87836805625 0.5455392156250001 0.87836805625 0.5455392156250001 0.862339015625