3 0.3311876359375 0.650123246875 0.6997552578125 0.6178777578125 0.6977144703125 0.5945514562499999 0.32914685 0.6267969453125 0.3311876359375 0.650123246875
4 0.0829960609375 0.7554349828125 0.9601357265624999 0.67869520625 0.95380813125 0.6063704640625 0.076668465625 0.683110240625 0.0829960609375 0.7554349828125
3 0.7398652234374999 0.7527011734375 0.9572212328124999 0.7336849875 0.9557818421875 0.71723268125 0.7384258328125 0.7362488671875 0.7398652234374999 0.7527011734375
3 0.1510751578125 0.8049455828125 0.4310840015625 0.7804479828125 0.4298322375 0.7661402625 0.1498233953125 0.7906378625 0.1510751578125 0.8049455828125
3 0.7147237671875 0.165882228125 0.8863313265625001 0.1508685125 0.8851598953125001 0.137479 0.7135523359375 0.152492715625 0.7147237671875 0.165882228125
3 0.7596952906250001 0.20905564999999998 0.8893877953124999 0.1977090265625 0.8883357640625 0.18568425156249999 0.758643259375 0.197030875 0.7596952906250001 0.20905564999999998
3 0.6487848953124999 0.29831684375 0.8952698328125 0.27675220624999997 0.894024121875 0.2625136671875 0.647539184375 0.2840783046875 0.6487848953124999 0.29831684375
3 0.670483671875 0.32417241875 0.896133165625 0.30443064531249997 0.89498264375 0.2912801203125 0.66933315 0.31102189375 0.670483671875 0.32417241875
3 0.612945390625 0.377474003125 0.9044462843750001 0.3519709796875 0.9033139203125 0.3390279953125 0.6118130265625 0.36453101875 0.612945390625 0.377474003125
3 0.732424340625 0.45270685781250003 0.9103395046875 0.43714129843749994 0.9091081000000001 0.42306627499999994 0.731192934375 0.4386318359375 0.732424340625 0.45270685781250003
3 0.6749441125 0.5744456265625 0.919443171875 0.5530547296874999 0.9182365265625 0.5392627156249999 0.6737374671875 0.5606536125 0.6749441125 0.5744456265625