3 0.681254084375 0.6114236109375 0.3112785953125 0.6114236109375 0.3112785953125 0.634839015625 0.681254084375 0.634839015625 0.681254084375 0.6114236109375
4 0.9376797390625 0.6455176765624999 0.0571895421875 0.6455176765624999 0.0571895421875 0.7181186875 0.9376797390625 0.7181186875 0.9376797390625 0.6455176765624999
3 0.2830718953125 0.75613005 0.0648856203125 0.75613005 0.0648856203125 0.7726452015625 0.2830718953125 0.7726452015625 0.2830718953125 0.75613005
3 0.8741748359375 0.7590119953125 0.5930964046875 0.7590119953125 0.5930964046875 0.77337436875 0.8741748359375 0.77337436875 0.8741748359375 0.7590119953125
3 0.2569730390625 0.1724273984375 0.0847099671875 0.1724273984375 0.0847099671875 0.18586805625 0.2569730390625 0.18586805625 0.2569730390625 0.1724273984375
3 0.21593545781249998 0.220726009375 0.0857475484375 0.220726009375 0.0857475484375 0.2327967171875 0.21593545781249998 0.2327967171875 0.21593545781249998 0.220726009375
3 0.33420343125 0.2977588390625 0.08677696093750001 0.2977588390625 0.08677696093750001 0.3120517671875 0.33420343125 0.3120517671875 0.33420343125 0.2977588390625
3 0.31484068593750003 0.32649936875 0.0883292484375 0.32649936875 0.0883292484375 0.33970012656250004 0.31484068593750003 0.33970012656250004 0.31484068593750003 0.32649936875
3 0.37680555625 0.3747916671875 0.0841911765625 0.3747916671875 0.0841911765625 0.38778409062499997 0.37680555625 0.38778409062499997 0.37680555625 0.3747916671875
3 0.2643382359375 0.4590151515625 0.0857434640625 0.4590151515625 0.0857434640625 0.47314393906249996 0.2643382359375 0.47314393906249996 0.2643382359375 0.4590151515625
3 0.3322099671875 0.5755650250000001 0.08677696093750001 0.5755650250000001 0.08677696093750001 0.589409721875 0.3322099671875 0.589409721875 0.3322099671875 0.5755650250000001