3 0.32356214375 0.6410825515624999 0.6933122546875 0.62817059375 0.69249506875 0.6047694531250001 0.322744959375 0.6176814109375 0.32356214375 0.6410825515624999
4 0.070199115625 0.7332606187499999 0.9501529421875 0.702531953125 0.9476192031249999 0.6299751687499999 0.0676653765625 0.660703834375 0.070199115625 0.7332606187499999
3 0.7263111375 0.7649084312500001 0.9443645 0.7572938406249999 0.9437881296875 0.74078875 0.7257347671875001 0.748403340625 0.7263111375 0.7649084312500001
3 0.1355937296875 0.78626635 0.416500934375 0.7764568546875 0.4159996953125 0.7621032296875 0.1350924890625 0.771912725 0.1355937296875 0.78626635
3 0.73191586875 0.1775778984375 0.904074003125 0.171566003125 0.9036049296875 0.158133534375 0.731446796875 0.164145428125 0.73191586875 0.1775778984375
3 0.7745662375 0.22304578125000002 0.904674840625 0.2185022875 0.9042535781250001 0.20643893281249998 0.7741449765625 0.2109824265625 0.7745662375 0.22304578125000002
3 0.659136271875 0.30638004375 0.9064120156250001 0.297744984375 0.9059132 0.28346076249999996 0.6586374546875 0.292095821875 0.659136271875 0.30638004375
3 0.679452134375 0.33333580937499996 0.9058255875000001 0.325430675 0.9053648875 0.312237959375 0.6789914359375 0.32014309375 0.679452134375 0.33333580937499996
3 0.61920311875 0.383553025 0.9116392453125 0.37334093125 0.9111858156249999 0.360356421875 0.6187496890624999 0.3705685171875 0.61920311875 0.383553025
3 0.7345809421875 0.464935821875 0.91306691875 0.4587029546875 0.9125738312499999 0.4445827734375 0.7340878546875 0.45081564218750003 0.7345809421875 0.464935821875
3 0.6708081734375 0.58349946875 0.91609166875 0.5749339796874999 0.9156084953124999 0.5610977171875 0.6703250015625 0.5696632046875 0.6708081734375 0.58349946875