2 0.124795909375 0 0.0946726296875 0.1708376140625 0.2248334359375 0.19378847500000002 0.25564504375 0.0190471671875 0.1476231921875 0 0.124795909375 0
1 0.11410946250000001 0.8116754421874999 0.127713840625 0.8132209609375 0.1313604515625 0.789118265625 0.117756075 0.787572746875 0.11410946250000001 0.8116754421874999
1 0.13585050781250002 0.684954125 0.1371681890625 0.687746365625 0.14770089375 0.6896035656249999 0.1498941125 0.687430390625 0.15324887812500002 0.664982834375 0.1396445015625 0.6634373171875 0.13585050781250002 0.684954125
1 0.23948339999999999 0.504408575 0.255428378125 0.5063668046875 0.2599505265625 0.47729869375 0.244736621875 0.474616071875 0.23948339999999999 0.504408575
1 0.2153724234375 0.64114871875 0.2313174015625 0.6431069468749999 0.23569362656249998 0.61486640625 0.2203338 0.613011353125 0.2153724234375 0.64114871875
1 0.175272975 0.8582988046875 0.17659065625 0.8610910468749999 0.19004911093750002 0.8634641359374999 0.1922423296875 0.861290959375 0.19661855625 0.8330504187500001 0.1802343515625 0.830161440625 0.175272975 0.8582988046875
1 0.2622429859375 0.365067359375 0.2787731140625 0.3671287671875 0.2827144890625 0.3481978453125 0.28285603593749997 0.337129909375 0.26939758125 0.3347568203125 0.2672043625 0.3369299953125 0.2622429859375 0.365067359375
1 0.29913767812500003 0.16609235312499998 0.31303535937500004 0.1693961890625 0.315813728125 0.1673261921875 0.319604803125 0.1389824734375 0.3074625734375 0.1359881703125 0.3035139046875 0.1378518125 0.29913767812500003 0.16609235312499998
1 0.2253040453125 0.8688272328125001 0.23055726718749997 0.8390347281249999 0.2153433609375 0.83635210625 0.20979683593749998 0.8643862921875 0.21111451718750002 0.8671785359375 0.2253040453125 0.8688272328125001
3 0.2093569015625 0.663288384375 0.18140100312500002 0.8218341562499999 0.2010269421875 0.8252947390625 0.2289828390625 0.666748965625 0.2093569015625 0.663288384375
3 0.23342833281250003 0.533615975 0.22124085624999998 0.6027345828125 0.2398135234375 0.6060094453125 0.2520009984375 0.5368908375 0.23342833281250003 0.533615975
3 0.2628689921875 0.38033660937499997 0.2472216859375 0.4690768921875 0.261920659375 0.4716687171875 0.27756796562499997 0.3829284359375 0.2628689921875 0.38033660937499997
3 0.292103184375 0.20087146875 0.26939905 0.3296330140625 0.291476765625 0.3335259109375 0.3141809 0.204764365625 0.292103184375 0.20087146875
3 0.3241945328125 0.0291375703125 0.3070500578125 0.12636871562500002 0.3249849125 0.1295311140625 0.3421293859375 0.032299968750000005 0.3241945328125 0.0291375703125
3 0.2576420078125 0.594736590625 0.21650781874999997 0.82802016875 0.23218399218750002 0.8307843015625 0.27331818124999996 0.5975007234375 0.2576420078125 0.594736590625
3 0.19584446875 0.5619912796875 0.1414882109375 0.8702609328124999 0.15896079531250001 0.8733418203125 0.21331705156249997 0.5650721671875 0.19584446875 0.5619912796875
3 0.2847135953125 0.708135090625 0.253254090625 0.8865508078125 0.27324867343750003 0.8900763921875001 0.304708178125 0.711660675 0.2847135953125 0.708135090625
1 0.37455826718749996 0.30636800468750003 0.3735324328125 0.3019206234375 0.35861183125 0.3009963171875 0.354381528125 0.3284092890625 0.36901028281250003 0.330988734375 0.37455826718749996 0.30636800468750003
1 0.3898772484375 0.2126462890625 0.3843175921875 0.20995937343749999 0.37510257187499996 0.21089441562500003 0.37101819062499997 0.23747981875000002 0.3852077171875 0.2391285140625 0.3898772484375 0.2126462890625
3 0.367928996875 0.24642806875 0.35933851875 0.2951470875 0.3730251828125 0.297560415625 0.381615659375 0.248841396875 0.367928996875 0.24642806875
3 0.38615841562500003 0.1430610125 0.37524630625 0.2049466625 0.39219225468749996 0.207934690625 0.40310436406249994 0.146049040625 0.38615841562500003 0.1430610125
3 0.1094268015625 0.819412625 0.10257280625000001 0.858283565625 0.11902722968749999 0.8611849234375001 0.125881225 0.8223139828124999 0.1094268015625 0.819412625
3 0.1350347984375 0.694712834375 0.1247632890625 0.7529654546875 0.13851431875 0.7553901328125 0.14878582812500002 0.6971375125 0.1350347984375 0.694712834375
3 0.15378588437500001 0.5849484171875 0.1462110296875 0.627907553125 0.1598801359375 0.6303177843750001 0.167454990625 0.58735865 0.15378588437500001 0.5849484171875
3 0.5996243375 0.74251331875 0.5648392515625 0.9397893453125 0.585056190625 0.9433541375000001 0.6198412765625 0.7460781109375 0.5996243375 0.74251331875
5 0.7569036062500001 0.10378045312499999 0.6071240265625 0.95322265625 0.7408249921875 0.9767977437500001 0.8906045703125001 0.127355540625 0.7569036062500001 0.10378045312499999
6 0.760363425 0.11151556562500001 0.6129711437500001 0.94741873125 0.6572436078125 0.9552251609375 0.8046358890624999 0.11932199531250001 0.760363425 0.11151556562500001
3 0.6476387578125 0.7850262140625001 0.6207189125 0.9376962437499999 0.73314966875 0.95752081875 0.7600695140625 0.8048507890625001 0.6476387578125 0.7850262140625001
5 1 0.1456764109375 0.9209054265625 0.131729903125 0.7708150328125 0.9829348296875 0.8675964203125 1 0.8788392343749999 1 1 0.312863146875 1 0.1456764109375
3 0.81387395 0.814047840625 0.787780028125 0.9620338265624999 0.8706314421875 0.9766427656250001 0.8967253640624999 0.82865678125 0.81387395 0.814047840625
6 0.9224390890624999 0.140174940625 0.7753517875 0.9743484859375 0.8208706187500001 0.982374684375 0.967957921875 0.14820113906250001 0.9224390890624999 0.140174940625
7 0.804955896875 0.690116440625 0.7547277968749999 0.9749741515625001 0.7694911359375001 0.9775773265625001 0.8197192359375001 0.692719615625 0.804955896875 0.690116440625
7 0.6423862859375 0.6574149234375 0.5923420484374999 0.9412298984374999 0.607415515625 0.9438877578125 0.657459753125 0.6600727828124999 0.6423862859375 0.6574149234375