2 0.1167469453125 0.002709253125 0.0889896859375 0.17796168437499998 0.2195312171875 0.19863743125 0.247288475 0.023385 0.1167469453125 0.002709253125
1 0.11960772187499999 0.818362690625 0.1332370015625 0.8196705453125 0.13646240781250002 0.795507878125 0.1228331296875 0.7942000234375 0.11960772187499999 0.818362690625
1 0.1391338640625 0.691281240625 0.14050007656250002 0.6940500593750001 0.1510635890625 0.6957231546875 0.153218546875 0.6935120343750001 0.1561810375 0.6710093484375 0.142551759375 0.6697014953125 0.1391338640625 0.691281240625
1 0.23960001874999998 0.5089545453125 0.25557674375 0.5106341984375 0.25959089375 0.48149159218750004 0.2443324890625 0.4790748984375 0.23960001874999998 0.5089545453125
1 0.21787915781249997 0.6460946578125 0.233855884375 0.647774309375 0.23773857656250003 0.61946169375 0.2223487140625 0.6178749890625 0.21787915781249997 0.6460946578125
1 0.18157560781249998 0.8639115015625001 0.1829418203125 0.8666803234374999 0.1964396421875 0.8688181671875 0.1985945984375 0.8666070453125 0.20247729374999998 0.8382944296874999 0.1860451640625 0.8356918359375 0.18157560781249998 0.8639115015625001
1 0.2599242984375 0.36923734218750004 0.2764878859375 0.3710099453125 0.2800982703125 0.3520131203125 0.280046634375 0.34094440000000004 0.2665488125 0.3388065546875 0.2643938546875 0.341017675 0.2599242984375 0.36923734218750004
1 0.29334077812500003 0.169648740625 0.307294003125 0.172709525 0.310035821875 0.1705913546875 0.3133316546875 0.1421857875 0.301139015625 0.139403853125 0.2972234734375 0.14133612499999998 0.29334077812500003 0.169648740625
1 0.23178280468749998 0.8735651640625001 0.2365152765625 0.8436855156249999 0.22125687031250002 0.8412688218750001 0.2162004515625 0.8693955390625 0.21756666406249997 0.872164359375 0.23178280468749998 0.8735651640625001
3 0.21225094218749999 0.6683359359375001 0.1870663078125 0.8273454593749999 0.20674965312500002 0.83046299375 0.23193428749999997 0.671453471875 0.21225094218749999 0.6683359359375001
3 0.2340556125 0.5382631734375 0.22307627968750002 0.6075839546874999 0.2417032703125 0.6105341796875 0.25268260468750003 0.5412133984375 0.2340556125 0.5382631734375
3 0.26081669375 0.3844933421875 0.246720503125 0.473493190625 0.26146247031250003 0.47582808906249996 0.2755586625 0.386828240625 0.26081669375 0.3844933421875
3 0.28691433593750004 0.2045453265625 0.2664608578125 0.333683503125 0.2886031515625 0.3371904984375 0.309056628125 0.20805232187499997 0.28691433593750004 0.2045453265625
3 0.316003625 0.0322775140625 0.3005586796875 0.1297930625 0.31854599375000003 0.1326419734375 0.3339909390625 0.035126425 0.316003625 0.0322775140625
3 0.2593323015625 0.5989518921875 0.22227573750000001 0.83291783125 0.2379977640625 0.8354079546875001 0.275054328125 0.6014420171875 0.2593323015625 0.5989518921875
3 0.1969726890625 0.567290084375 0.1480047578125 0.8764614343750001 0.16552845 0.8792369140625 0.21449638124999998 0.5700655640625001 0.1969726890625 0.567290084375
3 0.28837884375 0.7118606562500001 0.2600379140625 0.8907982437499999 0.28009098125 0.8939743375000001 0.3084319109375 0.71503675 0.28837884375 0.7118606562500001
1 0.37119802812499997 0.30858675468749996 0.3700947328125 0.3041579546875 0.355160271875 0.303494190625 0.3514090359375 0.3309768171875 0.3660805796875 0.3333005609375 0.37119802812499997 0.30858675468749996
1 0.3848790078125 0.21461196249999998 0.3792733046875 0.212022484375 0.3700760046875 0.213118209375 0.36645622499999997 0.23977084531249998 0.380672365625 0.2411716484375 0.3848790078125 0.21461196249999998
3 0.363523671875 0.248771646875 0.35578476718749996 0.29763316875 0.3695114625 0.29980726406249997 0.37725036875 0.2509457421875 0.363523671875 0.248771646875
3 0.379946309375 0.1451021859375 0.370115915625 0.207168853125 0.38711143125 0.209860678125 0.3969418265625 0.1477940109375 0.379946309375 0.1451021859375
3 0.11506080625 0.8261804187499999 0.108886246875 0.8651650578125001 0.1253888 0.8677788046874999 0.13156335937500002 0.828794165625 0.11506080625 0.8261804187499999
3 0.1384885921875 0.7010527 0.1292352953125 0.7594757109375 0.143026546875 0.76166003125 0.15227984375 0.7032370203125 0.1384885921875 0.7010527
3 0.15532116875 0.59097775 0.1484972078125 0.634062540625 0.162206296875 0.636233846875 0.1690302578125 0.5931490562499999 0.15532116875 0.59097775
3 0.6038416046874999 0.7407376984375 0.5725047578125 0.9385907625 0.5927808328124999 0.9418021765625 0.6241176796875 0.7439491140625 0.6038416046874999 0.7407376984375
5 0.74994949375 0.0993572125 0.6150175375 0.9512840562499999 0.74910958125 0.97252215 0.8840415374999999 0.12059530624999999 0.74994949375 0.0993572125
6 0.7535437828125 0.107030765625 0.620762471875 0.94537896875 0.6651644328125 0.9524115484375001 0.7979457437499999 0.1140633453125 0.7535437828125 0.107030765625
3 0.652590665625 0.7824061515625 0.6283393796875 0.93552274375 0.7410989984375 0.9533821140625 0.765350284375 0.8002655203125 0.652590665625 0.7824061515625
5 1 0.1379956515625 0.914414121875 0.12444018125 0.7792021609375 0.9781349031250001 0.8872023312499999 0.99524045 1 0.28306399843749996 1 0.1379956515625
3 0.8193070359375 0.8085221546874999 0.7957998 0.956941003125 0.8788935562500001 0.9701017609375 0.9024007921875 0.8216829125 0.8193070359375 0.8085221546874999
6 0.9160949374999999 0.132857165625 0.783588371875 0.9694706890625 0.829240346875 0.9767012515625 0.9617469125 0.140087728125 0.9160949374999999 0.132857165625
7 0.8082274390625 0.6847652703125 0.7629784421875 0.9704561984375 0.7777849640625 0.9728013203125 0.8230339624999999 0.68711039375 0.8082274390625 0.6847652703125
7 0.64511186875 0.654905965625 0.6000285078125 0.93955110625 0.6151460656250001 0.9419454921874999 0.6602294265624999 0.6573003515625 0.64511186875 0.654905965625