2 0.9312142859374999 0.0436720140625 0.7537773109375 0.0436720140625 0.7537773109375 0.1758407609375 0.9312142859374999 0.1758407609375 0.9312142859374999 0.0436720140625
1 0.1260504203125 0.1740938796875 0.12689075625 0.187759953125 0.15126050468750002 0.187165775 0.15042016875 0.17349970312500002 0.1260504203125 0.1740938796875
1 0.277310925 0.187165775 0.27647058750000003 0.17349970312500002 0.2546218484375 0.17349970312500002 0.252100840625 0.17528223437499998 0.252100840625 0.185977421875 0.2546218484375 0.187759953125 0.277310925 0.187165775
1 0.45042016875 0.24420677343750002 0.45126050468749995 0.2602495546875 0.48067226874999996 0.2596553765625 0.48067226874999996 0.24420677343750002 0.45042016875 0.24420677343750002
1 0.3115705875 0.24420677343750002 0.312410925 0.2602495546875 0.34098235312499997 0.2596553765625 0.3401420171875 0.24420677343750002 0.3115705875 0.24420677343750002
1 0.11932773125 0.2590612 0.11932773125 0.24242424218749997 0.090756303125 0.24242424218749997 0.08823529375 0.24420677343750002 0.08823529375 0.257872846875 0.090756303125 0.2596553765625 0.11932773125 0.2590612
1 0.622689075 0.24420677343750002 0.6201680671875 0.24242424218749997 0.5915966390625 0.24242424218749997 0.592436975 0.2590612 0.61176470625 0.2596553765625 0.622689075 0.257872846875 0.622689075 0.24420677343750002
1 0.8250478984375 0.247177659375 0.822526890625 0.24361259687499998 0.7939554625 0.24420677343750002 0.7931151265625 0.2584670234375 0.795636134375 0.26084373125 0.8242075625 0.2596553765625 0.8250478984375 0.247177659375
1 0.11932773125 0.278074865625 0.090756303125 0.2774806890625 0.08823529375 0.2792632203125 0.0890756296875 0.2935234703125 0.11932773125 0.2935234703125 0.11932773125 0.278074865625
3 0.2887226890625 0.242127153125 0.1277310921875 0.242127153125 0.1277310921875 0.262055853125 0.2887226890625 0.262055853125 0.2887226890625 0.242127153125
3 0.4206050421875 0.2433155078125 0.35042016875000004 0.2433155078125 0.35042016875000004 0.2621746875 0.4206050421875 0.2621746875 0.4206050421875 0.2433155078125
3 0.5766680671875 0.24569221562500002 0.4865588234375 0.24569221562500002 0.4865588234375 0.26061794374999997 0.5766680671875 0.26061794374999997 0.5766680671875 0.24569221562500002
3 0.75848319375 0.2433184796875 0.62773529375 0.2433184796875 0.62773529375 0.2657367796875 0.75848319375 0.2657367796875 0.75848319375 0.2433184796875
3 0.933180671875 0.24510100937499998 0.8344495796875 0.24510100937499998 0.8344495796875 0.2633125375 0.933180671875 0.2633125375 0.933180671875 0.24510100937499998
3 0.364617646875 0.27777480625 0.12773529374999998 0.27777480625 0.12773529374999998 0.2936928109375 0.364617646875 0.2936928109375 0.364617646875 0.27777480625
3 0.386134453125 0.211229946875 0.07310924375 0.211229946875 0.07310924375 0.22897207343749998 0.386134453125 0.22897207343749998 0.386134453125 0.211229946875
3 0.25764285781249996 0.324126559375 0.076474790625 0.324126559375 0.076474790625 0.344429590625 0.25764285781249996 0.344429590625 0.25764285781249996 0.324126559375
1 0.671428571875 0.3262032078125 0.6436974796875 0.3267973859375 0.6436974796875 0.3416518125 0.6689075625 0.342840165625 0.67310924375 0.3410576359375 0.671428571875 0.3262032078125
1 0.7630252093750001 0.3267973859375 0.736134453125 0.3273915625 0.7369747906249999 0.3416518125 0.763865546875 0.3416518125 0.7655462187500001 0.3357100421875 0.7630252093750001 0.3267973859375
3 0.7267857140625 0.3259031484375 0.6773151265624999 0.3259031484375 0.6773151265624999 0.33980095 0.7267857140625 0.33980095 0.7267857140625 0.3259031484375
3 0.8317478984375001 0.3259061203125 0.7689075625 0.3259061203125 0.7689075625 0.34311348750000004 0.8317478984375001 0.34311348750000004 0.8317478984375001 0.3259061203125
3 0.11761764687500001 0.17082590625 0.07814705937500001 0.17082590625 0.07814705937500001 0.187534165625 0.11761764687500001 0.187534165625 0.11761764687500001 0.17082590625
3 0.24486974843749998 0.17439096874999999 0.1857184875 0.17439096874999999 0.1857184875 0.1883541296875 0.24486974843749998 0.1883541296875 0.24486974843749998 0.17439096874999999
3 0.3562226890625 0.1737967921875 0.312600840625 0.1737967921875 0.312600840625 0.18767676718749998 0.3562226890625 0.18767676718749998 0.3562226890625 0.1737967921875
3 0.27847058750000003 0.6402228156249999 0.0781512609375 0.6402228156249999 0.0781512609375 0.6607516343750001 0.27847058750000003 0.6607516343750001 0.27847058750000003 0.6402228156249999
5 0.9348109250000001 0.6841978609375 0.07226470625 0.6841978609375 0.07226470625 0.8199613781249999 0.9348109250000001 0.8199613781249999 0.9348109250000001 0.6841978609375
6 0.9277941171874999 0.68894830625 0.0789957984375 0.68894830625 0.0789957984375 0.73390374375 0.9277941171874999 0.73390374375 0.9277941171874999 0.68894830625
3 0.24494117656249997 0.6948900765625 0.08991596562500001 0.6948900765625 0.08991596562500001 0.8090552578124999 0.24494117656249997 0.8090552578124999 0.24494117656249997 0.6948900765625
5 0.93576470625 0.850561496875 0.071428571875 0.850561496875 0.071428571875 0.959907903125 0.93576470625 0.959907903125 0.93576470625 0.850561496875
3 0.245226890625 0.863639334375 0.0949579828125 0.863639334375 0.0949579828125 0.9477688656250001 0.245226890625 0.9477688656250001 0.245226890625 0.863639334375
6 0.9277142859374999 0.853538325 0.08067226875 0.853538325 0.08067226875 0.8997593578125 0.9277142859374999 0.8997593578125 0.9277142859374999 0.853538325
7 0.365726890625 0.8333363046875 0.076474790625 0.8333363046875 0.076474790625 0.8483273921875 0.365726890625 0.8483273921875 0.365726890625 0.8333363046875
7 0.36970168124999997 0.6675579328125 0.08150840312499999 0.6675579328125 0.08150840312499999 0.6828639328125 0.36970168124999997 0.6828639328125 0.36970168124999997 0.6675579328125