3 0.405882353125 0.2162804515625 0.37478991562499997 0.21687462812499997 0.3764705875 0.231134878125 0.3840336140625 0.2323232328125 0.40672268906250003 0.2305407015625 0.405882353125 0.2162804515625
3 0.525210084375 0.21687462812499997 0.5260504203124999 0.231134878125 0.5579831937499999 0.231134878125 0.5579831937499999 0.2162804515625 0.525210084375 0.21687462812499997
3 0.68487395 0.2162804515625 0.6857142859375001 0.231134878125 0.7176470593750001 0.231134878125 0.7168067234375 0.215686275 0.68487395 0.2162804515625
3 0.373428571875 0.21478015468749997 0.316789915625 0.21478015468749997 0.316789915625 0.23393048125 0.373428571875 0.23393048125 0.373428571875 0.21478015468749997
3 0.5249243703124999 0.21645276249999998 0.453462184375 0.21645276249999998 0.453462184375 0.23262626250000001 0.5249243703124999 0.23262626250000001 0.5249243703124999 0.21645276249999998
3 0.6848109250000001 0.2170112890625 0.6027689078125 0.2170112890625 0.6027689078125 0.2316874625 0.6848109250000001 0.2316874625 0.6848109250000001 0.2170112890625
3 0.7966386546875001 0.14141414218749998 0.7974789921875 0.157456921875 0.8277310921875 0.157456921875 0.8277310921875 0.1408199640625 0.7966386546875001 0.14141414218749998
3 0.9445378156249999 0.14379085 0.9420168062500001 0.1408199640625 0.913445378125 0.1408199640625 0.91176470625 0.155674390625 0.9142857140625 0.157456921875 0.9436974796875001 0.15626856875 0.9445378156249999 0.14379085
3 0.7916386546874999 0.1421628046875 0.74654621875 0.1421628046875 0.74654621875 0.158360071875 0.7916386546874999 0.158360071875 0.7916386546874999 0.1421628046875
3 0.90851680625 0.14272133125 0.842928571875 0.14272133125 0.842928571875 0.157872846875 0.90851680625 0.157872846875 0.90851680625 0.14272133125
5 0.934710084375 0.5030065359375 0.1279789921875 0.5030065359375 0.1279789921875 0.68032085625 0.934710084375 0.68032085625 0.934710084375 0.5030065359375
6 0.8737394953125 0.5072370765625 0.1340420171875 0.5072370765625 0.1340420171875 0.5236720140625 0.8737394953125 0.5236720140625 0.8737394953125 0.5072370765625
7 0.5403697484375 0.4795454546875 0.1398319328125 0.4795454546875 0.1398319328125 0.49423945312499995 0.5403697484375 0.49423945312499995 0.5403697484375 0.4795454546875
7 0.684474790625 0.6839898984375 0.1374579828125 0.6839898984375 0.1374579828125 0.6978520500000001 0.684474790625 0.6978520500000001 0.684474790625 0.6839898984375
5 0.9300882359375 0.703538325 0.07189495781250001 0.703538325 0.07189495781250001 0.8698663109375 0.9300882359375 0.8698663109375 0.9300882359375 0.703538325
6 0.921415965625 0.7080065359375001 0.112180671875 0.7080065359375001 0.112180671875 0.766170528125 0.921415965625 0.766170528125 0.921415965625 0.7080065359375001
3 0.302936975 0.16787878750000002 0.1414495796875 0.16787878750000002 0.1414495796875 0.18222222187499998 0.302936975 0.18222222187499998 0.302936975 0.16787878750000002
3 0.2618949578125 0.21609625625 0.14094537812500002 0.21609625625 0.14094537812500002 0.231699346875 0.2618949578125 0.231699346875 0.2618949578125 0.21609625625
3 0.1811428578125 0.24110516875000002 0.1399327734375 0.24110516875000002 0.1399327734375 0.25487819375 0.1811428578125 0.25487819375 0.1811428578125 0.24110516875000002
3 0.386537815625 0.24181818124999999 0.3056302515625 0.24181818124999999 0.3056302515625 0.2561853828125 0.386537815625 0.2561853828125 0.386537815625 0.24181818124999999
3 0.2750210078125 0.2671746875 0.1414495796875 0.2671746875 0.1414495796875 0.28035947656250004 0.2750210078125 0.28035947656250004 0.2750210078125 0.2671746875
3 0.30142016875 0.28754010625 0.1429663859375 0.28754010625 0.1429663859375 0.30157456875 0.30142016875 0.30157456875 0.30142016875 0.28754010625
3 0.3615966390625 0.31039512812500003 0.1389243703125 0.31039512812500003 0.1389243703125 0.323057040625 0.3615966390625 0.323057040625 0.3615966390625 0.31039512812500003
1 0.796875 0.1421875 0.80625 0.140625 0.828125 0.1421875 0.8296875 0.1484375 0.828125 0.1578125 0.7984375 0.1578125 0.7953125 0.1546875 0.796875 0.14375
1 0.94375 0.1421875 0.9453125 0.1546875 0.9421875 0.1578125 0.9109375 0.15625 0.9125 0.1421875 0.9421875 0.1421875
1 0.375 0.2171875 0.4078125 0.2171875 0.40625 0.23125 0.3765625 0.23125 0.375 0.21875
1 0.5265625 0.2171875 0.559375 0.2171875 0.5578125 0.23125 0.5265625 0.23125 0.5265625 0.21875
1 0.7171875 0.215625 0.71875 0.2171875 0.7171875 0.23125 0.6859375 0.23125 0.684375 0.2296875 0.6859375 0.215625 0.715625 0.215625
1 0.4453125 0.30625 0.446875 0.3078125 0.4453125 0.321875 0.4125 0.321875 0.4140625 0.30625 0.44375 0.30625
1 0.56875 0.3078125 0.5703125 0.3234375 0.5671875 0.325 0.5375 0.321875 0.5375 0.3109375 0.540625 0.3078125 0.5671875 0.3078125