3 0.21142978750000002 0.54273508125 0.215580359375 0.520357765625 0.20158852187499998 0.51747864375 0.1941151375 0.547665415625 0.2083244703125 0.5497328359375 0.21142978750000002 0.54273508125
3 0.233046740625 0.402370690625 0.2470385796875 0.4052498125 0.2553033890625 0.374405121875 0.240955115625 0.3705605125 0.233046740625 0.402370690625
3 0.273796859375 0.2479934546875 0.28836262968750004 0.25102636093749997 0.2966274390625 0.2201816703125 0.2814877390625 0.2169949796875 0.273796859375 0.2479934546875
3 0.1917396890625 0.5484382828125 0.1770805265625 0.6031470234375 0.195578321875 0.6081034937500001 0.21023748437499998 0.553394753125 0.1917396890625 0.5484382828125
3 0.2325653015625 0.40253748125 0.21406952656249997 0.471564653125 0.229691928125 0.47575066250000003 0.248187703125 0.40672349218750004 0.2325653015625 0.40253748125
3 0.2744864828125 0.2482434859375 0.25325244687500004 0.327489990625 0.267428540625 0.3312884625 0.28866257812499996 0.25204195937499996 0.2744864828125 0.2482434859375
3 0.23040839218750003 0.1206602125 0.24612202343749998 0.1240006859375 0.2539518421875 0.0947794015625 0.23788177500000002 0.090473440625 0.23040839218750003 0.1206602125
3 0.2621240609375 0 0.260066265625 0.007679796875 0.27397955 0.0131478109375 0.27635382656249996 0.01117405625 0.278869196875 0 0.2621240609375 0
3 0.22983745 0.1256836109375 0.21816666875 0.169239559375 0.23381202656250002 0.1734317203125 0.24548280781249998 0.129875771875 0.22983745 0.1256836109375
3 0.26062723593750003 0.012932542187500002 0.2436517515625 0.0762859125 0.2582869921875 0.08020741249999999 0.27526247656249997 0.01685404375 0.26062723593750003 0.012932542187500002
5 0.6154153390625 0.0808804515625 0.40661796875 0.8601228484375 0.57789045 0.9060151718749999 0.7866878203125001 0.126772775 0.6154153390625 0.0808804515625
6 0.603721378125 0.1408684625 0.41227358281250004 0.8553613609375 0.4281485140625 0.8596150343750001 0.619596309375 0.1451221375 0.603721378125 0.1408684625
7 0.4906908859375 0.4557117921875 0.387024071875 0.8426016125 0.40121738437500004 0.8464046984375001 0.5048841984375 0.45951487812499997 0.4906908859375 0.4557117921875
7 0.725466184375 0.369431125 0.583887815625 0.8978087875 0.5972776265624999 0.9013965765625 0.73885599375 0.3730189140625 0.725466184375 0.369431125
5 0.7489391859375 1 0.9685784484375001 0.1802951109375 0.8079179515625 0.1372462609375 0.5858011859375 0.9661973109374999 0.7119545375 1 0.7489391859375 1
6 0.8099893625 0.1467794875 0.6005438562500001 0.9284407578125 0.656725959375 0.9434947062499999 0.866171465625 0.1618334375 0.8099893625 0.1467794875
3 0.1281918796875 0.6043889703125 0.086395865625 0.7603738156250001 0.100250559375 0.7640861703125 0.1420465734375 0.6081013234375 0.1281918796875 0.6043889703125
3 0.164143921875 0.6565121140625 0.13283986718750002 0.7733404359375 0.1479112953125 0.7773788140625 0.17921535 0.660550490625 0.164143921875 0.6565121140625
3 0.1674004953125 0.7409854359375 0.156734540625 0.7807913203125 0.17003826093750002 0.7843560421875 0.180704215625 0.74455015625 0.1674004953125 0.7409854359375
3 0.22124933906250002 0.5427736828125 0.2003089203125 0.6209243875 0.214186571875 0.62464289375 0.23512699062500003 0.5464921875 0.22124933906250002 0.5427736828125
3 0.2168791703125 0.6570533937499999 0.182308340625 0.7860734859375 0.19504386875 0.7894859609375 0.2296146984375 0.66046586875 0.2168791703125 0.6570533937499999
3 0.243383259375 0.6368247203124999 0.202372403125 0.789879321875 0.2159286515625 0.7935117078125 0.256939509375 0.64045710625 0.243383259375 0.6368247203124999
3 0.28103433125 0.5846140281250001 0.2234025078125 0.7996989234375 0.23563297656249999 0.8029760687499999 0.2932648 0.5878911734375001 0.28103433125 0.5846140281250001
1 0.240625 0.090625 0.2421875 0.0921875 0.246875 0.090625 0.2546875 0.0953125 0.2484375 0.1234375 0.2421875 0.1265625 0.2328125 0.121875 0.234375 0.1140625 0.2328125 0.109375 0.2390625 0.096875 0.2390625 0.0921875
1 0.2640625 0 0.28125 0 0.278125 0.0125 0.275 0.0140625 0.2625 0.0109375 0.2640625 0.0015625
1 0.203125 0.5171875 0.2140625 0.51875 0.2171875 0.521875 0.2109375 0.546875 0.2078125 0.5515625 0.2046875 0.5515625 0.1953125 0.5484375 0.203125 0.51875
1 0.2421875 0.3703125 0.2515625 0.371875 0.25625 0.375 0.2484375 0.4046875 0.2421875 0.4046875 0.234375 0.4015625 0.2421875 0.371875
1 0.284375 0.215625 0.296875 0.2203125 0.2890625 0.2515625 0.2859375 0.253125 0.275 0.25 0.275 0.2421875 0.2828125 0.2171875
1 0.30625 0.503125 0.3140625 0.50625 0.3140625 0.5125 0.30625 0.5390625 0.2921875 0.5359375 0.2921875 0.528125 0.2984375 0.5046875 0.3046875 0.503125
1 0.3328125 0.384375 0.340625 0.384375 0.3484375 0.3875 0.3484375 0.3953125 0.3453125 0.396875 0.340625 0.4171875 0.3375 0.41875 0.3265625 0.4140625 0.3265625 0.40625 0.3328125 0.3859375