3 0.7600524562500001 0.66795910625 0.765503246875 0.6373424187500001 0.751550021875 0.634281634375 0.7462400828125 0.6564125187500001 0.7462306890625 0.66406833125 0.7600524562500001 0.66795910625
3 0.789297059375 0.487114190625 0.774625515625 0.48479044687500006 0.7696301296875 0.516330075 0.7835833546875001 0.519390859375 0.789297059375 0.487114190625
3 0.8147293953125001 0.3303389921875 0.799602446875 0.327092309375 0.7946070609375 0.3586319359375 0.8091471468749999 0.36178567031250003 0.8147293953125001 0.3303389921875
3 0.742993628125 0.6666355671875 0.734133390625 0.7225769078125001 0.7530479437500001 0.725572678125 0.7619081828125001 0.6696313375 0.742993628125 0.6666355671875
3 0.767980953125 0.5172089578125 0.7568018046875 0.587791325 0.7727761828124999 0.59032141875 0.7839553312499999 0.51973905 0.767980953125 0.5172089578125
3 0.7939199625 0.3594377328125 0.7810857640625 0.4404696765625 0.79558125 0.44276553593749995 0.8084154484375 0.3617335921875 0.7939199625 0.3594377328125
3 0.9060263718750001 0.23249195781249998 0.8895942421875 0.2298893640625 0.884861771875 0.2597690109375 0.9005755796875 0.263108646875 0.9060263718750001 0.23249195781249998
3 0.90450058125 0.14716919374999998 0.919435040625 0.1478329578125 0.923904596875 0.119613290625 0.9213646593749999 0.1166585703125 0.9089091046875 0.11553661562499999 0.90313436875 0.1444003734375 0.90450058125 0.14716919374999998
3 0.8830561109374999 0.2653961609375 0.8760021 0.309933434375 0.8919999515624999 0.31246724531250003 0.8990539625 0.267929971875 0.8830561109374999 0.2653961609375
3 0.9018211078125 0.1500331921875 0.8915608484374999 0.21481392656249998 0.9065258234375 0.2171841453125 0.9167860828125001 0.1524034109375 0.9018211078125 0.1500331921875
5 0.3899028328125 0.042433521875000005 0.2637022859375 0.839232415625 0.43883357187499994 0.8669704859375 0.56503411875 0.07017159218749999 0.3899028328125 0.042433521875000005
6 0.535085165625 0.1271587390625 0.4193709859375 0.8577493140625 0.4356035828125 0.8603203046875001 0.5513177625 0.12972972968750002 0.535085165625 0.1271587390625
7 0.5120048453125 0.46102841874999995 0.4493469265625 0.8566349484375 0.4638600171875 0.8589335968749999 0.5265179359375 0.463327065625 0.5120048453125 0.46102841874999995
7 0.3334420515625 0.2868455203125 0.2478697703125 0.8271276437499999 0.26156125625 0.8292961625 0.3471335375 0.2890140390625 0.3334420515625 0.2868455203125
5 0.20196797968750002 0.017347025 0.06771697343750001 0.8649745203125001 0.2319971859375 0.89099395 0.3662481921875 0.0433664546875 0.20196797968750002 0.017347025
6 0.303030453125 0.0421341203125 0.17643816406249999 0.841406384375 0.23388606093750003 0.8505052375 0.36047835156249997 0.051232973437499996 0.303030453125 0.0421341203125
3 0.7830379578125 0.7443482484375 0.7577757625 0.903847465625 0.77194260625 0.9060912734375 0.7972048 0.74659205625 0.7830379578125 0.7443482484375
3 0.7277495921875 0.77714504375 0.708828909375 0.8966055328125 0.7242398999999999 0.89904639375 0.7431605828125 0.7795859046875 0.7277495921875 0.77714504375
3 0.692223703125 0.8532769796874999 0.6857770265625 0.8939797 0.6993804828125 0.8961342765625 0.705827159375 0.8554315562499999 0.692223703125 0.8532769796874999
3 0.7230634578124999 0.6502062859375 0.7104067265625 0.7301177437499999 0.72459704375 0.73236526875 0.7372537765625 0.6524538109375 0.7230634578124999 0.6502062859375
3 0.681741915625 0.756568475 0.660846740625 0.8884954171875 0.673869203125 0.8905579734375 0.694764378125 0.75863103125 0.681741915625 0.756568475
3 0.6649177546875 0.7271755609375 0.640130121875 0.8836785140625001 0.653991796875 0.8858739874999999 0.6787794296875 0.729371034375 0.6649177546875 0.7271755609375
3 0.6531134421875 0.6643793625 0.618279825 0.8843101671875001 0.6307858484375 0.8862909265625 0.6656194656250001 0.666360121875 0.6531134421875 0.6643793625
1 0.8890625 0.228125 0.8953125 0.2265625 0.9 0.2296875 0.9046875 0.2296875 0.903125 0.2375 0.9046875 0.246875 0.9 0.2609375 0.896875 0.2625 0.8875 0.2609375 0.884375 0.25625 0.8890625 0.2296875
1 0.9203125 0.1140625 0.9234375 0.115625 0.9234375 0.11875 0.91875 0.146875 0.915625 0.1484375 0.9046875 0.146875 0.903125 0.1375 0.9078125 0.115625 0.9109375 0.1125 0.91875 0.1140625
1 0.75546875 0.65078125 0.0203125 0.0359375
1 0.7703125 0.5140625 0.775 0.4828125 0.7859375 0.4828125 0.7890625 0.484375 0.7890625 0.4875 0.784375 0.515625 0.771875 0.5140625
1 0.8140625 0.3265625 0.815625 0.3296875 0.8109375 0.35 0.8109375 0.359375 0.8078125 0.3609375 0.796875 0.359375 0.7953125 0.3484375 0.8 0.3265625 0.8015625 0.325 0.8125 0.3265625
1 0.678125 0.5796875 0.6828125 0.5828125 0.678125 0.6140625 0.6625 0.6125 0.6671875 0.58125 0.6765625 0.5796875
1 0.696875 0.4578125 0.7015625 0.4609375 0.696875 0.4875 0.69375 0.490625 0.68125 0.4890625 0.68125 0.4796875 0.684375 0.46875 0.6828125 0.459375 0.6859375 0.45625 0.6953125 0.4578125